'158',400,82500,4,'',0,9400,4,'',0,10000,4,'',0,10100,4,'',0,10400,4,'',0,9800,4,'',0,10000,4,'',0,10000,4,'',0,9900,4,'',0,9900,4,'',0,9800,4,'',0,9900,4,'',0,10400,4,'',0,9900,4,'',0
'158',401,82700,,'',0,10000,,'',0,10000,,'',0,10300,,'',0,9700,,'',0,10000,,'',0,10000,,'',0,10000,,'',0,10000,,'',0,9800,,'',0,10000,,'',0,10600,,'',0,10000,,'',0,10000,,'',0
'159',400,64700,4,'',0,6200,4,'',0,1800,4,'',0,500,4,'',0,900,4,'',0,1400,4,'',0,5900,4,'',0,1600,4,'',0,1500,4,'',0,5900,4,'',0,2000,4,'',0,3300,4,'',0,7300,4,'',0,7400,4,'',0,3300,4,'',0,7200,4,'',0,3300,4,'',0,7300,4,'',0,3300,4,'',0,7500,4,'',0,3500,4,'',0,5400,4,'',0,1600,4,'',0,1200,4,'',0,200,4,'',0,1100,4,'',0,5300,4,'',0,1300,4,'',0,1400,4,'',0,1400,4,'',0,5400,4,'',0,1400,4,'',0,1200,4,'',0,1400,4,'',0,1000,4,'',0,5500,4,'',0,1500,4,'',0,2800,4,'',0,6700,4,'',0,3000,4,'',0,6900,4,'',0,10000,4,'',0,9900,4,'',0,9700,4,'',0
'159',401,64000,,'',0,800,,'',0,7000,,'',0,1600,,'',0,1600,,'',0,6000,,'',0,2000,,'',0,7300,,'',0,3300,,'',0,7300,,'',0,3300,,'',0,7300,,'',0,3300,,'',0,7300,,'',0,3300,,'',0,7300,,'',0,7300,,'',0,1400,,'',0,1400,,'',0,1200,,'',0,1500,,'',0,5500,,'',0,1400,,'',0,1400,,'',0,1400,,'',0,5400,,'',0,1400,,'',0,1400,,'',0,1400,,'',0,1000,,'',0,5500,,'',0,1500,,'',0,3000,,'',0,6900,,'',0,3100,,'',0,7000,,'',0,10000,,'',0,10000,,'',0,10000,,'',0,10000,,'',0
'160',400,64700,4,'',0,6200,4,'',0,1800,4,'',0,500,4,'',0,900,4,'',0,1400,4,'',0,5900,4,'',0,1600,4,'',0,1500,4,'',0,5900,4,'',0,2000,4,'',0,3300,4,'',0,7300,4,'',0,7400,4,'',0,3300,4,'',0,7200,4,'',0,3300,4,'',0,7300,4,'',0,3300,4,'',0,7500,4,'',0,3500,4,'',0,5400,4,'',0,1600,4,'',0,1200,4,'',0,200,4,'',0,1100,4,'',0,5300,4,'',0,1300,4,'',0,1400,4,'',0,1400,4,'',0,5400,4,'',0,1400,4,'',0,1200,4,'',0,1400,4,'',0,1000,4,'',0,5500,4,'',0,1500,4,'',0,2800,4,'',0,6700,4,'',0,3000,4,'',0,6900,4,'',0,10000,4,'',0,9900,4,'',0,9700,4,'',0
'160',401,64000,,'',0,800,,'',0,7000,,'',0,1600,,'',0,1600,,'',0,6000,,'',0,2000,,'',0,7300,,'',0,3300,,'',0,7300,,'',0,3300,,'',0,7300,,'',0,3300,,'',0,7300,,'',0,3300,,'',0,7300,,'',0,7300,,'',0,1400,,'',0,1400,,'',0,1200,,'',0,1500,,'',0,5500,,'',0,1400,,'',0,1400,,'',0,1400,,'',0,5400,,'',0,1400,,'',0,1400,,'',0,1400,,'',0,1000,,'',0,5500,,'',0,1500,,'',0,3000,,'',0,6900,,'',0,3100,,'',0,7000,,'',0,10000,,'',0,10000,,'',0,10000,,'',0,10000,,'',0
'161',400,64700,4,'',0,6200,4,'',0,1800,4,'',0,500,4,'',0,900,4,'',0,1400,4,'',0,5900,4,'',0,1600,4,'',0,1500,4,'',0,5900,4,'',0,2000,4,'',0,3300,4,'',0,7300,4,'',0,7400,4,'',0,3300,4,'',0,7200,4,'',0,3300,4,'',0,7300,4,'',0,3300,4,'',0,7500,4,'',0,3500,4,'',0,5400,4,'',0,1600,4,'',0,1200,4,'',0,200,4,'',0,1100,4,'',0,5300,4,'',0,1300,4,'',0,1400,4,'',0,1400,4,'',0,5400,4,'',0,1400,4,'',0,1200,4,'',0,1400,4,'',0,1000,4,'',0,5500,4,'',0,1500,4,'',0,2800,4,'',0,6700,4,'',0,3000,4,'',0,6900,4,'',0,10000,4,'',0,9900,4,'',0,9700,4,'',0
'161',401,64000,,'',0,800,,'',0,7000,,'',0,1600,,'',0,1600,,'',0,6000,,'',0,2000,,'',0,7300,,'',0,3300,,'',0,7300,,'',0,3300,,'',0,7300,,'',0,3300,,'',0,7300,,'',0,3300,,'',0,7300,,'',0,7300,,'',0,1400,,'',0,1400,,'',0,1200,,'',0,1500,,'',0,5500,,'',0,1400,,'',0,1400,,'',0,1400,,'',0,5400,,'',0,1400,,'',0,1400,,'',0,1400,,'',0,1000,,'',0,5500,,'',0,1500,,'',0,3000,,'',0,6900,,'',0,3100,,'',0,7000,,'',0,10000,,'',0,10000,,'',0,10000,,'',0,10000,,'',0
'162',400,64700,4,'',0,6200,4,'',0,1800,4,'',0,500,4,'',0,900,4,'',0,1400,4,'',0,5900,4,'',0,1600,4,'',0,1500,4,'',0,5900,4,'',0,2000,4,'',0,3300,4,'',0,7300,4,'',0,7400,4,'',0,3300,4,'',0,7200,4,'',0,3300,4,'',0,7300,4,'',0,3300,4,'',0,7500,4,'',0,3500,4,'',0,5400,4,'',0,1600,4,'',0,1200,4,'',0,200,4,'',0,1100,4,'',0,5300,4,'',0,1300,4,'',0,1400,4,'',0,1400,4,'',0,5400,4,'',0,1400,4,'',0,1200,4,'',0,1400,4,'',0,1000,4,'',0,5500,4,'',0,1500,4,'',0,2800,4,'',0,6700,4,'',0,3000,4,'',0,6900,4,'',0,10000,4,'',0,9900,4,'',0,9700,4,'',0
'162',401,64000,,'',0,800,,'',0,7000,,'',0,1600,,'',0,1600,,'',0,6000,,'',0,2000,,'',0,7300,,'',0,3300,,'',0,7300,,'',0,3300,,'',0,7300,,'',0,3300,,'',0,7300,,'',0,3300,,'',0,7300,,'',0,7300,,'',0,1400,,'',0,1400,,'',0,1200,,'',0,1500,,'',0,5500,,'',0,1400,,'',0,1400,,'',0,1400,,'',0,5400,,'',0,1400,,'',0,1400,,'',0,1400,,'',0,1000,,'',0,5500,,'',0,1500,,'',0,3000,,'',0,6900,,'',0,3100,,'',0,7000,,'',0,10000,,'',0,10000,,'',0,10000,,'',0,10000,,'',0
'163',400,64700,4,'',0,6200,4,'',0,1800,4,'',0,500,4,'',0,900,4,'',0,1400,4,'',0,5900,4,'',0,1600,4,'',0,1500,4,'',0,5900,4,'',0,2000,4,'',0,3300,4,'',0,7300,4,'',0,7400,4,'',0,3300,4,'',0,7200,4,'',0,3300,4,'',0,7300,4,'',0,3300,4,'',0,7500,4,'',0,3500,4,'',0,5400,4,'',0,1600,4,'',0,1200,4,'',0,200,4,'',0,1100,4,'',0,5300,4,'',0,1300,4,'',0,1400,4,'',0,1400,4,'',0,5400,4,'',0,1400,4,'',0,1200,4,'',0,1400,4,'',0,1000,4,'',0,5500,4,'',0,1500,4,'',0,2800,4,'',0,6700,4,'',0,3000,4,'',0,6900,4,'',0,10000,4,'',0,9900,4,'',0,9700,4,'',0
'163',401,64000,,'',0,800,,'',0,7000,,'',0,1600,,'',0,1600,,'',0,6000,,'',0,2000,,'',0,7300,,'',0,3300,,'',0,7300,,'',0,3300,,'',0,7300,,'',0,3300,,'',0,7300,,'',0,3300,,'',0,7300,,'',0,7300,,'',0,1400,,'',0,1400,,'',0,1200,,'',0,1500,,'',0,5500,,'',0,1400,,'',0,1400,,'',0,1400,,'',0,5400,,'',0,1400,,'',0,1400,,'',0,1400,,'',0,1000,,'',0,5500,,'',0,1500,,'',0,3000,,'',0,6900,,'',0,3100,,'',0,7000,,'',0,10000,,'',0,10000,,'',0,10000,,'',0,10000,,'',0
'164',400,73800,4,'',0,7000,4,'',0,3600,4,'',0,7700,4,'',0,3000,4,'',0,7000,4,'',0,3100,4,'',0,7000,4,'',0,3100,4,'',0,7000,4,'',0,3000,4,'',0,7000,4,'',0,3000,4,'',0,6700,4,'',0,3000,4,'',0,7200,4,'',0,3000,4,'',0,7000,4,'',0,3200,4,'',0,7000,4,'',0,3000,4,'',0,6900,4,'',0,3300,4,'',0,6500,4,'',0,8400,4,'',0,10400,4,'',0,10300,4,'',0,10200,4,'',0,10000,4,'',0
'164',401,83000,,'',0,7000,,'',0,3000,,'',0,7000,,'',0,3000,,'',0,7000,,'',0,3000,,'',0,7000,,'',0,3000,,'',0,7000,,'',0,2600,,'',0,3000,,'',0,7200,,'',0,3000,,'',0,7000,,'',0,7200,,'',0,3000,,'',0,7000,,'',0,3000,,'',0,7500,,'',0,2500,,'',0,8500,,'',0,10500,,'',0,10500,,'',0,10500,,'',0,10000,,'',0
'165',400,82500,4,'',0,9400,4,'',0,10000,4,'',0,10100,4,'',0,10400,4,'',0,9800,4,'',0,10000,4,'',0,10000,4,'',0,9900,4,'',0,9900,4,'',0,9800,4,'',0,9900,4,'',0,10400,4,'',0,9900,4,'',0
'165',401,82700,,'',0,10000,,'',0,10000,,'',0,10300,,'',0,9700,,'',0,10000,,'',0,10000,,'',0,10000,,'',0,10000,,'',0,9800,,'',0,10000,,'',0,10600,,'',0,10000,,'',0,10000,,'',0
'166',400,73800,4,'',0,7000,4,'',0,3600,4,'',0,7700,4,'',0,3000,4,'',0,7000,4,'',0,3100,4,'',0,7000,4,'',0,3100,4,'',0,7000,4,'',0,3000,4,'',0,7000,4,'',0,3000,4,'',0,6700,4,'',0,3000,4,'',0,7200,4,'',0,3000,4,'',0,7000,4,'',0,3200,4,'',0,7000,4,'',0,3000,4,'',0,6900,4,'',0,3300,4,'',0,6500,4,'',0,8400,4,'',0,10400,4,'',0,10300,4,'',0,10200,4,'',0,10000,4,'',0
'166',401,83000,,'',0,7000,,'',0,3000,,'',0,7000,,'',0,3000,,'',0,7000,,'',0,3000,,'',0,7000,,'',0,3000,,'',0,7000,,'',0,2600,,'',0,3000,,'',0,7200,,'',0,3000,,'',0,7000,,'',0,7200,,'',0,3000,,'',0,7000,,'',0,3000,,'',0,7500,,'',0,2500,,'',0,8500,,'',0,10500,,'',0,10500,,'',0,10500,,'',0,10000,,'',0
'159',59601,151600,4,'',0
'160',59601,151600,4,'',0
'161',59601,151600,4,'',0
'162',59601,151600,4,'',0
'163',59601,151600,4,'',0
