'2665',300,75700,,'',0,9300,,'',0,10000,,'',0,10000,,'',0,10400,,'',0,9800,,'',0,10000,,'',0,10000,,'',0,10000,,'',0,10000,,'',0,9800,,'',0,10000,,'',0,10500,,'',0,10000,,'',0,9900,0,'North Shr Exch',0
'2665',301,85000,4,'',0,10000,4,'',0,10000,4,'',0,10400,4,'',0,9800,4,'',0,10000,4,'',0,10000,4,'',0,10000,4,'',0,10000,4,'',0,9800,4,'',0,10000,4,'',0,10500,4,'',0,10000,4,'',0,9900,4,'',0
'2666',300,62000,,'',0,2200,,'',0,6200,,'',0,800,,'',0,1300,,'',0,1900,,'',0,5600,,'',0,1600,,'',0,2000,,'',0,2000,,'',0,7300,,'',0,7300,,'',0,3300,,'',0,7300,,'',0,3300,,'',0,7300,,'',0,3300,,'',0,7300,,'',0,3500,,'',0,7300,,'',0,1500,,'',0,1300,,'',0,5200,,'',0,200,,'',0,1300,,'',0,1500,,'',0,1400,,'',0,5400,,'',0,1400,,'',0,1400,,'',0,1400,,'',0,5200,,'',0,1400,,'',0,1000,,'',0,1500,,'',0,1500,,'',0,6900,,'',0,2900,,'',0,7000,,'',0,2900,,'',0,10000,,'',0,10000,,'',0,9800,,'',0,10000,0,'North Shr Exch',0
'2666',301,62000,4,'',0,2200,4,'',0,6200,4,'',0,800,4,'',0,1300,4,'',0,1900,4,'',0,5600,4,'',0,1600,4,'',0,2000,4,'',0,2000,4,'',0,7300,4,'',0,7300,4,'',0,3300,4,'',0,7300,4,'',0,3300,4,'',0,7300,4,'',0,3300,4,'',0,7300,4,'',0,3500,4,'',0,7300,4,'',0,1500,4,'',0,1300,4,'',0,5200,4,'',0,1500,4,'',0,1500,4,'',0,1400,4,'',0,5400,4,'',0,1400,4,'',0,1400,4,'',0,1400,4,'',0,5200,4,'',0,1400,4,'',0,1000,4,'',0,1500,4,'',0,1500,4,'',0,6900,4,'',0,2900,4,'',0,7000,4,'',0,2900,4,'',0,10000,4,'',0,10000,4,'',0,9800,4,'',0,10000,4,'',0
'2683',300,71000,,'',0,3000,,'',0,7600,,'',0,3700,,'',0,7000,,'',0,3000,,'',0,7000,,'',0,3000,,'',0,7100,,'',0,3000,,'',0,7000,,'',0,3000,,'',0,7000,,'',0,2700,,'',0,7000,,'',0,3200,,'',0,7000,,'',0,3000,,'',0,7200,,'',0,3000,,'',0,7000,,'',0,2900,,'',0,7400,,'',0,2500,,'',0,8500,,'',0,10500,,'',0,10400,,'',0,10400,,'',0,10000,,'',0
'2683',301,71000,4,'',0,3000,4,'',0,7600,4,'',0,3700,4,'',0,7000,4,'',0,3000,4,'',0,7000,4,'',0,3000,4,'',0,7100,4,'',0,3000,4,'',0,7000,4,'',0,3000,4,'',0,7000,4,'',0,2700,4,'',0,7000,4,'',0,3200,4,'',0,7000,4,'',0,3000,4,'',0,7200,4,'',0,3000,4,'',0,7000,4,'',0,2900,4,'',0,7400,4,'',0,2500,4,'',0,8500,4,'',0,10500,4,'',0,10400,4,'',0,10400,4,'',0,10000,4,'',0
'2684',300,71000,,'',0,3000,,'',0,7600,,'',0,3700,,'',0,7000,,'',0,3000,,'',0,7000,,'',0,3000,,'',0,7100,,'',0,3000,,'',0,7000,,'',0,3000,,'',0,7000,,'',0,2700,,'',0,7000,,'',0,3200,,'',0,7000,,'',0,3000,,'',0,7200,,'',0,3000,,'',0,7000,,'',0,2900,,'',0,7400,,'',0,2500,,'',0,8500,,'',0,10500,,'',0,10400,,'',0,10400,,'',0,10000,,'',0
'2684',301,71000,4,'',0,3000,4,'',0,7600,4,'',0,3700,4,'',0,7000,4,'',0,3000,4,'',0,7000,4,'',0,3000,4,'',0,7100,4,'',0,3000,4,'',0,7000,4,'',0,3000,4,'',0,7000,4,'',0,2700,4,'',0,7000,4,'',0,3200,4,'',0,7000,4,'',0,3000,4,'',0,7200,4,'',0,3000,4,'',0,7000,4,'',0,2900,4,'',0,7400,4,'',0,2500,4,'',0,8500,4,'',0,10500,4,'',0,10400,4,'',0,10400,4,'',0,10000,4,'',0
'2666',1400,81400,0,'Batchelor Hgts - Harrington - NSX',0,69000,4,'',0
'2666',8100,80900,,'',0
'2681',8101,151800,,'',0
'2682',8101,140700,,'',0
