36600,14346,1,0
36600,14347,2,0
36600,14348,3,0
36600,14349,4,0
36600,14350,5,0
36600,14351,6,0
36600,14352,7,0
36600,14353,8,0
36600,14354,9,0
36600,14355,10,0
36600,14356,11,0
36600,14357,12,0
36600,14358,13,0
36600,14359,14,0
36600,14360,15,0
36600,14361,16,0
36600,14362,17,0
36600,14363,18,0
36600,14364,19,0
36600,14365,20,0
36600,14366,21,0
36600,14367,22,0
36600,14368,23,0
36600,14369,24,0
36600,14370,25,0
36600,14371,26,0
36600,14372,27,0
36600,14373,28,0
36600,14374,29,0
36600,14375,30,0
36600,14376,31,0
36600,14377,32,0
36600,14319,33,1
36601,14319,1,0
36601,14320,2,0
36601,14321,3,0
36601,15491,4,0
36601,14323,5,0
36601,14324,6,0
36601,14325,7,0
36601,14326,8,0
36601,14327,9,0
36601,14328,10,0
36601,14329,11,0
36601,14330,12,0
36601,14331,13,0
36601,14332,14,0
36601,14333,15,0
36601,14334,16,0
36601,14335,17,0
36601,14336,18,0
36601,14337,19,0
36601,14338,20,0
36601,14339,21,0
36601,14340,22,0
36601,14341,23,0
36601,14342,24,0
36601,14343,25,0
36601,14344,26,0
36601,14345,27,0
36601,14346,28,1
36700,14403,1,0
36700,14404,2,0
36700,14405,3,0
36700,14406,4,0
36700,14407,5,0
36700,14408,6,0
36700,14409,7,0
36700,14410,8,0
36700,14411,9,0
36700,14412,10,0
36700,14413,11,0
36700,14414,12,0
36700,14415,13,0
36700,14416,14,0
36700,14417,15,0
36700,14418,16,0
36700,14419,17,0
36700,14420,18,0
36700,14421,19,0
36700,14422,20,0
36700,14423,21,0
36700,14424,22,0
36700,14425,23,0
36700,15019,24,0
36700,14426,25,0
36700,14427,26,0
36700,14428,27,0
36700,14368,28,0
36700,14369,29,0
36700,14370,30,0
36700,14371,31,0
36700,14372,32,0
36700,14373,33,0
36700,14374,34,0
36700,14375,35,0
36700,14376,36,0
36700,14377,37,0
36700,14378,38,0
36700,14361,39,0
36700,14362,40,0
36700,14363,41,0
36700,14364,42,1
36701,14378,1,0
36701,14320,2,0
36701,14321,3,0
36701,15491,4,0
36701,14323,5,0
36701,14324,6,0
36701,14325,7,0
36701,14326,8,0
36701,14379,9,0
36701,14380,10,0
36701,14381,11,0
36701,14382,12,0
36701,14383,13,0
36701,14384,14,0
36701,14385,15,0
36701,14386,16,0
36701,14387,17,0
36701,14388,18,0
36701,14389,19,0
36701,14390,20,0
36701,14391,21,0
36701,14392,22,0
36701,14393,23,0
36701,14394,24,0
36701,14395,25,0
36701,14396,26,0
36701,14397,27,0
36701,14398,28,0
36701,14399,29,0
36701,14400,30,0
36701,14401,31,0
36701,14402,32,0
36701,14403,33,1
36800,14464,1,0
36800,14465,2,0
36800,14466,3,0
36800,14467,4,0
36800,14468,5,0
36800,14469,6,0
36800,14470,7,0
36800,14471,8,0
36800,14472,9,0
36800,14473,10,0
36800,14474,11,0
36800,14475,12,0
36800,14476,13,0
36800,14477,14,0
36800,14478,15,0
36800,14479,16,0
36800,14480,17,0
36800,14481,18,0
36800,14482,19,0
36800,14483,20,0
36800,14484,21,0
36800,14485,22,0
36800,14486,23,0
36800,14487,24,0
36800,14488,25,0
36800,14489,26,0
36800,14490,27,0
36800,14491,28,0
36800,14492,29,0
36800,14493,30,0
36800,14494,31,0
36800,14495,32,0
36800,14496,33,0
36800,14497,34,0
36800,14498,35,0
36800,14499,36,0
36800,14373,37,0
36800,14374,38,0
36800,14375,39,0
36800,14376,40,0
36800,14377,41,0
36800,14429,42,1
36801,14429,1,0
36801,14320,2,0
36801,14321,3,0
36801,15491,4,0
36801,14430,5,0
36801,14431,6,0
36801,14432,7,0
36801,14433,8,0
36801,14434,9,0
36801,14435,10,0
36801,14436,11,0
36801,14437,12,0
36801,14438,13,0
36801,14439,14,0
36801,14440,15,0
36801,14441,16,0
36801,14442,17,0
36801,14443,18,0
36801,14444,19,0
36801,14445,20,0
36801,14446,21,0
36801,14447,22,0
36801,14448,23,0
36801,14449,24,0
36801,14450,25,0
36801,14451,26,0
36801,14452,27,0
36801,14453,28,0
36801,14454,29,0
36801,14455,30,0
36801,14456,31,0
36801,14457,32,0
36801,14458,33,0
36801,14459,34,0
36801,14460,35,0
36801,14461,36,0
36801,14462,37,0
36801,14463,38,0
36801,14464,39,1
36900,14528,1,0
36900,14529,2,0
36900,14530,3,0
36900,14531,4,0
36900,14532,5,0
36900,14533,6,0
36900,14534,7,0
36900,14535,8,0
36900,14536,9,0
36900,14537,10,0
36900,14538,11,0
36900,14539,12,0
36900,14540,13,0
36900,14541,14,0
36900,14542,15,0
36900,14543,16,0
36900,14544,17,0
36900,14654,18,0
36900,14655,19,0
36900,14656,20,0
36900,14657,21,0
36900,14658,22,0
36900,14659,23,0
36900,14660,24,0
36900,14513,25,0
36900,14514,26,0
36900,14515,27,0
36900,14516,28,1
36901,14516,1,0
36901,14517,2,0
36901,14550,3,0
36901,14618,4,0
36901,14619,5,0
36901,14620,6,0
36901,14621,7,0
36901,14622,8,0
36901,14623,9,0
36901,14624,10,0
36901,14625,11,0
36901,14626,12,0
36901,14520,13,0
36901,14521,14,0
36901,14522,15,0
36901,14523,16,0
36901,14524,17,0
36901,14525,18,0
36901,14526,19,0
36901,14527,20,0
36901,14528,21,1
37000,14573,1,0
37000,14574,2,0
37000,14575,3,0
37000,14576,4,0
37000,14577,5,0
37000,14578,6,0
37000,14579,7,0
37000,14580,8,0
37000,14869,9,0
37000,14870,10,0
37000,14871,11,0
37000,14581,12,0
37000,14582,13,0
37000,14583,14,0
37000,14584,15,0
37000,14585,16,0
37000,14586,17,0
37000,14542,18,0
37000,14543,19,0
37000,14544,20,0
37000,14545,21,0
37000,14546,22,0
37000,14514,23,0
37000,14515,24,0
37000,14564,25,1
37001,14564,1,0
37001,14517,2,0
37001,14518,3,0
37001,14519,4,0
37001,14520,5,0
37001,14565,6,0
37001,14566,7,0
37001,14567,8,0
37001,14568,9,0
37001,14569,10,0
37001,14570,11,0
37001,14571,12,0
37001,14572,13,0
37001,14573,14,1
37101,14500,1,0
37101,14501,2,0
37101,14502,3,0
37101,14503,4,0
37101,14588,5,0
37101,14607,6,0
37101,14873,7,0
37101,14589,8,0
37101,14590,9,0
37101,14591,10,0
37101,14592,11,0
37101,14593,12,0
37101,14594,13,0
37101,14595,14,0
37101,14596,15,0
37101,14597,16,0
37101,14598,17,0
37101,14599,18,0
37101,14600,19,0
37101,14601,20,0
37101,14602,21,0
37101,14603,22,0
37101,14604,23,0
37101,14605,24,0
37101,14606,25,0
37101,14613,26,0
37101,14504,27,0
37101,14561,28,0
37101,14562,29,0
37101,14563,30,0
37101,14376,31,0
37101,14377,32,1
37200,14639,1,0
37200,14640,2,0
37200,14641,3,0
37200,14642,4,0
37200,14533,5,0
37200,14534,6,0
37200,14643,7,0
37200,14644,8,0
37200,14645,9,0
37200,14646,10,0
37200,14647,11,0
37200,14648,12,0
37200,14649,13,0
37200,14650,14,0
37200,14651,15,0
37200,14652,16,0
37200,14653,17,0
37200,14544,18,0
37200,14545,19,0
37200,14547,20,0
37200,14548,21,0
37200,14549,22,0
37200,14550,23,0
37200,14551,24,0
37200,14552,25,0
37200,14553,26,0
37200,14554,27,0
37200,14555,28,0
37200,14556,29,0
37200,14557,30,0
37200,14558,31,0
37200,14559,32,0
37200,14560,33,0
37200,14873,34,0
37200,14588,35,0
37200,14801,36,0
37200,14802,37,0
37200,14661,38,0
37200,14671,39,0
37200,14672,40,0
37200,14673,41,0
37200,14674,42,0
37200,14675,43,0
37200,14676,44,0
37200,14677,45,0
37200,14678,46,0
37200,14562,47,0
37200,14563,48,0
37200,14376,49,0
37200,14377,50,0
37200,14610,51,1
37201,14610,1,0
37201,14611,2,0
37201,14612,3,0
37201,14613,4,0
37201,14504,5,0
37201,14561,6,0
37201,14662,7,0
37201,14663,8,0
37201,14664,9,0
37201,14665,10,0
37201,14666,11,0
37201,14667,12,0
37201,14668,13,0
37201,14669,14,0
37201,14670,15,0
37201,14615,16,0
37201,14616,17,0
37201,14505,18,0
37201,14506,19,0
37201,14507,20,0
37201,14868,21,0
37201,14508,22,0
37201,14509,23,0
37201,14510,24,0
37201,14511,25,0
37201,14512,26,0
37201,14513,27,0
37201,14514,28,0
37201,14515,29,0
37201,14617,30,0
37201,14517,31,0
37201,14518,32,0
37201,14519,33,0
37201,14627,34,0
37201,14628,35,0
37201,14629,36,0
37201,14630,37,0
37201,14631,38,0
37201,14632,39,0
37201,14633,40,0
37201,14634,41,0
37201,14635,42,0
37201,14636,43,0
37201,14637,44,0
37201,14638,45,0
37201,14639,46,1
37300,14687,1,0
37300,14688,2,0
37300,14689,3,0
37300,14690,4,0
37300,14691,5,0
37300,14692,6,0
37300,14693,7,0
37300,14694,8,0
37300,14695,9,0
37300,14696,10,0
37300,14697,11,0
37300,14698,12,0
37300,14699,13,0
37300,14700,14,0
37300,14701,15,0
37300,14702,16,0
37300,14703,17,0
37300,14704,18,0
37300,14705,19,0
37300,14706,20,0
37300,14707,21,0
37300,14658,22,0
37300,14659,23,0
37300,14660,24,0
37300,14513,25,0
37300,14708,26,0
37300,14547,27,0
37300,14548,28,0
37300,14549,29,0
37300,14550,30,0
37300,14551,31,0
37300,14661,32,0
37300,14561,33,0
37300,14562,34,0
37300,14563,35,0
37300,14376,36,0
37300,14377,37,0
37300,14679,38,1
37301,14679,1,0
37301,14501,2,0
37301,14502,3,0
37301,14503,4,0
37301,14504,5,0
37301,14614,6,0
37301,14615,7,0
37301,14616,8,0
37301,14512,9,0
37301,14513,10,0
37301,14514,11,0
37301,14515,12,0
37301,14680,13,0
37301,14517,14,0
37301,14550,15,0
37301,14618,16,0
37301,14619,17,0
37301,14620,18,0
37301,14681,19,0
37301,14682,20,0
37301,14683,21,0
37301,14684,22,0
37301,14685,23,0
37301,14686,24,0
37301,14687,25,1
37400,14712,1,0
37400,14365,2,0
37400,14368,3,0
37400,14372,4,0
37400,14713,5,0
37400,14714,6,0
37400,14547,7,0
37400,14709,8,1
37401,14709,1,0
37401,14549,2,0
37401,14708,3,0
37401,14710,4,0
37401,14711,5,0
37401,14431,6,0
37401,14433,7,0
37401,14435,8,0
37401,14712,9,1
37500,14722,1,0
37500,14723,2,0
37500,14724,3,0
37500,14725,4,0
37500,14726,5,0
37500,14727,6,0
37500,14728,7,0
37500,14729,8,0
37500,14730,9,0
37500,14731,10,0
37500,14732,11,0
37500,14733,12,0
37500,14734,13,0
37500,14864,14,0
37500,14735,15,0
37500,14736,16,0
37500,14737,17,0
37500,14487,18,0
37500,14488,19,0
37500,14489,20,0
37500,14490,21,0
37500,14491,22,0
37500,14715,23,1
37501,14715,1,0
37501,14438,2,0
37501,14439,3,0
37501,14440,4,0
37501,14441,5,0
37501,14716,6,0
37501,14717,7,0
37501,14718,8,0
37501,14719,9,0
37501,14720,10,0
37501,14721,11,0
37501,14722,12,1
37600,14745,1,0
37600,14874,2,0
37600,14875,3,0
37600,14876,4,0
37600,14877,5,0
37600,14878,6,0
37600,14879,7,0
37600,14880,8,0
37600,14746,9,0
37600,14747,10,0
37600,14748,11,0
37600,14749,12,0
37600,14750,13,0
37600,14442,14,0
37600,14443,15,0
37600,14444,16,0
37600,14445,17,0
37600,14446,18,0
37600,14447,19,0
37600,14448,20,0
37600,14449,21,0
37600,14450,22,0
37600,14452,23,0
37600,14453,24,0
37600,14454,25,0
37600,14455,26,0
37600,14456,27,0
37600,14457,28,0
37600,14458,29,0
37600,14459,30,0
37600,14460,31,0
37600,14461,32,0
37600,14462,33,0
37600,14463,34,0
37600,14464,35,0
37600,14465,36,0
37600,14466,37,0
37600,14467,38,0
37600,14468,39,0
37600,14469,40,0
37600,14470,41,0
37600,14471,42,0
37600,14472,43,0
37600,14473,44,0
37600,14474,45,0
37600,14475,46,0
37600,14476,47,0
37600,14477,48,0
37600,14478,49,0
37600,14479,50,0
37600,14480,51,0
37600,14481,52,0
37600,14482,53,0
37600,14483,54,0
37600,14484,55,0
37600,14485,56,0
37600,14486,57,0
37600,14487,58,0
37600,14488,59,0
37600,14489,60,0
37600,14490,61,0
37600,14491,62,0
37600,14715,63,1
37601,14715,1,0
37601,14438,2,0
37601,14439,3,0
37601,14440,4,0
37601,14441,5,0
37601,14867,6,0
37601,14738,7,0
37601,14739,8,0
37601,14740,9,0
37601,14741,10,0
37601,14742,11,0
37601,14743,12,0
37601,14744,13,0
37601,14745,14,1
37700,14778,1,0
37700,14779,2,0
37700,14780,3,0
37700,14781,4,0
37700,14782,5,0
37700,14783,6,0
37700,14784,7,0
37700,14785,8,0
37700,14786,9,0
37700,14787,10,0
37700,14788,11,0
37700,14789,12,0
37700,14790,13,0
37700,14791,14,0
37700,14792,15,0
37700,14793,16,0
37700,14794,17,0
37700,14795,18,0
37700,14796,19,0
37700,14797,20,0
37700,14798,21,0
37700,14600,22,0
37700,14601,23,0
37700,14799,24,0
37700,14800,25,0
37700,14606,26,0
37700,14801,27,0
37700,14802,28,0
37700,14377,29,0
37700,14751,30,0
37700,14613,31,0
37700,14504,32,0
37700,14614,33,0
37700,14615,34,0
37700,14616,35,0
37700,14512,36,0
37700,14513,37,0
37700,14514,38,0
37700,14515,39,0
37700,14680,40,1
37701,14751,1,0
37701,14376,2,0
37701,14752,3,0
37701,14753,4,0
37701,14754,5,0
37701,14755,6,0
37701,14756,7,0
37701,14757,8,0
37701,14758,9,0
37701,14759,10,0
37701,14760,11,0
37701,14761,12,0
37701,14762,13,0
37701,14763,14,0
37701,14764,15,0
37701,14765,16,0
37701,14766,17,0
37701,14767,18,0
37701,14768,19,0
37701,14769,20,0
37701,14770,21,0
37701,14771,22,0
37701,14772,23,0
37701,14773,24,0
37701,14774,25,0
37701,14775,26,0
37701,14776,27,0
37701,14777,28,0
37701,14778,29,1
37800,14842,1,0
37800,14843,2,0
37800,14844,3,0
37800,14845,4,0
37800,14846,5,0
37800,14847,6,0
37800,14848,7,0
37800,14849,8,0
37800,14850,9,0
37800,14851,10,0
37800,14852,11,0
37800,14853,12,0
37800,14854,13,0
37800,14809,14,0
37800,14810,15,0
37800,14811,16,0
37800,14812,17,0
37800,14813,18,0
37800,14814,19,0
37800,14815,20,0
37800,14816,21,0
37800,14817,22,0
37800,14818,23,0
37800,14819,24,0
37800,14820,25,0
37800,14821,26,0
37800,14822,27,0
37800,14823,28,0
37800,14824,29,0
37800,14825,30,0
37800,14826,31,0
37800,14827,32,0
37800,14838,33,0
37800,14855,34,0
37800,14891,35,0
37800,14865,36,0
37800,14856,37,0
37800,14857,38,0
37800,14858,39,0
37800,14859,40,0
37800,14860,41,0
37800,14787,42,0
37800,14788,43,0
37800,14789,44,0
37800,14790,45,0
37800,14791,46,0
37800,14792,47,0
37800,14793,48,0
37800,14794,49,0
37800,14795,50,0
37800,14796,51,0
37800,14797,52,0
37800,14861,53,0
37800,14862,54,0
37800,14863,55,0
37800,14872,56,0
37800,14751,57,1
37801,14751,1,0
37801,14376,2,0
37801,14752,3,0
37801,14753,4,0
37801,14754,5,0
37801,14755,6,0
37801,14756,7,0
37801,14757,8,0
37801,14758,9,0
37801,14759,10,0
37801,14760,11,0
37801,14761,12,0
37801,14762,13,0
37801,14763,14,0
37801,14764,15,0
37801,14765,16,0
37801,14766,17,0
37801,14803,18,0
37801,14804,19,0
37801,14805,20,0
37801,14806,21,0
37801,14807,22,0
37801,14893,23,0
37801,14894,24,0
37801,14892,25,0
37801,14808,26,0
37801,14809,27,0
37801,14810,28,0
37801,14811,29,0
37801,14812,30,0
37801,14813,31,0
37801,14814,32,0
37801,14815,33,0
37801,14816,34,0
37801,14817,35,0
37801,14818,36,0
37801,14819,37,0
37801,14820,38,0
37801,14821,39,0
37801,14822,40,0
37801,14823,41,0
37801,14824,42,0
37801,14825,43,0
37801,14826,44,0
37801,14827,45,0
37801,14828,46,0
37801,14829,47,0
37801,14866,48,0
37801,14830,49,0
37801,14831,50,0
37801,14832,51,0
37801,14833,52,0
37801,14834,53,0
37801,14835,54,0
37801,14836,55,0
37801,14837,56,0
37801,14838,57,0
37801,14839,58,0
37801,14840,59,0
37801,14841,60,0
37801,14842,61,1
37901,14587,1,0
37901,14752,2,0
37901,14753,3,0
37901,14754,4,0
37901,14755,5,0
37901,14756,6,0
37901,14897,7,0
37901,14898,8,0
37901,14881,9,0
37901,14882,10,1
37902,14882,1,0
37902,14883,2,0
37902,14884,3,0
37902,14885,4,0
37902,14886,5,0
37902,14887,6,0
37902,14888,7,0
37902,14889,8,0
37902,14890,9,0
37902,14895,10,0
37902,14896,11,0
37902,14897,12,0
37902,14898,13,0
37902,14862,14,0
37902,14863,15,0
37902,14872,16,0
37902,14587,17,1
