'158',701,81500,,'',0,12000,,'',0,9500,,'',0,11000,,'',0,10000,,'',0,10000,,'',0,10000,,'',0,10000,,'',0,10500,,'',0,9500,,'',0,10500,,'',0,10000,,'',0
'159',701,71000,,'',0,10100,,'',0,10400,,'',0,9500,,'',0,2500,,'',0,7500,,'',0,12000,,'',0,8000,,'',0,10100,,'',0,10500,,'',0,3500,,'',0,7900,,'',0,1500,,'',0,7800,,'',0,2700,,'',0,7000,,'',0,10000,,'',0,23300,,'',0
'160',701,71000,,'',0,10100,,'',0,10400,,'',0,9500,,'',0,2500,,'',0,7500,,'',0,12000,,'',0,8000,,'',0,10100,,'',0,10500,,'',0,3500,,'',0,7900,,'',0,1500,,'',0,7800,,'',0,2700,,'',0,7000,,'',0,10000,,'',0,23300,,'',0
'161',701,71000,,'',0,10100,,'',0,10400,,'',0,9500,,'',0,2500,,'',0,7500,,'',0,12000,,'',0,8000,,'',0,10100,,'',0,10500,,'',0,3500,,'',0,7900,,'',0,1500,,'',0,7800,,'',0,2700,,'',0,7000,,'',0,10000,,'',0,23300,,'',0
'162',701,71000,,'',0,10100,,'',0,10400,,'',0,9500,,'',0,2500,,'',0,7500,,'',0,12000,,'',0,8000,,'',0,10100,,'',0,10500,,'',0,3500,,'',0,7900,,'',0,1500,,'',0,7800,,'',0,2700,,'',0,7000,,'',0,10000,,'',0,23300,,'',0
'163',701,71000,,'',0,10100,,'',0,10400,,'',0,9500,,'',0,2500,,'',0,7500,,'',0,12000,,'',0,8000,,'',0,10100,,'',0,10500,,'',0,3500,,'',0,7900,,'',0,1500,,'',0,7800,,'',0,2700,,'',0,7000,,'',0,10000,,'',0,23300,,'',0
'164',701,81000,,'',0,10500,,'',0,9500,,'',0,10000,,'',0,10000,,'',0,10000,,'',0,10000,,'',0,10000,,'',0,3000,,'',0,7000,,'',0,3000,,'',0,7000,,'',0,3000,,'',0,7000,,'',0,14600,,'',0,15900,,'',0
'165',701,81500,,'',0,12000,,'',0,9500,,'',0,11000,,'',0,10000,,'',0,10000,,'',0,10000,,'',0,10000,,'',0,10500,,'',0,9500,,'',0,10500,,'',0,10000,,'',0
'166',701,81000,,'',0,10500,,'',0,9500,,'',0,10000,,'',0,10000,,'',0,10000,,'',0,10000,,'',0,10000,,'',0,3000,,'',0,7000,,'',0,3000,,'',0,7000,,'',0,3000,,'',0,7000,,'',0,14600,,'',0,15900,,'',0
'158',1300,91200,0,'Downtown',0,9500,0,'Downtown',0,10000,0,'Downtown',0,10000,0,'Downtown',0,10200,0,'Downtown',0,9800,0,'Downtown',0,10500,0,'Downtown',0,9500,0,'Downtown',0,11000,0,'Downtown',0,10000,0,'Downtown',0,10000,0,'Downtown',0,10000,0,'Downtown',0
'159',1300,70300,,'',0,4000,0,'Downtown',0,6600,0,'Downtown',0,10100,0,'Downtown',0,10000,0,'Downtown',0,10000,0,'Downtown',0,10000,0,'Downtown',0,10000,0,'Downtown',0,10000,0,'Downtown',0,10100,0,'Downtown',0,11000,0,'Downtown',0,9900,0,'Downtown',0,9800,0,'Downtown',0,9900,0,'Downtown',0,9800,0,'Downtown',0
'160',1300,70300,,'',0,4000,0,'Downtown',0,6600,0,'Downtown',0,10100,0,'Downtown',0,10000,0,'Downtown',0,10000,0,'Downtown',0,10000,0,'Downtown',0,10000,0,'Downtown',0,10000,0,'Downtown',0,10100,0,'Downtown',0,11000,0,'Downtown',0,9900,0,'Downtown',0,9800,0,'Downtown',0,9900,0,'Downtown',0,9800,0,'Downtown',0
'161',1300,70300,,'',0,4000,0,'Downtown',0,6600,0,'Downtown',0,10100,0,'Downtown',0,10000,0,'Downtown',0,10000,0,'Downtown',0,10000,0,'Downtown',0,10000,0,'Downtown',0,10000,0,'Downtown',0,10100,0,'Downtown',0,11000,0,'Downtown',0,9900,0,'Downtown',0,9800,0,'Downtown',0,9900,0,'Downtown',0,9800,0,'Downtown',0
'162',1300,70300,,'',0,4000,0,'Downtown',0,6600,0,'Downtown',0,10100,0,'Downtown',0,10000,0,'Downtown',0,10000,0,'Downtown',0,10000,0,'Downtown',0,10000,0,'Downtown',0,10000,0,'Downtown',0,10100,0,'Downtown',0,11000,0,'Downtown',0,9900,0,'Downtown',0,9800,0,'Downtown',0,9900,0,'Downtown',0,9800,0,'Downtown',0
'163',1300,70300,,'',0,4000,0,'Downtown',0,6600,0,'Downtown',0,10100,0,'Downtown',0,10000,0,'Downtown',0,10000,0,'Downtown',0,10000,0,'Downtown',0,10000,0,'Downtown',0,10000,0,'Downtown',0,10100,0,'Downtown',0,11000,0,'Downtown',0,9900,0,'Downtown',0,9800,0,'Downtown',0,9900,0,'Downtown',0,9800,0,'Downtown',0
'164',1300,85100,0,'Downtown',0,15600,0,'Downtown',0,9600,0,'Downtown',0,10700,0,'Downtown',0,10000,0,'Downtown',0,10000,0,'Downtown',0,10000,0,'Downtown',0,10000,0,'Downtown',0,10400,0,'Downtown',0,9400,0,'Downtown',0,10000,0,'Downtown',0,9900,0,'Downtown',0
'165',1300,91200,0,'Downtown',0,9500,0,'Downtown',0,10000,0,'Downtown',0,10000,0,'Downtown',0,10200,0,'Downtown',0,9800,0,'Downtown',0,10500,0,'Downtown',0,9500,0,'Downtown',0,11000,0,'Downtown',0,10000,0,'Downtown',0,10000,0,'Downtown',0,10000,0,'Downtown',0
'166',1300,85100,0,'Downtown',0,15600,0,'Downtown',0,9600,0,'Downtown',0,10700,0,'Downtown',0,10000,0,'Downtown',0,10000,0,'Downtown',0,10000,0,'Downtown',0,10000,0,'Downtown',0,10400,0,'Downtown',0,9400,0,'Downtown',0,10000,0,'Downtown',0,9900,0,'Downtown',0
