'172',1300,90800,0,'Downtown',0,9500,0,'Downtown',0,10000,0,'Downtown',0,10000,0,'Downtown',0,10200,0,'Downtown',0,9800,0,'Downtown',0,10500,0,'Downtown',0,9500,0,'Downtown',0,11000,0,'Downtown',0,10000,0,'Downtown',0,10000,0,'Downtown',0,10000,0,'Downtown',0
'173',1300,65900,,'',0,8000,0,'Downtown',0,6600,0,'Downtown',0,10100,0,'Downtown',0,10000,0,'Downtown',0,10000,0,'Downtown',0,10000,0,'Downtown',0,10000,0,'Downtown',0,10000,0,'Downtown',0,10000,0,'Downtown',0,11200,0,'Downtown',0,9900,0,'Downtown',0,9800,0,'Downtown',0,9900,0,'Downtown',0,9800,0,'Downtown',0
'174',1300,65900,,'',0,8000,0,'Downtown',0,6600,0,'Downtown',0,10100,0,'Downtown',0,10000,0,'Downtown',0,10000,0,'Downtown',0,10000,0,'Downtown',0,10000,0,'Downtown',0,10000,0,'Downtown',0,10000,0,'Downtown',0,11200,0,'Downtown',0,9900,0,'Downtown',0,9800,0,'Downtown',0,9900,0,'Downtown',0,9800,0,'Downtown',0
'175',1300,65900,,'',0,8000,0,'Downtown',0,6600,0,'Downtown',0,10100,0,'Downtown',0,10000,0,'Downtown',0,10000,0,'Downtown',0,10000,0,'Downtown',0,10000,0,'Downtown',0,10000,0,'Downtown',0,10000,0,'Downtown',0,11200,0,'Downtown',0,9900,0,'Downtown',0,9800,0,'Downtown',0,9900,0,'Downtown',0,9800,0,'Downtown',0
'176',1300,65900,,'',0,8000,0,'Downtown',0,6600,0,'Downtown',0,10100,0,'Downtown',0,10000,0,'Downtown',0,10000,0,'Downtown',0,10000,0,'Downtown',0,10000,0,'Downtown',0,10000,0,'Downtown',0,10000,0,'Downtown',0,11200,0,'Downtown',0,9900,0,'Downtown',0,9800,0,'Downtown',0,9900,0,'Downtown',0,9800,0,'Downtown',0
'177',1300,65900,,'',0,8000,0,'Downtown',0,6600,0,'Downtown',0,10100,0,'Downtown',0,10000,0,'Downtown',0,10000,0,'Downtown',0,10000,0,'Downtown',0,10000,0,'Downtown',0,10000,0,'Downtown',0,10000,0,'Downtown',0,11200,0,'Downtown',0,9900,0,'Downtown',0,9800,0,'Downtown',0,9900,0,'Downtown',0,9800,0,'Downtown',0
'178',1300,84800,0,'Downtown',0,15500,0,'Downtown',0,5600,0,'Downtown',0,14600,0,'Downtown',0,10000,0,'Downtown',0,10100,0,'Downtown',0,10000,0,'Downtown',0,10000,0,'Downtown',0,10500,0,'Downtown',0,9400,0,'Downtown',0,10000,0,'Downtown',0,9900,0,'Downtown',0
'179',1300,84800,0,'Downtown',0,15500,0,'Downtown',0,5600,0,'Downtown',0,14600,0,'Downtown',0,10000,0,'Downtown',0,10100,0,'Downtown',0,10000,0,'Downtown',0,10000,0,'Downtown',0,10500,0,'Downtown',0,9400,0,'Downtown',0,10000,0,'Downtown',0,9900,0,'Downtown',0
'180',1300,84800,0,'Downtown',0,15500,0,'Downtown',0,5600,0,'Downtown',0,14600,0,'Downtown',0,10000,0,'Downtown',0,10100,0,'Downtown',0,10000,0,'Downtown',0,10000,0,'Downtown',0,10500,0,'Downtown',0,9400,0,'Downtown',0,10000,0,'Downtown',0,9900,0,'Downtown',0,41000,0,'Downtown',0,10000,0,'Downtown',0
'172',1400,91900,,'',0,10000,,'',0,10100,,'',0,9700,,'',0,20200,,'',0,20700,,'',0,10300,,'',0,11200,,'',0,8300,,'',0,12900,,'',0
'173',1400,70500,,'',0,2800,,'',0,9600,,'',0,8600,,'',0,9900,,'',0,10300,,'',0,9700,,'',0,10100,,'',0,10200,,'',0,11100,,'',0,9300,,'',0,10900,,'',0,9600,,'',0,11500,,'',0,8900,,'',0,9900,,'',0,11400,,'',0,11400,,'',0
'174',1400,70500,,'',0,2800,,'',0,9600,,'',0,8600,,'',0,9900,,'',0,10300,,'',0,9700,,'',0,10100,,'',0,10200,,'',0,11100,,'',0,9300,,'',0,10900,,'',0,9600,,'',0,11500,,'',0,8900,,'',0,9900,,'',0,11400,,'',0,11400,,'',0
'175',1400,70500,,'',0,2800,,'',0,9600,,'',0,8600,,'',0,9900,,'',0,10300,,'',0,9700,,'',0,10100,,'',0,10200,,'',0,11100,,'',0,9300,,'',0,10900,,'',0,9600,,'',0,11500,,'',0,8900,,'',0,9900,,'',0,11400,,'',0,11400,,'',0
'176',1400,70500,,'',0,2800,,'',0,9600,,'',0,8600,,'',0,9900,,'',0,10300,,'',0,9700,,'',0,10100,,'',0,10200,,'',0,11100,,'',0,9300,,'',0,10900,,'',0,9600,,'',0,11500,,'',0,8900,,'',0,9900,,'',0,11400,,'',0,11400,,'',0
'177',1400,70500,,'',0,2800,,'',0,9600,,'',0,8600,,'',0,9900,,'',0,10300,,'',0,9700,,'',0,10100,,'',0,10200,,'',0,11100,,'',0,9300,,'',0,10900,,'',0,9600,,'',0,11500,,'',0,8900,,'',0,9900,,'',0,11400,,'',0,11400,,'',0
'178',1400,81300,,'',0,10300,,'',0,9000,,'',0,13000,,'',0,17100,,'',0,10100,,'',0,13000,,'',0,17300,,'',0,10400,,'',0,8700,,'',0,10300,,'',0,10500,,'',0,11000,,'',0,11900,,'',0
'179',1400,81300,,'',0,10300,,'',0,9000,,'',0,13000,,'',0,17100,,'',0,10100,,'',0,13000,,'',0,17300,,'',0,10400,,'',0,8700,,'',0,10300,,'',0,10500,,'',0,11000,,'',0,11900,,'',0
'180',1400,81300,,'',0,10300,,'',0,9000,,'',0,13000,,'',0,17100,,'',0,10100,,'',0,13000,,'',0,17300,,'',0,10400,,'',0,8700,,'',0,10300,,'',0,10500,,'',0,11000,,'',0,11900,,'',0,9700,,'',0,10800,,'',0
