'158',1300,90600,0,'Downtown',0,9500,0,'Downtown',0,10000,0,'Downtown',0,10000,0,'Downtown',0,10200,0,'Downtown',0,9800,0,'Downtown',0,10500,0,'Downtown',0,9500,0,'Downtown',0,11000,0,'Downtown',0,10000,0,'Downtown',0,10000,0,'Downtown',0,10000,0,'Downtown',0
'159',1300,65600,,'',0,8000,0,'Downtown',0,6600,0,'Downtown',0,10100,0,'Downtown',0,10000,0,'Downtown',0,10000,0,'Downtown',0,10000,0,'Downtown',0,10000,0,'Downtown',0,10000,0,'Downtown',0,10100,0,'Downtown',0,11100,0,'Downtown',0,9900,0,'Downtown',0,9800,0,'Downtown',0,10000,0,'Downtown',0,9800,0,'Downtown',0
'160',1300,65600,,'',0,8000,0,'Downtown',0,6600,0,'Downtown',0,10100,0,'Downtown',0,10000,0,'Downtown',0,10000,0,'Downtown',0,10000,0,'Downtown',0,10000,0,'Downtown',0,10000,0,'Downtown',0,10100,0,'Downtown',0,11100,0,'Downtown',0,9900,0,'Downtown',0,9800,0,'Downtown',0,10000,0,'Downtown',0,9800,0,'Downtown',0
'161',1300,65600,,'',0,8000,0,'Downtown',0,6600,0,'Downtown',0,10100,0,'Downtown',0,10000,0,'Downtown',0,10000,0,'Downtown',0,10000,0,'Downtown',0,10000,0,'Downtown',0,10000,0,'Downtown',0,10100,0,'Downtown',0,11100,0,'Downtown',0,9900,0,'Downtown',0,9800,0,'Downtown',0,10000,0,'Downtown',0,9800,0,'Downtown',0
'162',1300,65600,,'',0,8000,0,'Downtown',0,6600,0,'Downtown',0,10100,0,'Downtown',0,10000,0,'Downtown',0,10000,0,'Downtown',0,10000,0,'Downtown',0,10000,0,'Downtown',0,10000,0,'Downtown',0,10100,0,'Downtown',0,11100,0,'Downtown',0,9900,0,'Downtown',0,9800,0,'Downtown',0,10000,0,'Downtown',0,9800,0,'Downtown',0
'163',1300,65600,,'',0,8000,0,'Downtown',0,6600,0,'Downtown',0,10100,0,'Downtown',0,10000,0,'Downtown',0,10000,0,'Downtown',0,10000,0,'Downtown',0,10000,0,'Downtown',0,10000,0,'Downtown',0,10100,0,'Downtown',0,11100,0,'Downtown',0,9900,0,'Downtown',0,9800,0,'Downtown',0,10000,0,'Downtown',0,9800,0,'Downtown',0
'164',1300,84600,0,'Downtown',0,15500,0,'Downtown',0,5500,0,'Downtown',0,14700,0,'Downtown',0,10000,0,'Downtown',0,10000,0,'Downtown',0,10000,0,'Downtown',0,10000,0,'Downtown',0,10500,0,'Downtown',0,9400,0,'Downtown',0,10000,0,'Downtown',0,9900,0,'Downtown',0
'165',1300,90600,0,'Downtown',0,9500,0,'Downtown',0,10000,0,'Downtown',0,10000,0,'Downtown',0,10200,0,'Downtown',0,9800,0,'Downtown',0,10500,0,'Downtown',0,9500,0,'Downtown',0,11000,0,'Downtown',0,10000,0,'Downtown',0,10000,0,'Downtown',0,10000,0,'Downtown',0
'166',1300,84600,0,'Downtown',0,15500,0,'Downtown',0,5500,0,'Downtown',0,14700,0,'Downtown',0,10000,0,'Downtown',0,10000,0,'Downtown',0,10000,0,'Downtown',0,10000,0,'Downtown',0,10500,0,'Downtown',0,9400,0,'Downtown',0,10000,0,'Downtown',0,9900,0,'Downtown',0
'158',1400,91700,,'',0,10000,,'',0,10100,,'',0,9700,,'',0,20200,,'',0,20700,,'',0,10300,,'',0,11200,,'',0,8300,,'',0,12900,,'',0
'159',1400,70300,,'',0,2800,,'',0,9600,,'',0,8600,,'',0,9900,,'',0,10300,,'',0,9700,,'',0,10100,,'',0,10200,,'',0,11100,,'',0,9300,,'',0,10900,,'',0,9600,,'',0,11500,,'',0,8900,,'',0,9900,,'',0,11400,,'',0,11400,,'',0
'160',1400,70300,,'',0,2800,,'',0,9600,,'',0,8600,,'',0,9900,,'',0,10300,,'',0,9700,,'',0,10100,,'',0,10200,,'',0,11100,,'',0,9300,,'',0,10900,,'',0,9600,,'',0,11500,,'',0,8900,,'',0,9900,,'',0,11400,,'',0,11400,,'',0
'161',1400,70300,,'',0,2800,,'',0,9600,,'',0,8600,,'',0,9900,,'',0,10300,,'',0,9700,,'',0,10100,,'',0,10200,,'',0,11100,,'',0,9300,,'',0,10900,,'',0,9600,,'',0,11500,,'',0,8900,,'',0,9900,,'',0,11400,,'',0,11400,,'',0
'162',1400,70300,,'',0,2800,,'',0,9600,,'',0,8600,,'',0,9900,,'',0,10300,,'',0,9700,,'',0,10100,,'',0,10200,,'',0,11100,,'',0,9300,,'',0,10900,,'',0,9600,,'',0,11500,,'',0,8900,,'',0,9900,,'',0,11400,,'',0,11400,,'',0
'163',1400,70300,,'',0,2800,,'',0,9600,,'',0,8600,,'',0,9900,,'',0,10300,,'',0,9700,,'',0,10100,,'',0,10200,,'',0,11100,,'',0,9300,,'',0,10900,,'',0,9600,,'',0,11500,,'',0,8900,,'',0,9900,,'',0,11400,,'',0,11400,,'',0
'164',1400,81100,,'',0,10300,,'',0,9000,,'',0,13000,,'',0,17100,,'',0,10100,,'',0,13000,,'',0,17300,,'',0,10400,,'',0,8700,,'',0,10300,,'',0,10500,,'',0,11000,,'',0,12000,,'',0
'165',1400,91700,,'',0,10000,,'',0,10100,,'',0,9700,,'',0,20200,,'',0,20700,,'',0,10300,,'',0,11200,,'',0,8300,,'',0,12900,,'',0
'166',1400,81100,,'',0,10300,,'',0,9000,,'',0,13000,,'',0,17100,,'',0,10100,,'',0,13000,,'',0,17300,,'',0,10400,,'',0,8700,,'',0,10300,,'',0,10500,,'',0,11000,,'',0,12000,,'',0
