'173',1000,65200,,'',0,6500,,'',0,1500,,'',0,1700,,'',0,6000,,'',0,1500,,'',0,2000,,'',0,1000,,'',0,6500,,'',0,1500,,'',0,2000,,'',0,8000,,'',0,8000,,'',0,4000,,'',0,8000,,'',0,8000,,'',0,4000,,'',0,8000,,'',0,2000,,'',0,5900,,'',0,2000,,'',0,2000,,'',0,6000,,'',0,2000,,'',0,2000,,'',0,6000,,'',0,2000,,'',0,2000,,'',0,7900,,'',0,8000,,'',0,18800,,'',0
'173',1001,65200,4,'',0,8000,4,'',0,1700,4,'',0,6000,4,'',0,1500,4,'',0,2000,4,'',0,1000,4,'',0,5000,4,'',0,1500,4,'',0,1500,4,'',0,2000,4,'',0,8000,4,'',0,8000,4,'',0,4000,4,'',0,8000,4,'',0,8000,4,'',0,4000,4,'',0,8000,4,'',0,2000,4,'',0,5900,4,'',0,2000,4,'',0,2000,4,'',0,6000,4,'',0,2000,4,'',0,2000,4,'',0,6000,4,'',0,2000,4,'',0,2000,4,'',0,7900,4,'',0,8000,4,'',0,22000,4,'',0
'174',1000,65200,,'',0,6500,,'',0,1500,,'',0,1700,,'',0,6000,,'',0,1500,,'',0,2000,,'',0,1000,,'',0,6500,,'',0,1500,,'',0,2000,,'',0,8000,,'',0,8000,,'',0,4000,,'',0,8000,,'',0,8000,,'',0,4000,,'',0,8000,,'',0,2000,,'',0,5900,,'',0,2000,,'',0,2000,,'',0,6000,,'',0,2000,,'',0,2000,,'',0,6000,,'',0,2000,,'',0,2000,,'',0,7900,,'',0,8000,,'',0,18800,,'',0
'174',1001,65200,4,'',0,8000,4,'',0,1700,4,'',0,6000,4,'',0,1500,4,'',0,2000,4,'',0,1000,4,'',0,5000,4,'',0,1500,4,'',0,1500,4,'',0,2000,4,'',0,8000,4,'',0,8000,4,'',0,4000,4,'',0,8000,4,'',0,8000,4,'',0,4000,4,'',0,8000,4,'',0,2000,4,'',0,5900,4,'',0,2000,4,'',0,2000,4,'',0,6000,4,'',0,2000,4,'',0,2000,4,'',0,6000,4,'',0,2000,4,'',0,2000,4,'',0,7900,4,'',0,8000,4,'',0,22000,4,'',0
'175',1000,65200,,'',0,6500,,'',0,1500,,'',0,1700,,'',0,6000,,'',0,1500,,'',0,2000,,'',0,1000,,'',0,6500,,'',0,1500,,'',0,2000,,'',0,8000,,'',0,8000,,'',0,4000,,'',0,8000,,'',0,8000,,'',0,4000,,'',0,8000,,'',0,2000,,'',0,5900,,'',0,2000,,'',0,2000,,'',0,6000,,'',0,2000,,'',0,2000,,'',0,6000,,'',0,2000,,'',0,2000,,'',0,7900,,'',0,8000,,'',0,18800,,'',0
'175',1001,65200,4,'',0,8000,4,'',0,1700,4,'',0,6000,4,'',0,1500,4,'',0,2000,4,'',0,1000,4,'',0,5000,4,'',0,1500,4,'',0,1500,4,'',0,2000,4,'',0,8000,4,'',0,8000,4,'',0,4000,4,'',0,8000,4,'',0,8000,4,'',0,4000,4,'',0,8000,4,'',0,2000,4,'',0,5900,4,'',0,2000,4,'',0,2000,4,'',0,6000,4,'',0,2000,4,'',0,2000,4,'',0,6000,4,'',0,2000,4,'',0,2000,4,'',0,7900,4,'',0,8000,4,'',0,22000,4,'',0
'176',1000,65200,,'',0,6500,,'',0,1500,,'',0,1700,,'',0,6000,,'',0,1500,,'',0,2000,,'',0,1000,,'',0,6500,,'',0,1500,,'',0,2000,,'',0,8000,,'',0,8000,,'',0,4000,,'',0,8000,,'',0,8000,,'',0,4000,,'',0,8000,,'',0,2000,,'',0,5900,,'',0,2000,,'',0,2000,,'',0,6000,,'',0,2000,,'',0,2000,,'',0,6000,,'',0,2000,,'',0,2000,,'',0,7900,,'',0,8000,,'',0,18800,,'',0
'176',1001,65200,4,'',0,8000,4,'',0,1700,4,'',0,6000,4,'',0,1500,4,'',0,2000,4,'',0,1000,4,'',0,5000,4,'',0,1500,4,'',0,1500,4,'',0,2000,4,'',0,8000,4,'',0,8000,4,'',0,4000,4,'',0,8000,4,'',0,8000,4,'',0,4000,4,'',0,8000,4,'',0,2000,4,'',0,5900,4,'',0,2000,4,'',0,2000,4,'',0,6000,4,'',0,2000,4,'',0,2000,4,'',0,6000,4,'',0,2000,4,'',0,2000,4,'',0,7900,4,'',0,8000,4,'',0,22000,4,'',0
'177',1000,65200,,'',0,6500,,'',0,1500,,'',0,1700,,'',0,6000,,'',0,1500,,'',0,2000,,'',0,1000,,'',0,6500,,'',0,1500,,'',0,2000,,'',0,8000,,'',0,8000,,'',0,4000,,'',0,8000,,'',0,8000,,'',0,4000,,'',0,8000,,'',0,2000,,'',0,5900,,'',0,2000,,'',0,2000,,'',0,6000,,'',0,2000,,'',0,2000,,'',0,6000,,'',0,2000,,'',0,2000,,'',0,7900,,'',0,8000,,'',0,18800,,'',0
'177',1001,65200,4,'',0,8000,4,'',0,1700,4,'',0,6000,4,'',0,1500,4,'',0,2000,4,'',0,1000,4,'',0,5000,4,'',0,1500,4,'',0,1500,4,'',0,2000,4,'',0,8000,4,'',0,8000,4,'',0,4000,4,'',0,8000,4,'',0,8000,4,'',0,4000,4,'',0,8000,4,'',0,2000,4,'',0,5900,4,'',0,2000,4,'',0,2000,4,'',0,6000,4,'',0,2000,4,'',0,2000,4,'',0,6000,4,'',0,2000,4,'',0,2000,4,'',0,7900,4,'',0,8000,4,'',0,22000,4,'',0
