'172',600,92300,4,'',0,11600,4,'',0,11700,4,'',0,15800,4,'',0,10400,4,'',0,11800,4,'',0,11800,4,'',0,16000,4,'',0
'172',601,85900,,'',0,15600,,'',0,11700,,'',0,11800,,'',0,10400,,'',0,15800,,'',0,11800,,'',0,12000,,'',0
'173',600,71900,4,'',0,1500,4,'',0,1500,4,'',0,7400,4,'',0,3300,4,'',0,7300,4,'',0,7300,4,'',0,3300,4,'',0,7300,4,'',0,3300,4,'',0,7300,4,'',0,3400,4,'',0,7300,4,'',0,3300,4,'',0,7400,4,'',0,7300,4,'',0,3300,4,'',0,7300,4,'',0,3300,4,'',0,7100,4,'',0,3300,4,'',0,7200,4,'',0,3300,4,'',0,7200,4,'',0,8400,4,'',0,10000,4,'',0,10000,4,'',0,11500,4,'',0
'173',601,65500,,'',0,5500,,'',0,1500,,'',0,3300,,'',0,7300,,'',0,7300,,'',0,3300,,'',0,7300,,'',0,3300,,'',0,7300,,'',0,3300,,'',0,7300,,'',0,3300,,'',0,7300,,'',0,7300,,'',0,3300,,'',0,7300,,'',0,3300,,'',0,7300,,'',0,3300,,'',0,7300,,'',0,3300,,'',0,7300,,'',0,3300,,'',0,8400,,'',0,10000,,'',0,10000,,'',0,11500,,'',0
'174',600,71900,4,'',0,1500,4,'',0,1500,4,'',0,7400,4,'',0,3300,4,'',0,7300,4,'',0,7300,4,'',0,3300,4,'',0,7300,4,'',0,3300,4,'',0,7300,4,'',0,3400,4,'',0,7300,4,'',0,3300,4,'',0,7400,4,'',0,7300,4,'',0,3300,4,'',0,7300,4,'',0,3300,4,'',0,7100,4,'',0,3300,4,'',0,7200,4,'',0,3300,4,'',0,7200,4,'',0,8400,4,'',0,10000,4,'',0,10000,4,'',0,11500,4,'',0
'174',601,65500,,'',0,5500,,'',0,1500,,'',0,3300,,'',0,7300,,'',0,7300,,'',0,3300,,'',0,7300,,'',0,3300,,'',0,7300,,'',0,3300,,'',0,7300,,'',0,3300,,'',0,7300,,'',0,7300,,'',0,3300,,'',0,7300,,'',0,3300,,'',0,7300,,'',0,3300,,'',0,7300,,'',0,3300,,'',0,7300,,'',0,3300,,'',0,8400,,'',0,10000,,'',0,10000,,'',0,11500,,'',0
'175',600,71900,4,'',0,1500,4,'',0,1500,4,'',0,7400,4,'',0,3300,4,'',0,7300,4,'',0,7300,4,'',0,3300,4,'',0,7300,4,'',0,3300,4,'',0,7300,4,'',0,3400,4,'',0,7300,4,'',0,3300,4,'',0,7400,4,'',0,7300,4,'',0,3300,4,'',0,7300,4,'',0,3300,4,'',0,7100,4,'',0,3300,4,'',0,7200,4,'',0,3300,4,'',0,7200,4,'',0,8400,4,'',0,10000,4,'',0,10000,4,'',0,11500,4,'',0
'175',601,65500,,'',0,5500,,'',0,1500,,'',0,3300,,'',0,7300,,'',0,7300,,'',0,3300,,'',0,7300,,'',0,3300,,'',0,7300,,'',0,3300,,'',0,7300,,'',0,3300,,'',0,7300,,'',0,7300,,'',0,3300,,'',0,7300,,'',0,3300,,'',0,7300,,'',0,3300,,'',0,7300,,'',0,3300,,'',0,7300,,'',0,3300,,'',0,8400,,'',0,10000,,'',0,10000,,'',0,11500,,'',0
'176',600,71900,4,'',0,1500,4,'',0,1500,4,'',0,7400,4,'',0,3300,4,'',0,7300,4,'',0,7300,4,'',0,3300,4,'',0,7300,4,'',0,3300,4,'',0,7300,4,'',0,3400,4,'',0,7300,4,'',0,3300,4,'',0,7400,4,'',0,7300,4,'',0,3300,4,'',0,7300,4,'',0,3300,4,'',0,7100,4,'',0,3300,4,'',0,7200,4,'',0,3300,4,'',0,7200,4,'',0,8400,4,'',0,10000,4,'',0,10000,4,'',0,11500,4,'',0
'176',601,65500,,'',0,5500,,'',0,1500,,'',0,3300,,'',0,7300,,'',0,7300,,'',0,3300,,'',0,7300,,'',0,3300,,'',0,7300,,'',0,3300,,'',0,7300,,'',0,3300,,'',0,7300,,'',0,7300,,'',0,3300,,'',0,7300,,'',0,3300,,'',0,7300,,'',0,3300,,'',0,7300,,'',0,3300,,'',0,7300,,'',0,3300,,'',0,8400,,'',0,10000,,'',0,10000,,'',0,11500,,'',0
'177',600,71900,4,'',0,1500,4,'',0,1500,4,'',0,7400,4,'',0,3300,4,'',0,7300,4,'',0,7300,4,'',0,3300,4,'',0,7300,4,'',0,3300,4,'',0,7300,4,'',0,3400,4,'',0,7300,4,'',0,3300,4,'',0,7400,4,'',0,7300,4,'',0,3300,4,'',0,7300,4,'',0,3300,4,'',0,7100,4,'',0,3300,4,'',0,7200,4,'',0,3300,4,'',0,7200,4,'',0,8400,4,'',0,10000,4,'',0,10000,4,'',0,11500,4,'',0
'177',601,65500,,'',0,5500,,'',0,1500,,'',0,3300,,'',0,7300,,'',0,7300,,'',0,3300,,'',0,7300,,'',0,3300,,'',0,7300,,'',0,3300,,'',0,7300,,'',0,3300,,'',0,7300,,'',0,7300,,'',0,3300,,'',0,7300,,'',0,3300,,'',0,7300,,'',0,3300,,'',0,7300,,'',0,3300,,'',0,7300,,'',0,3300,,'',0,8400,,'',0,10000,,'',0,10000,,'',0,11500,,'',0
'178',600,80800,4,'',0,2900,4,'',0,7100,4,'',0,3100,4,'',0,6900,4,'',0,3100,4,'',0,7000,4,'',0,3100,4,'',0,6900,4,'',0,3200,4,'',0,6800,4,'',0,3200,4,'',0,6800,4,'',0,3200,4,'',0,6900,4,'',0,3100,4,'',0,6900,4,'',0,3100,4,'',0,6800,4,'',0,3100,4,'',0,6900,4,'',0,3100,4,'',0,11800,4,'',0,9600,4,'',0,9900,4,'',0,9800,4,'',0
'178',601,74500,,'',0,7000,,'',0,3000,,'',0,7000,,'',0,3000,,'',0,7000,,'',0,3000,,'',0,7000,,'',0,3000,,'',0,7000,,'',0,3000,,'',0,7000,,'',0,3000,,'',0,7000,,'',0,3000,,'',0,7000,,'',0,3000,,'',0,7000,,'',0,3000,,'',0,7000,,'',0,3000,,'',0,7000,,'',0,12000,,'',0,9500,,'',0,10000,,'',0,10000,,'',0
'179',600,80800,4,'',0,2900,4,'',0,7100,4,'',0,3100,4,'',0,6900,4,'',0,3100,4,'',0,7000,4,'',0,3100,4,'',0,6900,4,'',0,3200,4,'',0,6800,4,'',0,3200,4,'',0,6800,4,'',0,3200,4,'',0,6900,4,'',0,3100,4,'',0,6900,4,'',0,3100,4,'',0,6800,4,'',0,3100,4,'',0,6900,4,'',0,3100,4,'',0,11800,4,'',0,9600,4,'',0,9900,4,'',0,9800,4,'',0
'179',601,74500,,'',0,7000,,'',0,3000,,'',0,7000,,'',0,3000,,'',0,7000,,'',0,3000,,'',0,7000,,'',0,3000,,'',0,7000,,'',0,3000,,'',0,7000,,'',0,3000,,'',0,7000,,'',0,3000,,'',0,7000,,'',0,3000,,'',0,7000,,'',0,3000,,'',0,7000,,'',0,3000,,'',0,7000,,'',0,12000,,'',0,9500,,'',0,10000,,'',0,10000,,'',0
'180',600,80800,4,'',0,2900,4,'',0,7100,4,'',0,3100,4,'',0,6900,4,'',0,3100,4,'',0,7000,4,'',0,3100,4,'',0,6900,4,'',0,3200,4,'',0,6800,4,'',0,3200,4,'',0,6800,4,'',0,3200,4,'',0,6900,4,'',0,3100,4,'',0,6900,4,'',0,3100,4,'',0,6800,4,'',0,3100,4,'',0,6900,4,'',0,3100,4,'',0,11800,4,'',0,9600,4,'',0,9900,4,'',0,9800,4,'',0,9000,4,'',0,11000,4,'',0
'180',601,74500,,'',0,7000,,'',0,3000,,'',0,7000,,'',0,3000,,'',0,7000,,'',0,3000,,'',0,7000,,'',0,3000,,'',0,7000,,'',0,3000,,'',0,7000,,'',0,3000,,'',0,7000,,'',0,3000,,'',0,7000,,'',0,3000,,'',0,7000,,'',0,3000,,'',0,7000,,'',0,3000,,'',0,7000,,'',0,12000,,'',0,9500,,'',0,10000,,'',0,10000,,'',0,9000,,'',0,11000,,'',0
