'172',500,83000,,'',0,11600,,'',0,15600,,'',0,11700,,'',0,10400,,'',0,11800,,'',0,11800,,'',0,16000,,'',0,12000,,'',0
'172',501,83000,4,'',0,11600,4,'',0,15600,4,'',0,11700,4,'',0,10400,4,'',0,11800,4,'',0,11800,4,'',0,16000,4,'',0,12000,4,'',0
'173',500,62300,,'',0,2600,,'',0,9000,,'',0,2000,,'',0,7000,,'',0,2500,,'',0,6500,,'',0,2500,,'',0,6500,,'',0,2600,,'',0,6500,,'',0,2500,,'',0,2600,,'',0,8800,,'',0,9100,,'',0,9100,,'',0,8700,,'',0,800,,'',0,2000,,'',0,6500,,'',0,1500,,'',0,1500,,'',0,2500,,'',0,6500,,'',0,2600,,'',0,6500,,'',0,2700,,'',0,8900,,'',0,10000,,'',0,9900,,'',0,10000,,'',0,11500,,'',0
'173',501,62300,4,'',0,2600,4,'',0,9000,4,'',0,2000,4,'',0,7000,4,'',0,2500,4,'',0,6500,4,'',0,2500,4,'',0,6500,4,'',0,2600,4,'',0,6500,4,'',0,2500,4,'',0,2600,4,'',0,8800,4,'',0,9100,4,'',0,9100,4,'',0,8700,4,'',0,800,4,'',0,2000,4,'',0,6500,4,'',0,1500,4,'',0,1500,4,'',0,2500,4,'',0,6500,4,'',0,2600,4,'',0,6500,4,'',0,2700,4,'',0,8900,4,'',0,10000,4,'',0,9900,4,'',0,10000,4,'',0,11500,4,'',0
'174',500,62300,,'',0,2600,,'',0,9000,,'',0,2000,,'',0,7000,,'',0,2500,,'',0,6500,,'',0,2500,,'',0,6500,,'',0,2600,,'',0,6500,,'',0,2500,,'',0,2600,,'',0,8800,,'',0,9100,,'',0,9100,,'',0,8700,,'',0,800,,'',0,2000,,'',0,6500,,'',0,1500,,'',0,1500,,'',0,2500,,'',0,6500,,'',0,2600,,'',0,6500,,'',0,2700,,'',0,8900,,'',0,10000,,'',0,9900,,'',0,10000,,'',0,11500,,'',0
'174',501,62300,4,'',0,2600,4,'',0,9000,4,'',0,2000,4,'',0,7000,4,'',0,2500,4,'',0,6500,4,'',0,2500,4,'',0,6500,4,'',0,2600,4,'',0,6500,4,'',0,2500,4,'',0,2600,4,'',0,8800,4,'',0,9100,4,'',0,9100,4,'',0,8700,4,'',0,800,4,'',0,2000,4,'',0,6500,4,'',0,1500,4,'',0,1500,4,'',0,2500,4,'',0,6500,4,'',0,2600,4,'',0,6500,4,'',0,2700,4,'',0,8900,4,'',0,10000,4,'',0,9900,4,'',0,10000,4,'',0,11500,4,'',0
'175',500,62300,,'',0,2600,,'',0,9000,,'',0,2000,,'',0,7000,,'',0,2500,,'',0,6500,,'',0,2500,,'',0,6500,,'',0,2600,,'',0,6500,,'',0,2500,,'',0,2600,,'',0,8800,,'',0,9100,,'',0,9100,,'',0,8700,,'',0,800,,'',0,2000,,'',0,6500,,'',0,1500,,'',0,1500,,'',0,2500,,'',0,6500,,'',0,2600,,'',0,6500,,'',0,2700,,'',0,8900,,'',0,10000,,'',0,9900,,'',0,10000,,'',0,11500,,'',0
'175',501,62300,4,'',0,2600,4,'',0,9000,4,'',0,2000,4,'',0,7000,4,'',0,2500,4,'',0,6500,4,'',0,2500,4,'',0,6500,4,'',0,2600,4,'',0,6500,4,'',0,2500,4,'',0,2600,4,'',0,8800,4,'',0,9100,4,'',0,9100,4,'',0,8700,4,'',0,800,4,'',0,2000,4,'',0,6500,4,'',0,1500,4,'',0,1500,4,'',0,2500,4,'',0,6500,4,'',0,2600,4,'',0,6500,4,'',0,2700,4,'',0,8900,4,'',0,10000,4,'',0,9900,4,'',0,10000,4,'',0,11500,4,'',0
'176',500,62300,,'',0,2600,,'',0,9000,,'',0,2000,,'',0,7000,,'',0,2500,,'',0,6500,,'',0,2500,,'',0,6500,,'',0,2600,,'',0,6500,,'',0,2500,,'',0,2600,,'',0,8800,,'',0,9100,,'',0,9100,,'',0,8700,,'',0,800,,'',0,2000,,'',0,6500,,'',0,1500,,'',0,1500,,'',0,2500,,'',0,6500,,'',0,2600,,'',0,6500,,'',0,2700,,'',0,8900,,'',0,10000,,'',0,9900,,'',0,10000,,'',0,11500,,'',0
'176',501,62300,4,'',0,2600,4,'',0,9000,4,'',0,2000,4,'',0,7000,4,'',0,2500,4,'',0,6500,4,'',0,2500,4,'',0,6500,4,'',0,2600,4,'',0,6500,4,'',0,2500,4,'',0,2600,4,'',0,8800,4,'',0,9100,4,'',0,9100,4,'',0,8700,4,'',0,800,4,'',0,2000,4,'',0,6500,4,'',0,1500,4,'',0,1500,4,'',0,2500,4,'',0,6500,4,'',0,2600,4,'',0,6500,4,'',0,2700,4,'',0,8900,4,'',0,10000,4,'',0,9900,4,'',0,10000,4,'',0,11500,4,'',0
'177',500,62300,,'',0,2600,,'',0,9000,,'',0,2000,,'',0,7000,,'',0,2500,,'',0,6500,,'',0,2500,,'',0,6500,,'',0,2600,,'',0,6500,,'',0,2500,,'',0,2600,,'',0,8800,,'',0,9100,,'',0,9100,,'',0,8700,,'',0,800,,'',0,2000,,'',0,6500,,'',0,1500,,'',0,1500,,'',0,2500,,'',0,6500,,'',0,2600,,'',0,6500,,'',0,2700,,'',0,8900,,'',0,10000,,'',0,9900,,'',0,10000,,'',0,11500,,'',0
'177',501,62300,4,'',0,2600,4,'',0,9000,4,'',0,2000,4,'',0,7000,4,'',0,2500,4,'',0,6500,4,'',0,2500,4,'',0,6500,4,'',0,2600,4,'',0,6500,4,'',0,2500,4,'',0,2600,4,'',0,8800,4,'',0,9100,4,'',0,9100,4,'',0,8700,4,'',0,800,4,'',0,2000,4,'',0,6500,4,'',0,1500,4,'',0,1500,4,'',0,2500,4,'',0,6500,4,'',0,2600,4,'',0,6500,4,'',0,2700,4,'',0,8900,4,'',0,10000,4,'',0,9900,4,'',0,10000,4,'',0,11500,4,'',0
'178',500,81700,,'',0,2500,,'',0,6600,,'',0,2500,,'',0,2500,,'',0,6600,,'',0,2400,,'',0,6600,,'',0,2400,,'',0,6700,,'',0,2400,,'',0,2700,,'',0,6400,,'',0,3000,,'',0,7000,,'',0,2500,,'',0,7000,,'',0,2500,,'',0,7000,,'',0,2500,,'',0,7000,,'',0,2500,,'',0,2900,,'',0,6400,,'',0,8000,,'',0,9900,,'',0,10000,,'',0,10000,,'',0,10000,,'',0
'178',501,81700,4,'',0,2500,4,'',0,6600,4,'',0,2500,4,'',0,2500,4,'',0,6600,4,'',0,2400,4,'',0,6600,4,'',0,2400,4,'',0,6700,4,'',0,2400,4,'',0,2700,4,'',0,6400,4,'',0,3000,4,'',0,7000,4,'',0,2500,4,'',0,7000,4,'',0,2500,4,'',0,7000,4,'',0,2500,4,'',0,7000,4,'',0,2500,4,'',0,2900,4,'',0,6400,4,'',0,8000,4,'',0,9900,4,'',0,10000,4,'',0,10000,4,'',0,10000,4,'',0
'179',500,81700,,'',0,2500,,'',0,6600,,'',0,2500,,'',0,2500,,'',0,6600,,'',0,2400,,'',0,6600,,'',0,2400,,'',0,6700,,'',0,2400,,'',0,2700,,'',0,6400,,'',0,3000,,'',0,7000,,'',0,2500,,'',0,7000,,'',0,2500,,'',0,7000,,'',0,2500,,'',0,7000,,'',0,2500,,'',0,2900,,'',0,6400,,'',0,8000,,'',0,9900,,'',0,10000,,'',0,10000,,'',0,10000,,'',0
'179',501,81700,4,'',0,2500,4,'',0,6600,4,'',0,2500,4,'',0,2500,4,'',0,6600,4,'',0,2400,4,'',0,6600,4,'',0,2400,4,'',0,6700,4,'',0,2400,4,'',0,2700,4,'',0,6400,4,'',0,3000,4,'',0,7000,4,'',0,2500,4,'',0,7000,4,'',0,2500,4,'',0,7000,4,'',0,2500,4,'',0,7000,4,'',0,2500,4,'',0,2900,4,'',0,6400,4,'',0,8000,4,'',0,9900,4,'',0,10000,4,'',0,10000,4,'',0,10000,4,'',0
'180',500,81700,,'',0,2500,,'',0,6600,,'',0,2500,,'',0,2500,,'',0,6600,,'',0,2400,,'',0,6600,,'',0,2400,,'',0,6700,,'',0,2400,,'',0,2700,,'',0,6400,,'',0,3000,,'',0,7000,,'',0,2500,,'',0,7000,,'',0,2500,,'',0,7000,,'',0,2500,,'',0,7000,,'',0,2500,,'',0,2900,,'',0,6400,,'',0,8000,,'',0,9900,,'',0,10000,,'',0,10000,,'',0,10000,,'',0,10000,,'',0,11000,,'',0
'180',501,81700,4,'',0,2500,4,'',0,6600,4,'',0,2500,4,'',0,2500,4,'',0,6600,4,'',0,2400,4,'',0,6600,4,'',0,2400,4,'',0,6700,4,'',0,2400,4,'',0,2700,4,'',0,6400,4,'',0,3000,4,'',0,7000,4,'',0,2500,4,'',0,7000,4,'',0,2500,4,'',0,7000,4,'',0,2500,4,'',0,7000,4,'',0,2500,4,'',0,2900,4,'',0,6400,4,'',0,8000,4,'',0,9900,4,'',0,10000,4,'',0,10000,4,'',0,10000,4,'',0,10000,4,'',0,11000,4,'',0
'173',59001,153400,,'',0
'174',59001,153400,,'',0
'175',59001,144600,,'',0
'176',59001,153400,,'',0
'177',59001,153400,,'',0
'173',59100,73200,,'',0
'174',59100,73200,,'',0
'175',59100,73200,,'',0
'176',59100,73200,,'',0
'177',59100,73200,,'',0
'173',59200,73900,,'',0
'174',59200,73900,,'',0
'175',59200,73900,,'',0
'176',59200,73900,,'',0
'177',59200,73900,,'',0
'173',59401,153800,,'',0
'174',59401,153800,,'',0
'175',59401,142200,,'',0
'176',59401,153800,,'',0
'177',59401,153800,,'',0
'173',59701,154400,,'',0
'174',59701,154400,,'',0
'175',59701,154400,,'',0
'176',59701,154400,,'',0
'177',59701,154400,,'',0
'173',59900,74900,0,'Sahali',0
'173',59901,151300,0,'Sahali',0
'174',59900,74900,0,'Sahali',0
'174',59901,151300,0,'Sahali',0
'175',59900,74900,0,'Sahali',0
'175',59901,151300,0,'Sahali',0
'176',59900,74900,0,'Sahali',0
'176',59901,151300,0,'Sahali',0
'177',59900,74900,0,'Sahali',0
'177',59901,151300,0,'Sahali',0
