'189',701,71300,,'',0,10200,,'',0,10400,,'',0,9500,,'',0,2500,,'',0,7500,,'',0,12000,,'',0,8000,,'',0,10100,,'',0,10500,,'',0,3500,,'',0,7900,,'',0,1500,,'',0,7800,,'',0,2600,,'',0,7000,,'',0,10000,,'',0,23300,,'',0
'190',701,81300,,'',0,10500,,'',0,9500,,'',0,10000,,'',0,10000,,'',0,10000,,'',0,10000,,'',0,10000,,'',0,3000,,'',0,7000,,'',0,3000,,'',0,7000,,'',0,3000,,'',0,7000,,'',0,14600,,'',0,15900,,'',0
'191',701,81800,,'',0,12000,,'',0,9500,,'',0,11000,,'',0,10000,,'',0,10000,,'',0,10000,,'',0,10000,,'',0,10500,,'',0,9500,,'',0,10500,,'',0,10000,,'',0
'192',701,71300,,'',0,10200,,'',0,10400,,'',0,9500,,'',0,2500,,'',0,7500,,'',0,12000,,'',0,8000,,'',0,10100,,'',0,10500,,'',0,3500,,'',0,7900,,'',0,1500,,'',0,7800,,'',0,2600,,'',0,7000,,'',0,10000,,'',0,23300,,'',0
'193',701,71300,,'',0,10200,,'',0,10400,,'',0,9500,,'',0,2500,,'',0,7500,,'',0,12000,,'',0,8000,,'',0,10100,,'',0,10500,,'',0,3500,,'',0,7900,,'',0,1500,,'',0,7800,,'',0,2600,,'',0,7000,,'',0,10000,,'',0,23300,,'',0
'194',701,71300,,'',0,10200,,'',0,10400,,'',0,9500,,'',0,2500,,'',0,7500,,'',0,12000,,'',0,8000,,'',0,10100,,'',0,10500,,'',0,3500,,'',0,7900,,'',0,1500,,'',0,7800,,'',0,2600,,'',0,7000,,'',0,10000,,'',0,23300,,'',0
'195',701,71300,,'',0,10200,,'',0,10400,,'',0,9500,,'',0,2500,,'',0,7500,,'',0,12000,,'',0,8000,,'',0,10100,,'',0,10500,,'',0,3500,,'',0,7900,,'',0,1500,,'',0,7800,,'',0,2600,,'',0,7000,,'',0,10000,,'',0,23300,,'',0
'196',701,81300,,'',0,10500,,'',0,9500,,'',0,10000,,'',0,10000,,'',0,10000,,'',0,10000,,'',0,10000,,'',0,3000,,'',0,7000,,'',0,3000,,'',0,7000,,'',0,3000,,'',0,7000,,'',0,14600,,'',0,15900,,'',0,31400,,'',0
'189',1300,70500,,'',0,4000,0,'Downtown',0,6600,0,'Downtown',0,10100,0,'Downtown',0,10000,0,'Downtown',0,10000,0,'Downtown',0,10000,0,'Downtown',0,10000,0,'Downtown',0,10000,0,'Downtown',0,10200,0,'Downtown',0,11000,0,'Downtown',0,9900,0,'Downtown',0,9800,0,'Downtown',0,9900,0,'Downtown',0,9800,0,'Downtown',0
'190',1300,85400,0,'Downtown',0,15500,0,'Downtown',0,9600,0,'Downtown',0,10700,0,'Downtown',0,10000,0,'Downtown',0,10000,0,'Downtown',0,10000,0,'Downtown',0,10000,0,'Downtown',0,10500,0,'Downtown',0,9400,0,'Downtown',0,10000,0,'Downtown',0,9900,0,'Downtown',0
'191',1300,91400,0,'Downtown',0,9500,0,'Downtown',0,10000,0,'Downtown',0,10000,0,'Downtown',0,10200,0,'Downtown',0,9800,0,'Downtown',0,10500,0,'Downtown',0,9500,0,'Downtown',0,11000,0,'Downtown',0,10000,0,'Downtown',0,10000,0,'Downtown',0,10000,0,'Downtown',0
'192',1300,70500,,'',0,4000,0,'Downtown',0,6600,0,'Downtown',0,10100,0,'Downtown',0,10000,0,'Downtown',0,10000,0,'Downtown',0,10000,0,'Downtown',0,10000,0,'Downtown',0,10000,0,'Downtown',0,10200,0,'Downtown',0,11000,0,'Downtown',0,9900,0,'Downtown',0,9800,0,'Downtown',0,9900,0,'Downtown',0,9800,0,'Downtown',0
'193',1300,70500,,'',0,4000,0,'Downtown',0,6600,0,'Downtown',0,10100,0,'Downtown',0,10000,0,'Downtown',0,10000,0,'Downtown',0,10000,0,'Downtown',0,10000,0,'Downtown',0,10000,0,'Downtown',0,10200,0,'Downtown',0,11000,0,'Downtown',0,9900,0,'Downtown',0,9800,0,'Downtown',0,9900,0,'Downtown',0,9800,0,'Downtown',0
'194',1300,70500,,'',0,4000,0,'Downtown',0,6600,0,'Downtown',0,10100,0,'Downtown',0,10000,0,'Downtown',0,10000,0,'Downtown',0,10000,0,'Downtown',0,10000,0,'Downtown',0,10000,0,'Downtown',0,10200,0,'Downtown',0,11000,0,'Downtown',0,9900,0,'Downtown',0,9800,0,'Downtown',0,9900,0,'Downtown',0,9800,0,'Downtown',0
'195',1300,70500,,'',0,4000,0,'Downtown',0,6600,0,'Downtown',0,10100,0,'Downtown',0,10000,0,'Downtown',0,10000,0,'Downtown',0,10000,0,'Downtown',0,10000,0,'Downtown',0,10000,0,'Downtown',0,10200,0,'Downtown',0,11000,0,'Downtown',0,9900,0,'Downtown',0,9800,0,'Downtown',0,9900,0,'Downtown',0,9800,0,'Downtown',0
'196',1300,85400,0,'Downtown',0,15500,0,'Downtown',0,9600,0,'Downtown',0,10700,0,'Downtown',0,10000,0,'Downtown',0,10000,0,'Downtown',0,10000,0,'Downtown',0,10000,0,'Downtown',0,10500,0,'Downtown',0,9400,0,'Downtown',0,10000,0,'Downtown',0,9900,0,'Downtown',0,41000,0,'Downtown',0,10000,0,'Downtown',0
