'167',1300,85600,0,'Downtown',0,9500,0,'Downtown',0,10000,0,'Downtown',0,10000,0,'Downtown',0,10200,0,'Downtown',0,9800,0,'Downtown',0,10500,0,'Downtown',0,9500,0,'Downtown',0,15000,0,'Downtown',0,10000,0,'Downtown',0,10000,0,'Downtown',0,10000,0,'Downtown',0
'167',1301,85600,4,'',0,9500,4,'',0,10000,4,'',0,10000,4,'',0,10200,4,'',0,9800,4,'',0,10500,4,'',0,9500,4,'',0,15000,4,'',0,10000,4,'',0,10000,4,'',0,10000,4,'',0
'168',1300,64500,,'',0,8100,0,'Downtown',0,2600,0,'Downtown',0,10100,0,'Downtown',0,10000,0,'Downtown',0,10000,0,'Downtown',0,10000,0,'Downtown',0,10000,0,'Downtown',0,10000,0,'Downtown',0,10000,0,'Downtown',0,15200,0,'Downtown',0,9900,0,'Downtown',0,9800,0,'Downtown',0,10000,0,'Downtown',0,9800,0,'Downtown',0
'168',1301,64500,4,'',0,8100,4,'',0,2600,4,'',0,10100,4,'',0,10000,4,'',0,10000,4,'',0,10000,4,'',0,10000,4,'',0,10000,4,'',0,10000,4,'',0,15200,4,'',0,9900,4,'',0,9800,4,'',0,10000,4,'',0,9800,4,'',0
'169',1300,83600,0,'Downtown',0,11500,0,'Downtown',0,9500,0,'Downtown',0,10600,0,'Downtown',0,10000,0,'Downtown',0,10100,0,'Downtown',0,10000,0,'Downtown',0,10000,0,'Downtown',0,10500,0,'Downtown',0,9400,0,'Downtown',0,10000,0,'Downtown',0,9900,0,'Downtown',0
'169',1301,83600,4,'',0,11500,4,'',0,9500,4,'',0,10600,4,'',0,10000,4,'',0,10100,4,'',0,10000,4,'',0,10000,4,'',0,10500,4,'',0,9400,4,'',0,10000,4,'',0,9900,4,'',0
'170',1300,83600,0,'Downtown',0,11500,0,'Downtown',0,9500,0,'Downtown',0,10600,0,'Downtown',0,10000,0,'Downtown',0,10100,0,'Downtown',0,10000,0,'Downtown',0,10000,0,'Downtown',0,10500,0,'Downtown',0,9400,0,'Downtown',0,10000,0,'Downtown',0,9900,0,'Downtown',0
'170',1301,83600,4,'',0,11500,4,'',0,9500,4,'',0,10600,4,'',0,10000,4,'',0,10100,4,'',0,10000,4,'',0,10000,4,'',0,10500,4,'',0,9400,4,'',0,10000,4,'',0,9900,4,'',0
'171',1300,85600,0,'Downtown',0,9500,0,'Downtown',0,10000,0,'Downtown',0,10000,0,'Downtown',0,10200,0,'Downtown',0,9800,0,'Downtown',0,10500,0,'Downtown',0,9500,0,'Downtown',0,15000,0,'Downtown',0,10000,0,'Downtown',0,10000,0,'Downtown',0,10000,0,'Downtown',0
'171',1301,85600,4,'',0,9500,4,'',0,10000,4,'',0,10000,4,'',0,10200,4,'',0,9800,4,'',0,10500,4,'',0,9500,4,'',0,15000,4,'',0,10000,4,'',0,10000,4,'',0,10000,4,'',0
