'181',500,62300,,'',0,2600,,'',0,9000,,'',0,2000,,'',0,7000,,'',0,2500,,'',0,6500,,'',0,2500,,'',0,6500,,'',0,2600,,'',0,6500,,'',0,2500,,'',0,2600,,'',0,8800,,'',0,9100,,'',0,9100,,'',0,8700,,'',0,800,,'',0,2000,,'',0,6500,,'',0,1500,,'',0,1500,,'',0,2500,,'',0,6500,,'',0,2600,,'',0,6500,,'',0,2700,,'',0,8900,,'',0,10000,,'',0,9900,,'',0,10000,,'',0,11500,,'',0
'181',501,62300,4,'',0,2600,4,'',0,9000,4,'',0,2000,4,'',0,7000,4,'',0,2500,4,'',0,6500,4,'',0,2500,4,'',0,6500,4,'',0,2600,4,'',0,6500,4,'',0,2500,4,'',0,2600,4,'',0,8800,4,'',0,9100,4,'',0,9100,4,'',0,8700,4,'',0,800,4,'',0,2000,4,'',0,6500,4,'',0,1500,4,'',0,1500,4,'',0,2500,4,'',0,6500,4,'',0,2600,4,'',0,6500,4,'',0,2700,4,'',0,8900,4,'',0,10000,4,'',0,9900,4,'',0,10000,4,'',0,11500,4,'',0
'182',500,62300,,'',0,2600,,'',0,9000,,'',0,2000,,'',0,7000,,'',0,2500,,'',0,6500,,'',0,2500,,'',0,6500,,'',0,2600,,'',0,6500,,'',0,2500,,'',0,2600,,'',0,8800,,'',0,9100,,'',0,9100,,'',0,8700,,'',0,800,,'',0,2000,,'',0,6500,,'',0,1500,,'',0,1500,,'',0,2500,,'',0,6500,,'',0,2600,,'',0,6500,,'',0,2700,,'',0,8900,,'',0,10000,,'',0,9900,,'',0,10000,,'',0,11500,,'',0
'182',501,62300,4,'',0,2600,4,'',0,9000,4,'',0,2000,4,'',0,7000,4,'',0,2500,4,'',0,6500,4,'',0,2500,4,'',0,6500,4,'',0,2600,4,'',0,6500,4,'',0,2500,4,'',0,2600,4,'',0,8800,4,'',0,9100,4,'',0,9100,4,'',0,8700,4,'',0,800,4,'',0,2000,4,'',0,6500,4,'',0,1500,4,'',0,1500,4,'',0,2500,4,'',0,6500,4,'',0,2600,4,'',0,6500,4,'',0,2700,4,'',0,8900,4,'',0,10000,4,'',0,9900,4,'',0,10000,4,'',0,11500,4,'',0
'183',500,62300,,'',0,2600,,'',0,9000,,'',0,2000,,'',0,7000,,'',0,2500,,'',0,6500,,'',0,2500,,'',0,6500,,'',0,2600,,'',0,6500,,'',0,2500,,'',0,2600,,'',0,8800,,'',0,9100,,'',0,9100,,'',0,8700,,'',0,800,,'',0,2000,,'',0,6500,,'',0,1500,,'',0,1500,,'',0,2500,,'',0,6500,,'',0,2600,,'',0,6500,,'',0,2700,,'',0,8900,,'',0,10000,,'',0,9900,,'',0,10000,,'',0,11500,,'',0
'183',501,62300,4,'',0,2600,4,'',0,9000,4,'',0,2000,4,'',0,7000,4,'',0,2500,4,'',0,6500,4,'',0,2500,4,'',0,6500,4,'',0,2600,4,'',0,6500,4,'',0,2500,4,'',0,2600,4,'',0,8800,4,'',0,9100,4,'',0,9100,4,'',0,8700,4,'',0,800,4,'',0,2000,4,'',0,6500,4,'',0,1500,4,'',0,1500,4,'',0,2500,4,'',0,6500,4,'',0,2600,4,'',0,6500,4,'',0,2700,4,'',0,8900,4,'',0,10000,4,'',0,9900,4,'',0,10000,4,'',0,11500,4,'',0
'184',500,81700,,'',0,2500,,'',0,6600,,'',0,2500,,'',0,2500,,'',0,6600,,'',0,2400,,'',0,6600,,'',0,2400,,'',0,6700,,'',0,2400,,'',0,2700,,'',0,6400,,'',0,3000,,'',0,7000,,'',0,2500,,'',0,7000,,'',0,2500,,'',0,7000,,'',0,2500,,'',0,7000,,'',0,2500,,'',0,2900,,'',0,6400,,'',0,8000,,'',0,9900,,'',0,10000,,'',0,10000,,'',0,10000,,'',0
'184',501,81700,4,'',0,2500,4,'',0,6600,4,'',0,2500,4,'',0,2500,4,'',0,6600,4,'',0,2400,4,'',0,6600,4,'',0,2400,4,'',0,6700,4,'',0,2400,4,'',0,2700,4,'',0,6400,4,'',0,3000,4,'',0,7000,4,'',0,2500,4,'',0,7000,4,'',0,2500,4,'',0,7000,4,'',0,2500,4,'',0,7000,4,'',0,2500,4,'',0,2900,4,'',0,6400,4,'',0,8000,4,'',0,9900,4,'',0,10000,4,'',0,10000,4,'',0,10000,4,'',0
'185',500,83000,,'',0,11600,,'',0,15600,,'',0,11700,,'',0,10400,,'',0,11800,,'',0,11800,,'',0,16000,,'',0,12000,,'',0
'185',501,83000,4,'',0,11600,4,'',0,15600,4,'',0,11700,4,'',0,10400,4,'',0,11800,4,'',0,11800,4,'',0,16000,4,'',0,12000,4,'',0
'186',500,62300,,'',0,2600,,'',0,9000,,'',0,2000,,'',0,7000,,'',0,2500,,'',0,6500,,'',0,2500,,'',0,6500,,'',0,2600,,'',0,6500,,'',0,2500,,'',0,2600,,'',0,8800,,'',0,9100,,'',0,9100,,'',0,8700,,'',0,800,,'',0,2000,,'',0,6500,,'',0,1500,,'',0,1500,,'',0,2500,,'',0,6500,,'',0,2600,,'',0,6500,,'',0,2700,,'',0,8900,,'',0,10000,,'',0,9900,,'',0,10000,,'',0,11500,,'',0
'186',501,62300,4,'',0,2600,4,'',0,9000,4,'',0,2000,4,'',0,7000,4,'',0,2500,4,'',0,6500,4,'',0,2500,4,'',0,6500,4,'',0,2600,4,'',0,6500,4,'',0,2500,4,'',0,2600,4,'',0,8800,4,'',0,9100,4,'',0,9100,4,'',0,8700,4,'',0,800,4,'',0,2000,4,'',0,6500,4,'',0,1500,4,'',0,1500,4,'',0,2500,4,'',0,6500,4,'',0,2600,4,'',0,6500,4,'',0,2700,4,'',0,8900,4,'',0,10000,4,'',0,9900,4,'',0,10000,4,'',0,11500,4,'',0
'187',500,62300,,'',0,2600,,'',0,9000,,'',0,2000,,'',0,7000,,'',0,2500,,'',0,6500,,'',0,2500,,'',0,6500,,'',0,2600,,'',0,6500,,'',0,2500,,'',0,2600,,'',0,8800,,'',0,9100,,'',0,9100,,'',0,8700,,'',0,800,,'',0,2000,,'',0,6500,,'',0,1500,,'',0,1500,,'',0,2500,,'',0,6500,,'',0,2600,,'',0,6500,,'',0,2700,,'',0,8900,,'',0,10000,,'',0,9900,,'',0,10000,,'',0,11500,,'',0
'187',501,62300,4,'',0,2600,4,'',0,9000,4,'',0,2000,4,'',0,7000,4,'',0,2500,4,'',0,6500,4,'',0,2500,4,'',0,6500,4,'',0,2600,4,'',0,6500,4,'',0,2500,4,'',0,2600,4,'',0,8800,4,'',0,9100,4,'',0,9100,4,'',0,8700,4,'',0,800,4,'',0,2000,4,'',0,6500,4,'',0,1500,4,'',0,1500,4,'',0,2500,4,'',0,6500,4,'',0,2600,4,'',0,6500,4,'',0,2700,4,'',0,8900,4,'',0,10000,4,'',0,9900,4,'',0,10000,4,'',0,11500,4,'',0
'188',500,81700,,'',0,2500,,'',0,6600,,'',0,2500,,'',0,2500,,'',0,6600,,'',0,2400,,'',0,6600,,'',0,2400,,'',0,6700,,'',0,2400,,'',0,2700,,'',0,6400,,'',0,3000,,'',0,7000,,'',0,2500,,'',0,7000,,'',0,2500,,'',0,7000,,'',0,2500,,'',0,7000,,'',0,2500,,'',0,2900,,'',0,6400,,'',0,8000,,'',0,9900,,'',0,10000,,'',0,10000,,'',0,10000,,'',0,10000,,'',0,11000,,'',0
'188',501,81700,4,'',0,2500,4,'',0,6600,4,'',0,2500,4,'',0,2500,4,'',0,6600,4,'',0,2400,4,'',0,6600,4,'',0,2400,4,'',0,6700,4,'',0,2400,4,'',0,2700,4,'',0,6400,4,'',0,3000,4,'',0,7000,4,'',0,2500,4,'',0,7000,4,'',0,2500,4,'',0,7000,4,'',0,2500,4,'',0,7000,4,'',0,2500,4,'',0,2900,4,'',0,6400,4,'',0,8000,4,'',0,9900,4,'',0,10000,4,'',0,10000,4,'',0,10000,4,'',0,10000,4,'',0,11000,4,'',0
'181',59001,153400,,'',0
'182',59001,153400,,'',0
'183',59001,153400,,'',0
'186',59001,153400,,'',0
'187',59001,153400,,'',0
'181',59100,73200,,'',0
'182',59100,73200,,'',0
'183',59100,73200,,'',0
'186',59100,73200,,'',0
'187',59100,73200,,'',0
'181',59200,73900,,'',0
'182',59200,73900,,'',0
'183',59200,73900,,'',0
'186',59200,73900,,'',0
'187',59200,73900,,'',0
'181',59401,143200,,'',0
'182',59401,153800,,'',0
'183',59401,153800,,'',0
'186',59401,153800,,'',0
'187',59401,153800,,'',0
'181',59701,154400,,'',0
'182',59701,154400,,'',0
'183',59701,154400,,'',0
'186',59701,154400,,'',0
'187',59701,154400,,'',0
'181',59900,74900,0,'Sahali',0
'181',59901,151300,0,'Sahali',0
'182',59900,74900,0,'Sahali',0
'182',59901,151300,0,'Sahali',0
'183',59900,74900,0,'Sahali',0
'183',59901,151300,0,'Sahali',0
'186',59900,74900,0,'Sahali',0
'186',59901,151300,0,'Sahali',0
'187',59900,74900,0,'Sahali',0
'187',59901,151300,0,'Sahali',0
