'158',701,80500,,'',0,1800,4,'',0,10200,,'',0,1800,4,'',0,7700,,'',0,1800,4,'',0,9200,,'',0,2100,4,'',0,7900,,'',0,2100,4,'',0,7900,,'',0,2100,4,'',0,7900,,'',0,2200,4,'',0,7800,,'',0,2200,4,'',0,8300,,'',0,2200,4,'',0,7300,,'',0,1800,4,'',0,8700,,'',0,1800,4,'',0,8200,,'',0,1800,4,'',0
'159',701,70000,,'',0,2200,4,'',0,7800,,'',0,2500,4,'',0,8000,,'',0,2300,4,'',0,7200,,'',0,2300,4,'',0,200,,'',0,2300,4,'',0,5200,,'',0,2300,4,'',0,9700,,'',0,2300,4,'',0,5700,,'',0,2300,4,'',0,7700,,'',0,2400,4,'',0,7600,,'',0,2600,4,'',0,1400,,'',0,6400,4,'',0,1600,,'',0,1500,,'',0,800,4,'',0,1500,4,'',0,5500,,'',0,2300,4,'',0,400,,'',0,6200,4,'',0,800,,'',0,2200,4,'',0,7800,,'',0,2100,4,'',0,21300,,'',0,5800,4,'',0
'160',701,70000,,'',0,2200,4,'',0,7800,,'',0,2500,4,'',0,8000,,'',0,2300,4,'',0,7200,,'',0,2300,4,'',0,200,,'',0,2300,4,'',0,5200,,'',0,2300,4,'',0,9700,,'',0,2300,4,'',0,5700,,'',0,2300,4,'',0,7700,,'',0,2400,4,'',0,7600,,'',0,2600,4,'',0,1400,,'',0,6400,4,'',0,1600,,'',0,1500,,'',0,800,4,'',0,1500,4,'',0,5500,,'',0,2300,4,'',0,400,,'',0,6200,4,'',0,800,,'',0,2200,4,'',0,7800,,'',0,2100,4,'',0,21300,,'',0,5800,4,'',0
'161',701,70000,,'',0,2200,4,'',0,7800,,'',0,2500,4,'',0,8000,,'',0,2300,4,'',0,7200,,'',0,2300,4,'',0,200,,'',0,2300,4,'',0,5200,,'',0,2300,4,'',0,9700,,'',0,2300,4,'',0,5700,,'',0,2300,4,'',0,7700,,'',0,2400,4,'',0,7600,,'',0,2600,4,'',0,1400,,'',0,6400,4,'',0,1600,,'',0,1500,,'',0,800,4,'',0,1500,4,'',0,5500,,'',0,2300,4,'',0,400,,'',0,6200,4,'',0,800,,'',0,2200,4,'',0,7800,,'',0,2100,4,'',0,21300,,'',0,5800,4,'',0
'162',701,70000,,'',0,2200,4,'',0,7800,,'',0,2500,4,'',0,8000,,'',0,2300,4,'',0,7200,,'',0,2300,4,'',0,200,,'',0,2300,4,'',0,5200,,'',0,2300,4,'',0,9700,,'',0,2300,4,'',0,5700,,'',0,2300,4,'',0,7700,,'',0,2400,4,'',0,7600,,'',0,2600,4,'',0,1400,,'',0,6400,4,'',0,1600,,'',0,1500,,'',0,800,4,'',0,1500,4,'',0,5500,,'',0,2300,4,'',0,400,,'',0,6200,4,'',0,800,,'',0,2200,4,'',0,7800,,'',0,2100,4,'',0,21300,,'',0,5800,4,'',0
'163',701,70000,,'',0,2200,4,'',0,7800,,'',0,2500,4,'',0,8000,,'',0,2300,4,'',0,7200,,'',0,2300,4,'',0,200,,'',0,2300,4,'',0,5200,,'',0,2300,4,'',0,9700,,'',0,2300,4,'',0,5700,,'',0,2300,4,'',0,7700,,'',0,2400,4,'',0,7600,,'',0,2600,4,'',0,1400,,'',0,6400,4,'',0,1600,,'',0,1500,,'',0,800,4,'',0,1500,4,'',0,5500,,'',0,2300,4,'',0,400,,'',0,6200,4,'',0,800,,'',0,2200,4,'',0,7800,,'',0,2100,4,'',0,21300,,'',0,5800,4,'',0
'164',701,80000,,'',0,2200,4,'',0,8300,,'',0,2200,4,'',0,7300,,'',0,2200,4,'',0,7800,,'',0,2200,4,'',0,7800,,'',0,2200,4,'',0,7800,,'',0,2200,4,'',0,7800,,'',0,2200,4,'',0,7800,,'',0,2200,4,'',0,800,,'',0,2200,4,'',0,4800,,'',0,2200,4,'',0,800,,'',0,2200,4,'',0,4800,,'',0,2200,4,'',0,800,,'',0,2200,4,'',0,4800,,'',0,2200,4,'',0,12400,,'',0,6200,4,'',0,9700,,'',0,1800,4,'',0
'165',701,80500,,'',0,1800,4,'',0,10200,,'',0,1800,4,'',0,7700,,'',0,1800,4,'',0,9200,,'',0,2100,4,'',0,7900,,'',0,2100,4,'',0,7900,,'',0,2100,4,'',0,7900,,'',0,2200,4,'',0,7800,,'',0,2200,4,'',0,8300,,'',0,2200,4,'',0,7300,,'',0,1800,4,'',0,8700,,'',0,1800,4,'',0,8200,,'',0,1800,4,'',0
'166',701,80000,,'',0,2200,4,'',0,8300,,'',0,2200,4,'',0,7300,,'',0,2200,4,'',0,7800,,'',0,2200,4,'',0,7800,,'',0,2200,4,'',0,7800,,'',0,2200,4,'',0,7800,,'',0,2200,4,'',0,7800,,'',0,2200,4,'',0,800,,'',0,2200,4,'',0,4800,,'',0,2200,4,'',0,800,,'',0,2200,4,'',0,4800,,'',0,2200,4,'',0,800,,'',0,2200,4,'',0,4800,,'',0,2200,4,'',0,12400,,'',0,6200,4,'',0,9700,,'',0,1800,4,'',0
'159',59801,81000,,'',0,1000,,'',0
'160',59801,81000,,'',0,1000,,'',0
'161',59801,81000,,'',0,1000,,'',0
'162',59801,81000,,'',0,1000,,'',0
'163',59801,81000,,'',0,1000,,'',0
