'181',800,61000,,'',0,1800,,'',0,1700,,'',0,1400,,'',0,5600,,'',0,600,,'',0,900,,'',0,1700,,'',0,5600,,'',0,1500,,'',0,1500,,'',0,1500,,'',0,5400,,'',0,1600,,'',0,1400,,'',0,1600,,'',0,5400,,'',0,1600,,'',0,1500,,'',0,7000,,'',0,3100,,'',0,6900,,'',0,3200,,'',0,6800,,'',0,3100,,'',0,6900,,'',0,3100,,'',0,1400,,'',0,5500,,'',0,1600,,'',0,1400,,'',0,1600,,'',0,5400,,'',0,1600,,'',0,1300,,'',0,1700,,'',0,5300,,'',0,1700,,'',0,1200,,'',0,1700,,'',0,5300,,'',0,1600,,'',0,1400,,'',0,7100,,'',0,2700,,'',0,7200,,'',0,2800,,'',0,3000,,'',0,7000,,'',0,3000,,'',0,7000,,'',0,3000,,'',0,7000,,'',0,3000,,'',0,7000,,'',0,3000,,'',0
'181',801,61000,4,'',0,1800,4,'',0,1700,4,'',0,1400,4,'',0,5600,4,'',0,600,4,'',0,900,4,'',0,1700,4,'',0,5600,4,'',0,1500,4,'',0,1500,4,'',0,1500,4,'',0,5400,4,'',0,1600,4,'',0,1400,4,'',0,1600,4,'',0,5400,4,'',0,1600,4,'',0,1500,4,'',0,7000,4,'',0,3100,4,'',0,6900,4,'',0,3200,4,'',0,6800,4,'',0,3100,4,'',0,6900,4,'',0,3100,4,'',0,1400,4,'',0,5500,4,'',0,1600,4,'',0,1400,4,'',0,1600,4,'',0,5400,4,'',0,1600,4,'',0,1300,4,'',0,1700,4,'',0,5300,4,'',0,1700,4,'',0,1200,4,'',0,1700,4,'',0,5300,4,'',0,1600,4,'',0,1400,4,'',0,7100,4,'',0,2700,4,'',0,7200,4,'',0,2800,4,'',0,3000,4,'',0,7000,4,'',0,3000,4,'',0,7000,4,'',0,3000,4,'',0,7000,4,'',0,3000,4,'',0,7000,4,'',0,3000,4,'',0
'182',800,61000,,'',0,1800,,'',0,1700,,'',0,1400,,'',0,5600,,'',0,600,,'',0,900,,'',0,1700,,'',0,5600,,'',0,1500,,'',0,1500,,'',0,1500,,'',0,5400,,'',0,1600,,'',0,1400,,'',0,1600,,'',0,5400,,'',0,1600,,'',0,1500,,'',0,7000,,'',0,3100,,'',0,6900,,'',0,3200,,'',0,6800,,'',0,3100,,'',0,6900,,'',0,3100,,'',0,1400,,'',0,5500,,'',0,1600,,'',0,1400,,'',0,1600,,'',0,5400,,'',0,1600,,'',0,1300,,'',0,1700,,'',0,5300,,'',0,1700,,'',0,1200,,'',0,1700,,'',0,5300,,'',0,1600,,'',0,1400,,'',0,7100,,'',0,2700,,'',0,7200,,'',0,2800,,'',0,3000,,'',0,7000,,'',0,3000,,'',0,7000,,'',0,3000,,'',0,7000,,'',0,3000,,'',0,7000,,'',0,3000,,'',0
'182',801,61000,4,'',0,1800,4,'',0,1700,4,'',0,1400,4,'',0,5600,4,'',0,600,4,'',0,900,4,'',0,1700,4,'',0,5600,4,'',0,1500,4,'',0,1500,4,'',0,1500,4,'',0,5400,4,'',0,1600,4,'',0,1400,4,'',0,1600,4,'',0,5400,4,'',0,1600,4,'',0,1500,4,'',0,7000,4,'',0,3100,4,'',0,6900,4,'',0,3200,4,'',0,6800,4,'',0,3100,4,'',0,6900,4,'',0,3100,4,'',0,1400,4,'',0,5500,4,'',0,1600,4,'',0,1400,4,'',0,1600,4,'',0,5400,4,'',0,1600,4,'',0,1300,4,'',0,1700,4,'',0,5300,4,'',0,1700,4,'',0,1200,4,'',0,1700,4,'',0,5300,4,'',0,1600,4,'',0,1400,4,'',0,7100,4,'',0,2700,4,'',0,7200,4,'',0,2800,4,'',0,3000,4,'',0,7000,4,'',0,3000,4,'',0,7000,4,'',0,3000,4,'',0,7000,4,'',0,3000,4,'',0,7000,4,'',0,3000,4,'',0
'183',800,61000,,'',0,1800,,'',0,1700,,'',0,1400,,'',0,5600,,'',0,600,,'',0,900,,'',0,1700,,'',0,5600,,'',0,1500,,'',0,1500,,'',0,1500,,'',0,5400,,'',0,1600,,'',0,1400,,'',0,1600,,'',0,5400,,'',0,1600,,'',0,1500,,'',0,7000,,'',0,3100,,'',0,6900,,'',0,3200,,'',0,6800,,'',0,3100,,'',0,6900,,'',0,3100,,'',0,1400,,'',0,5500,,'',0,1600,,'',0,1400,,'',0,1600,,'',0,5400,,'',0,1600,,'',0,1300,,'',0,1700,,'',0,5300,,'',0,1700,,'',0,1200,,'',0,1700,,'',0,5300,,'',0,1600,,'',0,1400,,'',0,7100,,'',0,2700,,'',0,7200,,'',0,2800,,'',0,3000,,'',0,7000,,'',0,3000,,'',0,7000,,'',0,3000,,'',0,7000,,'',0,3000,,'',0,7000,,'',0,3000,,'',0
'183',801,61000,4,'',0,1800,4,'',0,1700,4,'',0,1400,4,'',0,5600,4,'',0,600,4,'',0,900,4,'',0,1700,4,'',0,5600,4,'',0,1500,4,'',0,1500,4,'',0,1500,4,'',0,5400,4,'',0,1600,4,'',0,1400,4,'',0,1600,4,'',0,5400,4,'',0,1600,4,'',0,1500,4,'',0,7000,4,'',0,3100,4,'',0,6900,4,'',0,3200,4,'',0,6800,4,'',0,3100,4,'',0,6900,4,'',0,3100,4,'',0,1400,4,'',0,5500,4,'',0,1600,4,'',0,1400,4,'',0,1600,4,'',0,5400,4,'',0,1600,4,'',0,1300,4,'',0,1700,4,'',0,5300,4,'',0,1700,4,'',0,1200,4,'',0,1700,4,'',0,5300,4,'',0,1600,4,'',0,1400,4,'',0,7100,4,'',0,2700,4,'',0,7200,4,'',0,2800,4,'',0,3000,4,'',0,7000,4,'',0,3000,4,'',0,7000,4,'',0,3000,4,'',0,7000,4,'',0,3000,4,'',0,7000,4,'',0,3000,4,'',0
'184',800,64000,,'',0,6900,,'',0,3100,,'',0,6900,,'',0,3100,,'',0,7200,,'',0,3000,,'',0,7200,,'',0,3100,,'',0,1400,,'',0,5900,,'',0,1400,,'',0,2000,,'',0,7000,,'',0,3400,,'',0,7000,,'',0,3100,,'',0,6900,,'',0,2100,,'',0,5500,,'',0,1900,,'',0,1600,,'',0,1400,,'',0,5500,,'',0,2300,,'',0,900,,'',0,2100,,'',0,5500,,'',0,3100,,'',0,7200,,'',0,3500,,'',0,7300,,'',0,3000,,'',0,7400,,'',0,10200,,'',0,10100,,'',0,9900,,'',0,9900,,'',0,2900,,'',0,7000,,'',0
'184',801,64000,4,'',0,6900,4,'',0,3100,4,'',0,6900,4,'',0,3100,4,'',0,7200,4,'',0,3000,4,'',0,7200,4,'',0,3100,4,'',0,1400,4,'',0,5900,4,'',0,1400,4,'',0,2000,4,'',0,7000,4,'',0,3400,4,'',0,7000,4,'',0,3100,4,'',0,6900,4,'',0,2100,4,'',0,5500,4,'',0,1900,4,'',0,1600,4,'',0,1400,4,'',0,5500,4,'',0,2300,4,'',0,900,4,'',0,2100,4,'',0,5500,4,'',0,3100,4,'',0,7200,4,'',0,3500,4,'',0,7300,4,'',0,3000,4,'',0,7400,4,'',0,10200,4,'',0,10100,4,'',0,9900,4,'',0,9900,4,'',0,2900,4,'',0,7000,4,'',0
'185',800,72600,,'',0,2900,,'',0,9800,,'',0,10000,,'',0,6200,,'',0,3800,,'',0,6600,,'',0,3500,,'',0,6900,,'',0,3000,,'',0,7400,,'',0,3000,,'',0,6500,,'',0,3000,,'',0,7500,,'',0,3000,,'',0,7000,,'',0,3000,,'',0,7000,,'',0,3000,,'',0,7200,,'',0,2500,,'',0,9900,,'',0,10100,,'',0,10000,,'',0,9800,,'',0,10000,,'',0
'185',801,72600,4,'',0,2900,4,'',0,9800,4,'',0,10000,4,'',0,6200,4,'',0,3800,4,'',0,6600,4,'',0,3500,4,'',0,6900,4,'',0,3000,4,'',0,7400,4,'',0,3000,4,'',0,6500,4,'',0,3000,4,'',0,7500,4,'',0,3000,4,'',0,7000,4,'',0,3000,4,'',0,7000,4,'',0,3000,4,'',0,7200,4,'',0,2500,4,'',0,9900,4,'',0,10100,4,'',0,10000,4,'',0,9800,4,'',0,10000,4,'',0
'186',800,61000,,'',0,1800,,'',0,1700,,'',0,1400,,'',0,5600,,'',0,600,,'',0,900,,'',0,1700,,'',0,5600,,'',0,1500,,'',0,1500,,'',0,1500,,'',0,5400,,'',0,1600,,'',0,1400,,'',0,1600,,'',0,5400,,'',0,1600,,'',0,1500,,'',0,7000,,'',0,3100,,'',0,6900,,'',0,3200,,'',0,6800,,'',0,3100,,'',0,6900,,'',0,3100,,'',0,1400,,'',0,5500,,'',0,1600,,'',0,1400,,'',0,1600,,'',0,5400,,'',0,1600,,'',0,1300,,'',0,1700,,'',0,5300,,'',0,1700,,'',0,1200,,'',0,1700,,'',0,5300,,'',0,1600,,'',0,1400,,'',0,7100,,'',0,2700,,'',0,7200,,'',0,2800,,'',0,3000,,'',0,7000,,'',0,3000,,'',0,7000,,'',0,3000,,'',0,7000,,'',0,3000,,'',0,7000,,'',0,3000,,'',0
'186',801,61000,4,'',0,1800,4,'',0,1700,4,'',0,1400,4,'',0,5600,4,'',0,600,4,'',0,900,4,'',0,1700,4,'',0,5600,4,'',0,1500,4,'',0,1500,4,'',0,1500,4,'',0,5400,4,'',0,1600,4,'',0,1400,4,'',0,1600,4,'',0,5400,4,'',0,1600,4,'',0,1500,4,'',0,7000,4,'',0,3100,4,'',0,6900,4,'',0,3200,4,'',0,6800,4,'',0,3100,4,'',0,6900,4,'',0,3100,4,'',0,1400,4,'',0,5500,4,'',0,1600,4,'',0,1400,4,'',0,1600,4,'',0,5400,4,'',0,1600,4,'',0,1300,4,'',0,1700,4,'',0,5300,4,'',0,1700,4,'',0,1200,4,'',0,1700,4,'',0,5300,4,'',0,1600,4,'',0,1400,4,'',0,7100,4,'',0,2700,4,'',0,7200,4,'',0,2800,4,'',0,3000,4,'',0,7000,4,'',0,3000,4,'',0,7000,4,'',0,3000,4,'',0,7000,4,'',0,3000,4,'',0,7000,4,'',0,3000,4,'',0
'187',800,61000,,'',0,1800,,'',0,1700,,'',0,1400,,'',0,5600,,'',0,600,,'',0,900,,'',0,1700,,'',0,5600,,'',0,1500,,'',0,1500,,'',0,1500,,'',0,5400,,'',0,1600,,'',0,1400,,'',0,1600,,'',0,5400,,'',0,1600,,'',0,1500,,'',0,7000,,'',0,3100,,'',0,6900,,'',0,3200,,'',0,6800,,'',0,3100,,'',0,6900,,'',0,3100,,'',0,1400,,'',0,5500,,'',0,1600,,'',0,1400,,'',0,1600,,'',0,5400,,'',0,1600,,'',0,1300,,'',0,1700,,'',0,5300,,'',0,1700,,'',0,1200,,'',0,1700,,'',0,5300,,'',0,1600,,'',0,1400,,'',0,7100,,'',0,2700,,'',0,7200,,'',0,2800,,'',0,3000,,'',0,7000,,'',0,3000,,'',0,7000,,'',0,3000,,'',0,7000,,'',0,3000,,'',0,7000,,'',0,3000,,'',0
'187',801,61000,4,'',0,1800,4,'',0,1700,4,'',0,1400,4,'',0,5600,4,'',0,600,4,'',0,900,4,'',0,1700,4,'',0,5600,4,'',0,1500,4,'',0,1500,4,'',0,1500,4,'',0,5400,4,'',0,1600,4,'',0,1400,4,'',0,1600,4,'',0,5400,4,'',0,1600,4,'',0,1500,4,'',0,7000,4,'',0,3100,4,'',0,6900,4,'',0,3200,4,'',0,6800,4,'',0,3100,4,'',0,6900,4,'',0,3100,4,'',0,1400,4,'',0,5500,4,'',0,1600,4,'',0,1400,4,'',0,1600,4,'',0,5400,4,'',0,1600,4,'',0,1300,4,'',0,1700,4,'',0,5300,4,'',0,1700,4,'',0,1200,4,'',0,1700,4,'',0,5300,4,'',0,1600,4,'',0,1400,4,'',0,7100,4,'',0,2700,4,'',0,7200,4,'',0,2800,4,'',0,3000,4,'',0,7000,4,'',0,3000,4,'',0,7000,4,'',0,3000,4,'',0,7000,4,'',0,3000,4,'',0,7000,4,'',0,3000,4,'',0
'188',800,64000,,'',0,6900,,'',0,3100,,'',0,6900,,'',0,3100,,'',0,7200,,'',0,3000,,'',0,7200,,'',0,3100,,'',0,1400,,'',0,5900,,'',0,1400,,'',0,2000,,'',0,7000,,'',0,3400,,'',0,7000,,'',0,3100,,'',0,6900,,'',0,2100,,'',0,5500,,'',0,1900,,'',0,1600,,'',0,1400,,'',0,5500,,'',0,2300,,'',0,900,,'',0,2100,,'',0,5500,,'',0,3100,,'',0,7200,,'',0,3500,,'',0,7300,,'',0,3000,,'',0,7400,,'',0,10200,,'',0,10100,,'',0,9900,,'',0,9900,,'',0,2900,,'',0,7000,,'',0,3000,,'',0
'188',801,64000,4,'',0,6900,4,'',0,3100,4,'',0,6900,4,'',0,3100,4,'',0,7200,4,'',0,3000,4,'',0,7200,4,'',0,3100,4,'',0,1400,4,'',0,5900,4,'',0,1400,4,'',0,2000,4,'',0,7000,4,'',0,3400,4,'',0,7000,4,'',0,3100,4,'',0,6900,4,'',0,2100,4,'',0,5500,4,'',0,1900,4,'',0,1600,4,'',0,1400,4,'',0,5500,4,'',0,2300,4,'',0,900,4,'',0,2100,4,'',0,5500,4,'',0,3100,4,'',0,7200,4,'',0,3500,4,'',0,7300,4,'',0,3000,4,'',0,7400,4,'',0,10200,4,'',0,10100,4,'',0,9900,4,'',0,9900,4,'',0,2900,4,'',0,7000,4,'',0,3000,4,'',0
'181',59300,74000,,'',0
'181',59301,153300,,'',0
'182',59300,74000,,'',0
'182',59301,153300,,'',0
'183',59300,74000,,'',0
'183',59301,153300,,'',0
'186',59300,74000,,'',0
'186',59301,153300,,'',0
'187',59300,74000,,'',0
'187',59301,153300,,'',0
'181',59900,74500,0,'Sahali',0
'181',59901,150900,0,'Sahali',0
'182',59900,74500,0,'Sahali',0
'182',59901,150900,0,'Sahali',0
'183',59900,74500,0,'Sahali',0
'183',59901,150900,0,'Sahali',0
'186',59900,74500,0,'Sahali',0
'186',59901,150900,0,'Sahali',0
'187',59900,74500,0,'Sahali',0
'187',59901,150900,0,'Sahali',0
