'151',1300,70000,,'',0,4000,0,'Downtown',0,6600,0,'Downtown',0,10100,0,'Downtown',0,10000,0,'Downtown',0,10000,0,'Downtown',0,10000,0,'Downtown',0,10000,0,'Downtown',0,10000,0,'Downtown',0,10100,0,'Downtown',0,11100,0,'Downtown',0,9900,0,'Downtown',0,9800,0,'Downtown',0,9900,0,'Downtown',0,9800,0,'Downtown',0
'152',1300,70000,,'',0,4000,0,'Downtown',0,6600,0,'Downtown',0,10100,0,'Downtown',0,10000,0,'Downtown',0,10000,0,'Downtown',0,10000,0,'Downtown',0,10000,0,'Downtown',0,10000,0,'Downtown',0,10100,0,'Downtown',0,11100,0,'Downtown',0,9900,0,'Downtown',0,9800,0,'Downtown',0,9900,0,'Downtown',0,9800,0,'Downtown',0
'153',1300,70000,,'',0,4000,0,'Downtown',0,6600,0,'Downtown',0,10100,0,'Downtown',0,10000,0,'Downtown',0,10000,0,'Downtown',0,10000,0,'Downtown',0,10000,0,'Downtown',0,10000,0,'Downtown',0,10100,0,'Downtown',0,11100,0,'Downtown',0,9900,0,'Downtown',0,9800,0,'Downtown',0,9900,0,'Downtown',0,9800,0,'Downtown',0
'154',1300,84900,0,'Downtown',0,15500,0,'Downtown',0,9600,0,'Downtown',0,10700,0,'Downtown',0,10000,0,'Downtown',0,10000,0,'Downtown',0,10000,0,'Downtown',0,10000,0,'Downtown',0,10500,0,'Downtown',0,9400,0,'Downtown',0,10000,0,'Downtown',0,9900,0,'Downtown',0
'155',1300,90900,0,'Downtown',0,9500,0,'Downtown',0,10000,0,'Downtown',0,10000,0,'Downtown',0,10200,0,'Downtown',0,9800,0,'Downtown',0,10500,0,'Downtown',0,9500,0,'Downtown',0,11000,0,'Downtown',0,10000,0,'Downtown',0,10000,0,'Downtown',0,10000,0,'Downtown',0
'156',1300,70000,,'',0,4000,0,'Downtown',0,6600,0,'Downtown',0,10100,0,'Downtown',0,10000,0,'Downtown',0,10000,0,'Downtown',0,10000,0,'Downtown',0,10000,0,'Downtown',0,10000,0,'Downtown',0,10100,0,'Downtown',0,11100,0,'Downtown',0,9900,0,'Downtown',0,9800,0,'Downtown',0,9900,0,'Downtown',0,9800,0,'Downtown',0
'157',1300,70000,,'',0,4000,0,'Downtown',0,6600,0,'Downtown',0,10100,0,'Downtown',0,10000,0,'Downtown',0,10000,0,'Downtown',0,10000,0,'Downtown',0,10000,0,'Downtown',0,10000,0,'Downtown',0,10100,0,'Downtown',0,11100,0,'Downtown',0,9900,0,'Downtown',0,9800,0,'Downtown',0,9900,0,'Downtown',0,9800,0,'Downtown',0
'151',1400,70600,,'',0,2800,,'',0,9600,,'',0,8600,,'',0,9900,,'',0,10300,,'',0,9700,,'',0,10100,,'',0,10200,,'',0,11100,,'',0,9300,,'',0,10900,,'',0,9600,,'',0,11500,,'',0,8900,,'',0,9900,,'',0,11400,,'',0,11400,,'',0
'152',1400,70600,,'',0,2800,,'',0,9600,,'',0,8600,,'',0,9900,,'',0,10300,,'',0,9700,,'',0,10100,,'',0,10200,,'',0,11100,,'',0,9300,,'',0,10900,,'',0,9600,,'',0,11500,,'',0,8900,,'',0,9900,,'',0,11400,,'',0,11400,,'',0
'153',1400,70600,,'',0,2800,,'',0,9600,,'',0,8600,,'',0,9900,,'',0,10300,,'',0,9700,,'',0,10100,,'',0,10200,,'',0,11100,,'',0,9300,,'',0,10900,,'',0,9600,,'',0,11500,,'',0,8900,,'',0,9900,,'',0,11400,,'',0,11400,,'',0
'154',1400,81400,,'',0,10300,,'',0,9000,,'',0,13000,,'',0,17100,,'',0,10100,,'',0,13000,,'',0,17300,,'',0,10400,,'',0,8700,,'',0,10300,,'',0,10500,,'',0,11000,,'',0,11900,,'',0
'155',1400,92000,,'',0,10000,,'',0,10100,,'',0,9700,,'',0,20200,,'',0,20700,,'',0,10300,,'',0,11200,,'',0,8300,,'',0,12900,,'',0
'156',1400,70600,,'',0,2800,,'',0,9600,,'',0,8600,,'',0,9900,,'',0,10300,,'',0,9700,,'',0,10100,,'',0,10200,,'',0,11100,,'',0,9300,,'',0,10900,,'',0,9600,,'',0,11500,,'',0,8900,,'',0,9900,,'',0,11400,,'',0,11400,,'',0
'157',1400,70600,,'',0,2800,,'',0,9600,,'',0,8600,,'',0,9900,,'',0,10300,,'',0,9700,,'',0,10100,,'',0,10200,,'',0,11100,,'',0,9300,,'',0,10900,,'',0,9600,,'',0,11500,,'',0,8900,,'',0,9900,,'',0,11400,,'',0,11400,,'',0
