'189',1300,65300,,'',0,8000,0,'Downtown',0,2600,0,'Downtown',0,14100,0,'Downtown',0,10000,0,'Downtown',0,10000,0,'Downtown',0,10000,0,'Downtown',0,10000,0,'Downtown',0,10000,0,'Downtown',0,10000,0,'Downtown',0,11200,0,'Downtown',0,9900,0,'Downtown',0,9800,0,'Downtown',0,10000,0,'Downtown',0,9800,0,'Downtown',0
'190',1300,84300,0,'Downtown',0,11500,0,'Downtown',0,9500,0,'Downtown',0,10600,0,'Downtown',0,10000,0,'Downtown',0,14100,0,'Downtown',0,10000,0,'Downtown',0,10000,0,'Downtown',0,10500,0,'Downtown',0,5400,0,'Downtown',0,10000,0,'Downtown',0,9900,0,'Downtown',0
'191',1300,90300,0,'Downtown',0,5500,0,'Downtown',0,10000,0,'Downtown',0,10000,0,'Downtown',0,14200,0,'Downtown',0,5800,0,'Downtown',0,14500,0,'Downtown',0,5500,0,'Downtown',0,15000,0,'Downtown',0,10000,0,'Downtown',0,10000,0,'Downtown',0,10000,0,'Downtown',0
'192',1300,65300,,'',0,8000,0,'Downtown',0,2600,0,'Downtown',0,14100,0,'Downtown',0,10000,0,'Downtown',0,10000,0,'Downtown',0,10000,0,'Downtown',0,10000,0,'Downtown',0,10000,0,'Downtown',0,10000,0,'Downtown',0,11200,0,'Downtown',0,9900,0,'Downtown',0,9800,0,'Downtown',0,10000,0,'Downtown',0,9800,0,'Downtown',0
'193',1300,65300,,'',0,8000,0,'Downtown',0,2600,0,'Downtown',0,14100,0,'Downtown',0,10000,0,'Downtown',0,10000,0,'Downtown',0,10000,0,'Downtown',0,10000,0,'Downtown',0,10000,0,'Downtown',0,10000,0,'Downtown',0,11200,0,'Downtown',0,9900,0,'Downtown',0,9800,0,'Downtown',0,10000,0,'Downtown',0,9800,0,'Downtown',0
'194',1300,65300,,'',0,8000,0,'Downtown',0,2600,0,'Downtown',0,14100,0,'Downtown',0,10000,0,'Downtown',0,10000,0,'Downtown',0,10000,0,'Downtown',0,10000,0,'Downtown',0,10000,0,'Downtown',0,10000,0,'Downtown',0,11200,0,'Downtown',0,9900,0,'Downtown',0,9800,0,'Downtown',0,10000,0,'Downtown',0,9800,0,'Downtown',0
'195',1300,65300,,'',0,8000,0,'Downtown',0,2600,0,'Downtown',0,14100,0,'Downtown',0,10000,0,'Downtown',0,10000,0,'Downtown',0,10000,0,'Downtown',0,10000,0,'Downtown',0,10000,0,'Downtown',0,10000,0,'Downtown',0,11200,0,'Downtown',0,9900,0,'Downtown',0,9800,0,'Downtown',0,10000,0,'Downtown',0,9800,0,'Downtown',0
'196',1300,84300,0,'Downtown',0,11500,0,'Downtown',0,9500,0,'Downtown',0,10600,0,'Downtown',0,10000,0,'Downtown',0,14100,0,'Downtown',0,10000,0,'Downtown',0,10000,0,'Downtown',0,10500,0,'Downtown',0,5400,0,'Downtown',0,10000,0,'Downtown',0,9900,0,'Downtown',0,45000,0,'Downtown',0,10000,0,'Downtown',0
'189',1400,70000,,'',0,2800,,'',0,9600,,'',0,8600,,'',0,9900,,'',0,10300,,'',0,9700,,'',0,10100,,'',0,10200,,'',0,11100,,'',0,9300,,'',0,10900,,'',0,9600,,'',0,11500,,'',0,8900,,'',0,9900,,'',0,11500,,'',0,11400,,'',0
'190',1400,80800,,'',0,10300,,'',0,9000,,'',0,13000,,'',0,17100,,'',0,10100,,'',0,13000,,'',0,17300,,'',0,10400,,'',0,4800,,'',0,14300,,'',0,10500,,'',0,11000,,'',0,12000,,'',0
'191',1400,91500,,'',0,10000,,'',0,10100,,'',0,9700,,'',0,20100,,'',0,20700,,'',0,10300,,'',0,11200,,'',0,8300,,'',0,12900,,'',0
'192',1400,70000,,'',0,2800,,'',0,9600,,'',0,8600,,'',0,9900,,'',0,10300,,'',0,9700,,'',0,10100,,'',0,10200,,'',0,11100,,'',0,9300,,'',0,10900,,'',0,9600,,'',0,11500,,'',0,8900,,'',0,9900,,'',0,11500,,'',0,11400,,'',0
'193',1400,70000,,'',0,2800,,'',0,9600,,'',0,8600,,'',0,9900,,'',0,10300,,'',0,9700,,'',0,10100,,'',0,10200,,'',0,11100,,'',0,9300,,'',0,10900,,'',0,9600,,'',0,11500,,'',0,8900,,'',0,9900,,'',0,11500,,'',0,11400,,'',0
'194',1400,70000,,'',0,2800,,'',0,9600,,'',0,8600,,'',0,9900,,'',0,10300,,'',0,9700,,'',0,10100,,'',0,10200,,'',0,11100,,'',0,9300,,'',0,10900,,'',0,9600,,'',0,11500,,'',0,8900,,'',0,9900,,'',0,11500,,'',0,11400,,'',0
'195',1400,70000,,'',0,2800,,'',0,9600,,'',0,8600,,'',0,9900,,'',0,10300,,'',0,9700,,'',0,10100,,'',0,10200,,'',0,11100,,'',0,9300,,'',0,10900,,'',0,9600,,'',0,11500,,'',0,8900,,'',0,9900,,'',0,11500,,'',0,11400,,'',0
'196',1400,80800,,'',0,10300,,'',0,9000,,'',0,13000,,'',0,17100,,'',0,10100,,'',0,13000,,'',0,17300,,'',0,10400,,'',0,4800,,'',0,14300,,'',0,10500,,'',0,11000,,'',0,12000,,'',0,9700,,'',0,10800,,'',0
