'151',1000,70600,4,'',0,2500,4,'',0,1500,4,'',0,5700,4,'',0,2000,4,'',0,1500,4,'',0,2000,4,'',0,5000,4,'',0,2500,4,'',0,1500,4,'',0,6000,4,'',0,4000,4,'',0,8000,4,'',0,8000,4,'',0,4000,4,'',0,8000,4,'',0,8000,4,'',0,4100,4,'',0,6000,4,'',0,1900,4,'',0,2000,4,'',0,6000,4,'',0,2000,4,'',0,2000,4,'',0,5900,4,'',0,2000,4,'',0,2000,4,'',0,6000,4,'',0,3900,4,'',0,8000,4,'',0,18800,4,'',0
'151',1001,64000,,'',0,8000,,'',0,1500,,'',0,2000,,'',0,5500,,'',0,2000,,'',0,1000,,'',0,1000,,'',0,5500,,'',0,1500,,'',0,2000,,'',0,8000,,'',0,8000,,'',0,4000,,'',0,8000,,'',0,8000,,'',0,4000,,'',0,8000,,'',0,2000,,'',0,6000,,'',0,2000,,'',0,2000,,'',0,6000,,'',0,2000,,'',0,2000,,'',0,6000,,'',0,2000,,'',0,2000,,'',0,8000,,'',0,8000,,'',0,22000,,'',0
'152',1000,70600,4,'',0,2500,4,'',0,1500,4,'',0,5700,4,'',0,2000,4,'',0,1500,4,'',0,2000,4,'',0,5000,4,'',0,2500,4,'',0,1500,4,'',0,6000,4,'',0,4000,4,'',0,8000,4,'',0,8000,4,'',0,4000,4,'',0,8000,4,'',0,8000,4,'',0,4100,4,'',0,6000,4,'',0,1900,4,'',0,2000,4,'',0,6000,4,'',0,2000,4,'',0,2000,4,'',0,5900,4,'',0,2000,4,'',0,2000,4,'',0,6000,4,'',0,3900,4,'',0,8000,4,'',0,18800,4,'',0
'152',1001,64000,,'',0,8000,,'',0,1500,,'',0,2000,,'',0,5500,,'',0,2000,,'',0,1000,,'',0,1000,,'',0,5500,,'',0,1500,,'',0,2000,,'',0,8000,,'',0,8000,,'',0,4000,,'',0,8000,,'',0,8000,,'',0,4000,,'',0,8000,,'',0,2000,,'',0,6000,,'',0,2000,,'',0,2000,,'',0,6000,,'',0,2000,,'',0,2000,,'',0,6000,,'',0,2000,,'',0,2000,,'',0,8000,,'',0,8000,,'',0,22000,,'',0
'153',1000,70600,4,'',0,2500,4,'',0,1500,4,'',0,5700,4,'',0,2000,4,'',0,1500,4,'',0,2000,4,'',0,5000,4,'',0,2500,4,'',0,1500,4,'',0,6000,4,'',0,4000,4,'',0,8000,4,'',0,8000,4,'',0,4000,4,'',0,8000,4,'',0,8000,4,'',0,4100,4,'',0,6000,4,'',0,1900,4,'',0,2000,4,'',0,6000,4,'',0,2000,4,'',0,2000,4,'',0,5900,4,'',0,2000,4,'',0,2000,4,'',0,6000,4,'',0,3900,4,'',0,8000,4,'',0,18800,4,'',0
'153',1001,64000,,'',0,8000,,'',0,1500,,'',0,2000,,'',0,5500,,'',0,2000,,'',0,1000,,'',0,1000,,'',0,5500,,'',0,1500,,'',0,2000,,'',0,8000,,'',0,8000,,'',0,4000,,'',0,8000,,'',0,8000,,'',0,4000,,'',0,8000,,'',0,2000,,'',0,6000,,'',0,2000,,'',0,2000,,'',0,6000,,'',0,2000,,'',0,2000,,'',0,6000,,'',0,2000,,'',0,2000,,'',0,8000,,'',0,8000,,'',0,22000,,'',0
'156',1000,70600,4,'',0,2500,4,'',0,1500,4,'',0,5700,4,'',0,2000,4,'',0,1500,4,'',0,2000,4,'',0,5000,4,'',0,2500,4,'',0,1500,4,'',0,6000,4,'',0,4000,4,'',0,8000,4,'',0,8000,4,'',0,4000,4,'',0,8000,4,'',0,8000,4,'',0,4100,4,'',0,6000,4,'',0,1900,4,'',0,2000,4,'',0,6000,4,'',0,2000,4,'',0,2000,4,'',0,5900,4,'',0,2000,4,'',0,2000,4,'',0,6000,4,'',0,3900,4,'',0,8000,4,'',0,18800,4,'',0
'156',1001,64000,,'',0,8000,,'',0,1500,,'',0,2000,,'',0,5500,,'',0,2000,,'',0,1000,,'',0,1000,,'',0,5500,,'',0,1500,,'',0,2000,,'',0,8000,,'',0,8000,,'',0,4000,,'',0,8000,,'',0,8000,,'',0,4000,,'',0,8000,,'',0,2000,,'',0,6000,,'',0,2000,,'',0,2000,,'',0,6000,,'',0,2000,,'',0,2000,,'',0,6000,,'',0,2000,,'',0,2000,,'',0,8000,,'',0,8000,,'',0,22000,,'',0
'157',1000,70600,4,'',0,2500,4,'',0,1500,4,'',0,5700,4,'',0,2000,4,'',0,1500,4,'',0,2000,4,'',0,5000,4,'',0,2500,4,'',0,1500,4,'',0,6000,4,'',0,4000,4,'',0,8000,4,'',0,8000,4,'',0,4000,4,'',0,8000,4,'',0,8000,4,'',0,4100,4,'',0,6000,4,'',0,1900,4,'',0,2000,4,'',0,6000,4,'',0,2000,4,'',0,2000,4,'',0,5900,4,'',0,2000,4,'',0,2000,4,'',0,6000,4,'',0,3900,4,'',0,8000,4,'',0,18800,4,'',0
'157',1001,64000,,'',0,8000,,'',0,1500,,'',0,2000,,'',0,5500,,'',0,2000,,'',0,1000,,'',0,1000,,'',0,5500,,'',0,1500,,'',0,2000,,'',0,8000,,'',0,8000,,'',0,4000,,'',0,8000,,'',0,8000,,'',0,4000,,'',0,8000,,'',0,2000,,'',0,6000,,'',0,2000,,'',0,2000,,'',0,6000,,'',0,2000,,'',0,2000,,'',0,6000,,'',0,2000,,'',0,2000,,'',0,8000,,'',0,8000,,'',0,22000,,'',0
