'158',1100,84600,4,'',0,36300,4,'',0,32500,4,'',0,27100,4,'',0
'158',1101,112000,,'',0,32500,,'',0,27000,,'',0
'159',1100,71600,4,'',0,13900,4,'',0,14700,4,'',0,10000,4,'',0,10000,4,'',0,21400,4,'',0,12200,4,'',0,10200,4,'',0,10200,4,'',0,10000,4,'',0,9900,4,'',0
'159',1101,80500,,'',0,10800,,'',0,10000,,'',0,10000,,'',0,21000,,'',0,12200,,'',0,10200,,'',0,10200,,'',0,10200,,'',0,10000,,'',0
'160',1100,71600,4,'',0,13900,4,'',0,14700,4,'',0,10000,4,'',0,10000,4,'',0,21400,4,'',0,12200,4,'',0,10200,4,'',0,10200,4,'',0,10000,4,'',0,9900,4,'',0
'160',1101,80500,,'',0,10800,,'',0,10000,,'',0,10000,,'',0,21000,,'',0,12200,,'',0,10200,,'',0,10200,,'',0,10200,,'',0,10000,,'',0
'161',1100,71600,4,'',0,13900,4,'',0,14700,4,'',0,10000,4,'',0,10000,4,'',0,21400,4,'',0,12200,4,'',0,10200,4,'',0,10200,4,'',0,10000,4,'',0,9900,4,'',0
'161',1101,80500,,'',0,10800,,'',0,10000,,'',0,10000,,'',0,21000,,'',0,12200,,'',0,10200,,'',0,10200,,'',0,10200,,'',0,10000,,'',0
'162',1100,71600,4,'',0,13900,4,'',0,14700,4,'',0,10000,4,'',0,10000,4,'',0,21400,4,'',0,12200,4,'',0,10200,4,'',0,10200,4,'',0,10000,4,'',0,9900,4,'',0
'162',1101,80500,,'',0,10800,,'',0,10000,,'',0,10000,,'',0,21000,,'',0,12200,,'',0,10200,,'',0,10200,,'',0,10200,,'',0,10000,,'',0
'163',1100,71600,4,'',0,13900,4,'',0,14700,4,'',0,10000,4,'',0,10000,4,'',0,21400,4,'',0,12200,4,'',0,10200,4,'',0,10200,4,'',0,10000,4,'',0,9900,4,'',0
'163',1101,80500,,'',0,10800,,'',0,10000,,'',0,10000,,'',0,21000,,'',0,12200,,'',0,10200,,'',0,10200,,'',0,10200,,'',0,10000,,'',0
'164',1100,75600,4,'',0,10000,4,'',0,14600,4,'',0,10000,4,'',0,10100,4,'',0,19800,4,'',0,14500,4,'',0,10200,4,'',0,9900,4,'',0,9800,4,'',0,9800,4,'',0,10000,4,'',0
'164',1101,81000,,'',0,10500,,'',0,10000,,'',0,10000,,'',0,19500,,'',0,14500,,'',0,10000,,'',0,10000,,'',0,10000,,'',0,10000,,'',0,10000,,'',0
'165',1100,84600,4,'',0,36300,4,'',0,32500,4,'',0,27100,4,'',0
'165',1101,112000,,'',0,32500,,'',0,27000,,'',0
'166',1100,75600,4,'',0,10000,4,'',0,14600,4,'',0,10000,4,'',0,10100,4,'',0,19800,4,'',0,14500,4,'',0,10200,4,'',0,9900,4,'',0,9800,4,'',0,9800,4,'',0,10000,4,'',0
'166',1101,81000,,'',0,10500,,'',0,10000,,'',0,10000,,'',0,19500,,'',0,14500,,'',0,10000,,'',0,10000,,'',0,10000,,'',0,10000,,'',0,10000,,'',0
'158',1200,91500,4,'',0,20000,4,'',0,13000,4,'',0,9500,4,'',0,10000,4,'',0,17000,4,'',0,22600,4,'',0
'158',1201,85000,,'',0,20000,,'',0,17000,,'',0,9500,,'',0,10000,,'',0,13000,,'',0,26500,,'',0
'159',1200,62300,4,'',0,3000,4,'',0,8900,4,'',0,8700,4,'',0,2300,4,'',0,9000,4,'',0,11500,4,'',0,18500,4,'',0,37200,4,'',0,3900,4,'',0,7500,4,'',0,7900,4,'',0,10400,4,'',0,10500,4,'',0,3500,4,'',0
'159',1201,60000,,'',0,3000,,'',0,8500,,'',0,2500,,'',0,8400,,'',0,9100,,'',0,11500,,'',0,18500,,'',0,21500,,'',0,11500,,'',0,8000,,'',0,7500,,'',0,4000,,'',0,10500,,'',0,10500,,'',0,7500,,'',0
'160',1200,62300,4,'',0,3000,4,'',0,8900,4,'',0,8700,4,'',0,2300,4,'',0,9000,4,'',0,11500,4,'',0,18500,4,'',0,37200,4,'',0,3900,4,'',0,7500,4,'',0,7900,4,'',0,10400,4,'',0,10500,4,'',0,3500,4,'',0
'160',1201,60000,,'',0,3000,,'',0,8500,,'',0,2500,,'',0,8400,,'',0,9100,,'',0,11500,,'',0,18500,,'',0,21500,,'',0,11500,,'',0,8000,,'',0,7500,,'',0,4000,,'',0,10500,,'',0,10500,,'',0,7500,,'',0
'161',1200,62300,4,'',0,3000,4,'',0,8900,4,'',0,8700,4,'',0,2300,4,'',0,9000,4,'',0,11500,4,'',0,18500,4,'',0,37200,4,'',0,3900,4,'',0,7500,4,'',0,7900,4,'',0,10400,4,'',0,10500,4,'',0,3500,4,'',0
'161',1201,60000,,'',0,3000,,'',0,8500,,'',0,2500,,'',0,8400,,'',0,9100,,'',0,11500,,'',0,18500,,'',0,21500,,'',0,11500,,'',0,8000,,'',0,7500,,'',0,4000,,'',0,10500,,'',0,10500,,'',0,7500,,'',0
'162',1200,62300,4,'',0,3000,4,'',0,8900,4,'',0,8700,4,'',0,2300,4,'',0,9000,4,'',0,11500,4,'',0,18500,4,'',0,37200,4,'',0,3900,4,'',0,7500,4,'',0,7900,4,'',0,10400,4,'',0,10500,4,'',0,3500,4,'',0
'162',1201,60000,,'',0,3000,,'',0,8500,,'',0,2500,,'',0,8400,,'',0,9100,,'',0,11500,,'',0,18500,,'',0,21500,,'',0,11500,,'',0,8000,,'',0,7500,,'',0,4000,,'',0,10500,,'',0,10500,,'',0,7500,,'',0
'163',1200,62300,4,'',0,3000,4,'',0,8900,4,'',0,8700,4,'',0,2300,4,'',0,9000,4,'',0,11500,4,'',0,18500,4,'',0,37200,4,'',0,3900,4,'',0,7500,4,'',0,7900,4,'',0,10400,4,'',0,10500,4,'',0,3500,4,'',0
'163',1201,60000,,'',0,3000,,'',0,8500,,'',0,2500,,'',0,8400,,'',0,9100,,'',0,11500,,'',0,18500,,'',0,21500,,'',0,11500,,'',0,8000,,'',0,7500,,'',0,4000,,'',0,10500,,'',0,10500,,'',0,7500,,'',0
'164',1200,81000,4,'',0,13500,4,'',0,9500,4,'',0,10100,4,'',0,10100,4,'',0,10000,4,'',0,10400,4,'',0,21000,4,'',0,24900,4,'',0,10000,4,'',0
'164',1201,74500,,'',0,17500,,'',0,9500,,'',0,10000,,'',0,10000,,'',0,10000,,'',0,10500,,'',0,21000,,'',0,21000,,'',0,10000,,'',0
'165',1200,91500,4,'',0,20000,4,'',0,13000,4,'',0,9500,4,'',0,10000,4,'',0,17000,4,'',0,22600,4,'',0
'165',1201,85000,,'',0,20000,,'',0,17000,,'',0,9500,,'',0,10000,,'',0,13000,,'',0,26500,,'',0
'166',1200,81000,4,'',0,13500,4,'',0,9500,4,'',0,10100,4,'',0,10100,4,'',0,10000,4,'',0,10400,4,'',0,21000,4,'',0,24900,4,'',0,10000,4,'',0
'166',1201,74500,,'',0,17500,,'',0,9500,,'',0,10000,,'',0,10000,,'',0,10000,,'',0,10500,,'',0,21000,,'',0,21000,,'',0,10000,,'',0
'159',60100,83100,4,'',0
'159',60101,155100,4,'',0
'160',60100,83100,4,'',0
'160',60101,155100,4,'',0
'161',60100,83100,4,'',0
'161',60101,144000,4,'',0
'162',60100,83100,4,'',0
'162',60101,155100,4,'',0
'163',60100,83100,4,'',0
'163',60101,155100,4,'',0
