'181',300,63100,4,'',0,7600,4,'',0,2800,4,'',0,1500,4,'',0,7100,4,'',0,1500,4,'',0,1500,4,'',0,6800,4,'',0,3000,4,'',0,7000,4,'',0,3000,4,'',0,7100,4,'',0,3000,4,'',0,7000,4,'',0,3000,4,'',0,7000,4,'',0,3000,4,'',0,7000,4,'',0,3200,4,'',0,7100,4,'',0,2700,4,'',0,8000,4,'',0,7000,4,'',0,3000,4,'',0,7000,4,'',0,2800,4,'',0,7400,4,'',0,3900,4,'',0,7000,4,'',0,3500,4,'',0,6500,4,'',0,3000,4,'',0
'181',301,73000,,'',0,1500,,'',0,5500,,'',0,3000,,'',0,7000,,'',0,3000,,'',0,7000,,'',0,3000,,'',0,7000,,'',0,3000,,'',0,7000,,'',0,3000,,'',0,7000,,'',0,3000,,'',0,7000,,'',0,3000,,'',0,7000,,'',0,4000,,'',0,7000,,'',0,3000,,'',0,7000,,'',0,3000,,'',0,7500,,'',0,4000,,'',0,7000,,'',0,7500,,'',0,2500,,'',0,3000,,'',0,7000,,'',0
'182',300,63100,4,'',0,7600,4,'',0,2800,4,'',0,1500,4,'',0,7100,4,'',0,1500,4,'',0,1500,4,'',0,6800,4,'',0,3000,4,'',0,7000,4,'',0,3000,4,'',0,7100,4,'',0,3000,4,'',0,7000,4,'',0,3000,4,'',0,7000,4,'',0,3000,4,'',0,7000,4,'',0,3200,4,'',0,7100,4,'',0,2700,4,'',0,8000,4,'',0,7000,4,'',0,3000,4,'',0,7000,4,'',0,2800,4,'',0,7400,4,'',0,3900,4,'',0,7000,4,'',0,3500,4,'',0,6500,4,'',0,3000,4,'',0
'182',301,73000,,'',0,1500,,'',0,5500,,'',0,3000,,'',0,7000,,'',0,3000,,'',0,7000,,'',0,3000,,'',0,7000,,'',0,3000,,'',0,7000,,'',0,3000,,'',0,7000,,'',0,3000,,'',0,7000,,'',0,3000,,'',0,7000,,'',0,4000,,'',0,7000,,'',0,3000,,'',0,7000,,'',0,3000,,'',0,7500,,'',0,4000,,'',0,7000,,'',0,7500,,'',0,2500,,'',0,3000,,'',0,7000,,'',0
'183',300,63100,4,'',0,7600,4,'',0,2800,4,'',0,1500,4,'',0,7100,4,'',0,1500,4,'',0,1500,4,'',0,6800,4,'',0,3000,4,'',0,7000,4,'',0,3000,4,'',0,7100,4,'',0,3000,4,'',0,7000,4,'',0,3000,4,'',0,7000,4,'',0,3000,4,'',0,7000,4,'',0,3200,4,'',0,7100,4,'',0,2700,4,'',0,8000,4,'',0,7000,4,'',0,3000,4,'',0,7000,4,'',0,2800,4,'',0,7400,4,'',0,3900,4,'',0,7000,4,'',0,3500,4,'',0,6500,4,'',0,3000,4,'',0
'183',301,73000,,'',0,1500,,'',0,5500,,'',0,3000,,'',0,7000,,'',0,3000,,'',0,7000,,'',0,3000,,'',0,7000,,'',0,3000,,'',0,7000,,'',0,3000,,'',0,7000,,'',0,3000,,'',0,7000,,'',0,3000,,'',0,7000,,'',0,4000,,'',0,7000,,'',0,3000,,'',0,7000,,'',0,3000,,'',0,7500,,'',0,4000,,'',0,7000,,'',0,7500,,'',0,2500,,'',0,3000,,'',0,7000,,'',0
'184',300,80400,4,'',0,10800,4,'',0,10200,4,'',0,10100,4,'',0,10000,4,'',0,10000,4,'',0,10000,4,'',0,10000,4,'',0,3500,4,'',0,6500,4,'',0,3000,4,'',0,6900,4,'',0,3000,4,'',0,7000,4,'',0,9000,4,'',0,4000,4,'',0,9500,4,'',0,9400,4,'',0,9900,4,'',0
'184',301,83000,,'',0,10000,,'',0,10000,,'',0,10000,,'',0,10000,,'',0,10000,,'',0,10000,,'',0,7500,,'',0,2500,,'',0,7000,,'',0,3000,,'',0,7000,,'',0,3000,,'',0,9000,,'',0,8000,,'',0,5500,,'',0,9500,,'',0,10000,,'',0
'185',300,82100,4,'',0,8100,4,'',0,11100,4,'',0,10000,4,'',0,10000,4,'',0,10600,4,'',0,9600,4,'',0,10000,4,'',0,10000,4,'',0,10500,4,'',0,9900,4,'',0,12500,4,'',0,10000,4,'',0
'185',301,82000,,'',0,11000,,'',0,10000,,'',0,10000,,'',0,10500,,'',0,9500,,'',0,10000,,'',0,10000,,'',0,10500,,'',0,10000,,'',0,16500,,'',0,10000,,'',0
'186',300,63100,4,'',0,7600,4,'',0,2800,4,'',0,1500,4,'',0,7100,4,'',0,1500,4,'',0,1500,4,'',0,6800,4,'',0,3000,4,'',0,7000,4,'',0,3000,4,'',0,7100,4,'',0,3000,4,'',0,7000,4,'',0,3000,4,'',0,7000,4,'',0,3000,4,'',0,7000,4,'',0,3200,4,'',0,7100,4,'',0,2700,4,'',0,8000,4,'',0,7000,4,'',0,3000,4,'',0,7000,4,'',0,2800,4,'',0,7400,4,'',0,3900,4,'',0,7000,4,'',0,3500,4,'',0,6500,4,'',0,3000,4,'',0
'186',301,73000,,'',0,1500,,'',0,5500,,'',0,3000,,'',0,7000,,'',0,3000,,'',0,7000,,'',0,3000,,'',0,7000,,'',0,3000,,'',0,7000,,'',0,3000,,'',0,7000,,'',0,3000,,'',0,7000,,'',0,3000,,'',0,7000,,'',0,4000,,'',0,7000,,'',0,3000,,'',0,7000,,'',0,3000,,'',0,7500,,'',0,4000,,'',0,7000,,'',0,7500,,'',0,2500,,'',0,3000,,'',0,7000,,'',0
'187',300,63100,4,'',0,7600,4,'',0,2800,4,'',0,1500,4,'',0,7100,4,'',0,1500,4,'',0,1500,4,'',0,6800,4,'',0,3000,4,'',0,7000,4,'',0,3000,4,'',0,7100,4,'',0,3000,4,'',0,7000,4,'',0,3000,4,'',0,7000,4,'',0,3000,4,'',0,7000,4,'',0,3200,4,'',0,7100,4,'',0,2700,4,'',0,8000,4,'',0,7000,4,'',0,3000,4,'',0,7000,4,'',0,2800,4,'',0,7400,4,'',0,3900,4,'',0,7000,4,'',0,3500,4,'',0,6500,4,'',0,3000,4,'',0
'187',301,73000,,'',0,1500,,'',0,5500,,'',0,3000,,'',0,7000,,'',0,3000,,'',0,7000,,'',0,3000,,'',0,7000,,'',0,3000,,'',0,7000,,'',0,3000,,'',0,7000,,'',0,3000,,'',0,7000,,'',0,3000,,'',0,7000,,'',0,4000,,'',0,7000,,'',0,3000,,'',0,7000,,'',0,3000,,'',0,7500,,'',0,4000,,'',0,7000,,'',0,7500,,'',0,2500,,'',0,3000,,'',0,7000,,'',0
'188',300,80400,4,'',0,10800,4,'',0,10200,4,'',0,10100,4,'',0,10000,4,'',0,10000,4,'',0,10000,4,'',0,10000,4,'',0,3500,4,'',0,6500,4,'',0,3000,4,'',0,6900,4,'',0,3000,4,'',0,7000,4,'',0,9000,4,'',0,4000,4,'',0,9500,4,'',0,9400,4,'',0,9900,4,'',0,20000,4,'',0,10000,4,'',0
'188',301,83000,,'',0,10000,,'',0,10000,,'',0,10000,,'',0,10000,,'',0,10000,,'',0,10000,,'',0,7500,,'',0,2500,,'',0,7000,,'',0,3000,,'',0,7000,,'',0,3000,,'',0,9000,,'',0,8000,,'',0,5500,,'',0,9500,,'',0,10000,,'',0,20000,,'',0,10000,,'',0
