'2275',700,72600,,'',0,2900,,'',0,9800,,'',0,10000,,'',0,6200,,'',0,3800,,'',0,6600,,'',0,3500,,'',0,6900,,'',0,3000,,'',0,7400,,'',0,3000,,'',0,6500,,'',0,3000,,'',0,7500,,'',0,3000,,'',0,7000,,'',0,3000,,'',0,7000,,'',0,3000,,'',0,7200,,'',0,2500,,'',0,9900,,'',0,10100,,'',0,10000,,'',0,9800,,'',0,10000,,'',0
'2275',701,72600,4,'',0,2900,4,'',0,9800,4,'',0,10000,4,'',0,6200,4,'',0,3800,4,'',0,6600,4,'',0,3500,4,'',0,6900,4,'',0,3000,4,'',0,7400,4,'',0,3000,4,'',0,6500,4,'',0,3000,4,'',0,7500,4,'',0,3000,4,'',0,7000,4,'',0,3000,4,'',0,7000,4,'',0,3000,4,'',0,7200,4,'',0,2500,4,'',0,9900,4,'',0,10100,4,'',0,10000,4,'',0,9800,4,'',0,10000,4,'',0
'2384',700,61000,,'',0,1800,,'',0,1700,,'',0,1400,,'',0,5600,,'',0,600,,'',0,900,,'',0,1700,,'',0,5600,,'',0,1500,,'',0,1500,,'',0,1500,,'',0,5400,,'',0,1600,,'',0,1400,,'',0,1600,,'',0,5400,,'',0,1600,,'',0,1500,,'',0,7000,,'',0,3100,,'',0,6900,,'',0,3200,,'',0,6800,,'',0,3100,,'',0,6900,,'',0,3100,,'',0,1400,,'',0,5500,,'',0,1600,,'',0,1400,,'',0,1600,,'',0,5400,,'',0,1600,,'',0,1300,,'',0,1700,,'',0,5300,,'',0,1700,,'',0,1200,,'',0,1700,,'',0,5300,,'',0,1600,,'',0,1400,,'',0,7100,,'',0,2700,,'',0,7200,,'',0,2800,,'',0,3000,,'',0,7000,,'',0,3000,,'',0,7000,,'',0,3000,,'',0,7000,,'',0,3000,,'',0,7000,,'',0,3000,,'',0
'2384',701,61000,4,'',0,1800,4,'',0,1700,4,'',0,1400,4,'',0,5600,4,'',0,600,4,'',0,900,4,'',0,1700,4,'',0,5600,4,'',0,1500,4,'',0,1500,4,'',0,1500,4,'',0,5400,4,'',0,1600,4,'',0,1400,4,'',0,1600,4,'',0,5400,4,'',0,1600,4,'',0,1500,4,'',0,7000,4,'',0,3100,4,'',0,6900,4,'',0,3200,4,'',0,6800,4,'',0,3100,4,'',0,6900,4,'',0,3100,4,'',0,1400,4,'',0,5500,4,'',0,1600,4,'',0,1400,4,'',0,1600,4,'',0,5400,4,'',0,1600,4,'',0,1300,4,'',0,1700,4,'',0,5300,4,'',0,1700,4,'',0,1200,4,'',0,1700,4,'',0,5300,4,'',0,1600,4,'',0,1400,4,'',0,7100,4,'',0,2700,4,'',0,7200,4,'',0,2800,4,'',0,3000,4,'',0,7000,4,'',0,3000,4,'',0,7000,4,'',0,3000,4,'',0,7000,4,'',0,3000,4,'',0,7000,4,'',0,3000,4,'',0
'2386',700,64000,,'',0,6900,,'',0,3100,,'',0,6900,,'',0,3100,,'',0,7200,,'',0,3000,,'',0,7200,,'',0,3100,,'',0,1400,,'',0,5900,,'',0,1400,,'',0,2000,,'',0,7000,,'',0,3400,,'',0,7000,,'',0,3100,,'',0,6900,,'',0,2100,,'',0,5500,,'',0,1900,,'',0,1600,,'',0,1400,,'',0,5500,,'',0,2300,,'',0,900,,'',0,2100,,'',0,5500,,'',0,3100,,'',0,7200,,'',0,3500,,'',0,7300,,'',0,3000,,'',0,7400,,'',0,10200,,'',0,10100,,'',0,9900,,'',0,9900,,'',0,2900,,'',0,7000,,'',0
'2386',701,64000,4,'',0,6900,4,'',0,3100,4,'',0,6900,4,'',0,3100,4,'',0,7200,4,'',0,3000,4,'',0,7200,4,'',0,3100,4,'',0,1400,4,'',0,5900,4,'',0,1400,4,'',0,2000,4,'',0,7000,4,'',0,3400,4,'',0,7000,4,'',0,3100,4,'',0,6900,4,'',0,2100,4,'',0,5500,4,'',0,1900,4,'',0,1600,4,'',0,1400,4,'',0,5500,4,'',0,2300,4,'',0,900,4,'',0,2100,4,'',0,5500,4,'',0,3100,4,'',0,7200,4,'',0,3500,4,'',0,7300,4,'',0,3000,4,'',0,7400,4,'',0,10200,4,'',0,10100,4,'',0,9900,4,'',0,9900,4,'',0,2900,4,'',0,7000,4,'',0
'2384',7300,74000,,'',0
'2384',7301,153300,,'',0
'2384',7900,74500,0,'Sahali',0
'2385',7901,150900,0,'Sahali',0
'2390',7901,150900,0,'Sahali',0
