'181',300,60700,,'',0,3600,,'',0,6800,,'',0,1500,,'',0,2900,,'',0,5500,,'',0,1500,,'',0,2800,,'',0,7000,,'',0,3100,,'',0,7000,,'',0,3100,,'',0,7000,,'',0,3000,,'',0,7000,,'',0,3000,,'',0,7000,,'',0,3000,,'',0,7100,,'',0,3000,,'',0,7000,,'',0,8000,,'',0,3000,,'',0,7000,,'',0,3000,,'',0,6900,,'',0,3400,,'',0,8000,,'',0,3000,,'',0,7500,,'',0,2500,,'',0,7000,,'',0,3000,0,'North Shr Exch',0
'181',301,60700,4,'',0,3600,4,'',0,6800,4,'',0,1500,4,'',0,2900,4,'',0,5500,4,'',0,1500,4,'',0,2800,4,'',0,7000,4,'',0,3100,4,'',0,7000,4,'',0,3100,4,'',0,7000,4,'',0,3000,4,'',0,7000,4,'',0,3000,4,'',0,7000,4,'',0,3000,4,'',0,7100,4,'',0,3000,4,'',0,7000,4,'',0,8000,4,'',0,3000,4,'',0,7000,4,'',0,3000,4,'',0,6900,4,'',0,3400,4,'',0,8000,4,'',0,3000,4,'',0,7500,4,'',0,2500,4,'',0,7000,4,'',0,3000,4,'',0
'182',300,60700,,'',0,3600,,'',0,6800,,'',0,1500,,'',0,2900,,'',0,5500,,'',0,1500,,'',0,2800,,'',0,7000,,'',0,3100,,'',0,7000,,'',0,3100,,'',0,7000,,'',0,3000,,'',0,7000,,'',0,3000,,'',0,7000,,'',0,3000,,'',0,7100,,'',0,3000,,'',0,7000,,'',0,8000,,'',0,3000,,'',0,7000,,'',0,3000,,'',0,6900,,'',0,3400,,'',0,8000,,'',0,3000,,'',0,7500,,'',0,2500,,'',0,7000,,'',0,3000,0,'North Shr Exch',0
'182',301,60700,4,'',0,3600,4,'',0,6800,4,'',0,1500,4,'',0,2900,4,'',0,5500,4,'',0,1500,4,'',0,2800,4,'',0,7000,4,'',0,3100,4,'',0,7000,4,'',0,3100,4,'',0,7000,4,'',0,3000,4,'',0,7000,4,'',0,3000,4,'',0,7000,4,'',0,3000,4,'',0,7100,4,'',0,3000,4,'',0,7000,4,'',0,8000,4,'',0,3000,4,'',0,7000,4,'',0,3000,4,'',0,6900,4,'',0,3400,4,'',0,8000,4,'',0,3000,4,'',0,7500,4,'',0,2500,4,'',0,7000,4,'',0,3000,4,'',0
'183',300,60700,,'',0,3600,,'',0,6800,,'',0,1500,,'',0,2900,,'',0,5500,,'',0,1500,,'',0,2800,,'',0,7000,,'',0,3100,,'',0,7000,,'',0,3100,,'',0,7000,,'',0,3000,,'',0,7000,,'',0,3000,,'',0,7000,,'',0,3000,,'',0,7100,,'',0,3000,,'',0,7000,,'',0,8000,,'',0,3000,,'',0,7000,,'',0,3000,,'',0,6900,,'',0,3400,,'',0,8000,,'',0,3000,,'',0,7500,,'',0,2500,,'',0,7000,,'',0,3000,0,'North Shr Exch',0
'183',301,60700,4,'',0,3600,4,'',0,6800,4,'',0,1500,4,'',0,2900,4,'',0,5500,4,'',0,1500,4,'',0,2800,4,'',0,7000,4,'',0,3100,4,'',0,7000,4,'',0,3100,4,'',0,7000,4,'',0,3000,4,'',0,7000,4,'',0,3000,4,'',0,7000,4,'',0,3000,4,'',0,7100,4,'',0,3000,4,'',0,7000,4,'',0,8000,4,'',0,3000,4,'',0,7000,4,'',0,3000,4,'',0,6900,4,'',0,3400,4,'',0,8000,4,'',0,3000,4,'',0,7500,4,'',0,2500,4,'',0,7000,4,'',0,3000,4,'',0
'184',300,74100,,'',0,10800,,'',0,10100,,'',0,10100,,'',0,10000,,'',0,10100,,'',0,10000,,'',0,10000,,'',0,7500,,'',0,2500,,'',0,7000,,'',0,3000,,'',0,7000,,'',0,3000,,'',0,9000,,'',0,8000,,'',0,9500,,'',0,9400,,'',0,10000,,'',0
'184',301,84900,4,'',0,10100,4,'',0,10100,4,'',0,10000,4,'',0,10100,4,'',0,10000,4,'',0,10000,4,'',0,7500,4,'',0,2500,4,'',0,7000,4,'',0,3000,4,'',0,7000,4,'',0,3000,4,'',0,9000,4,'',0,8000,4,'',0,9500,4,'',0,9400,4,'',0,10000,4,'',0
'185',300,75900,,'',0,8100,,'',0,11000,,'',0,10000,,'',0,10000,,'',0,10600,,'',0,9600,,'',0,10000,,'',0,10000,,'',0,10500,,'',0,10000,,'',0,16500,,'',0,10000,,'',0
'185',301,84000,4,'',0,11000,4,'',0,10000,4,'',0,10000,4,'',0,10600,4,'',0,9600,4,'',0,10000,4,'',0,10000,4,'',0,10500,4,'',0,10000,4,'',0,16500,4,'',0,10000,4,'',0
'186',300,60700,,'',0,3600,,'',0,6800,,'',0,1500,,'',0,2900,,'',0,5500,,'',0,1500,,'',0,2800,,'',0,7000,,'',0,3100,,'',0,7000,,'',0,3100,,'',0,7000,,'',0,3000,,'',0,7000,,'',0,3000,,'',0,7000,,'',0,3000,,'',0,7100,,'',0,3000,,'',0,7000,,'',0,8000,,'',0,3000,,'',0,7000,,'',0,3000,,'',0,6900,,'',0,3400,,'',0,8000,,'',0,3000,,'',0,7500,,'',0,2500,,'',0,7000,,'',0,3000,0,'North Shr Exch',0
'186',301,60700,4,'',0,3600,4,'',0,6800,4,'',0,1500,4,'',0,2900,4,'',0,5500,4,'',0,1500,4,'',0,2800,4,'',0,7000,4,'',0,3100,4,'',0,7000,4,'',0,3100,4,'',0,7000,4,'',0,3000,4,'',0,7000,4,'',0,3000,4,'',0,7000,4,'',0,3000,4,'',0,7100,4,'',0,3000,4,'',0,7000,4,'',0,8000,4,'',0,3000,4,'',0,7000,4,'',0,3000,4,'',0,6900,4,'',0,3400,4,'',0,8000,4,'',0,3000,4,'',0,7500,4,'',0,2500,4,'',0,7000,4,'',0,3000,4,'',0
'187',300,60700,,'',0,3600,,'',0,6800,,'',0,1500,,'',0,2900,,'',0,5500,,'',0,1500,,'',0,2800,,'',0,7000,,'',0,3100,,'',0,7000,,'',0,3100,,'',0,7000,,'',0,3000,,'',0,7000,,'',0,3000,,'',0,7000,,'',0,3000,,'',0,7100,,'',0,3000,,'',0,7000,,'',0,8000,,'',0,3000,,'',0,7000,,'',0,3000,,'',0,6900,,'',0,3400,,'',0,8000,,'',0,3000,,'',0,7500,,'',0,2500,,'',0,7000,,'',0,3000,0,'North Shr Exch',0
'187',301,60700,4,'',0,3600,4,'',0,6800,4,'',0,1500,4,'',0,2900,4,'',0,5500,4,'',0,1500,4,'',0,2800,4,'',0,7000,4,'',0,3100,4,'',0,7000,4,'',0,3100,4,'',0,7000,4,'',0,3000,4,'',0,7000,4,'',0,3000,4,'',0,7000,4,'',0,3000,4,'',0,7100,4,'',0,3000,4,'',0,7000,4,'',0,8000,4,'',0,3000,4,'',0,7000,4,'',0,3000,4,'',0,6900,4,'',0,3400,4,'',0,8000,4,'',0,3000,4,'',0,7500,4,'',0,2500,4,'',0,7000,4,'',0,3000,4,'',0
'188',300,74100,,'',0,10800,,'',0,10100,,'',0,10100,,'',0,10000,,'',0,10100,,'',0,10000,,'',0,10000,,'',0,7500,,'',0,2500,,'',0,7000,,'',0,3000,,'',0,7000,,'',0,3000,,'',0,9000,,'',0,8000,,'',0,9500,,'',0,9400,,'',0,10000,,'',0,20000,,'',0,10000,,'',0
'188',301,84900,4,'',0,10100,4,'',0,10100,4,'',0,10000,4,'',0,10100,4,'',0,10000,4,'',0,10000,4,'',0,7500,4,'',0,2500,4,'',0,7000,4,'',0,3000,4,'',0,7000,4,'',0,3000,4,'',0,9000,4,'',0,8000,4,'',0,9500,4,'',0,9400,4,'',0,10000,4,'',0,20000,4,'',0,10000,4,'',0
