'181',200,62000,,'',0,3000,,'',0,7000,,'',0,1500,,'',0,1600,,'',0,5600,,'',0,1500,,'',0,1600,,'',0,1500,,'',0,5500,,'',0,1500,,'',0,2100,,'',0,6000,,'',0,2000,,'',0,3000,,'',0,7000,,'',0,3000,,'',0,7000,,'',0,3000,,'',0,7000,,'',0,3000,,'',0,7000,,'',0,2000,,'',0,6000,,'',0,2000,,'',0,1500,,'',0,1500,,'',0,5500,,'',0,1500,,'',0,1500,,'',0,1500,,'',0,5500,,'',0,1500,,'',0,1500,,'',0,1400,,'',0,5500,,'',0,1500,,'',0,1900,,'',0,6000,,'',0,2200,,'',0,2900,,'',0,7000,,'',0,3000,,'',0,7000,,'',0,2900,,'',0,6900,,'',0,3000,,'',0,7000,,'',0,3000,,'',0,7000,,'',0,3000,,'',0
'181',201,62000,4,'',0,3000,4,'',0,7000,4,'',0,1500,4,'',0,1600,4,'',0,5600,4,'',0,1500,4,'',0,1600,4,'',0,1500,4,'',0,5500,4,'',0,1500,4,'',0,2100,4,'',0,6000,4,'',0,2000,4,'',0,3000,4,'',0,7000,4,'',0,3000,4,'',0,7000,4,'',0,3000,4,'',0,7000,4,'',0,3000,4,'',0,7000,4,'',0,2000,4,'',0,6000,4,'',0,2000,4,'',0,1500,4,'',0,1500,4,'',0,5500,4,'',0,1500,4,'',0,1500,4,'',0,1500,4,'',0,5500,4,'',0,1500,4,'',0,1500,4,'',0,1400,4,'',0,5500,4,'',0,1500,4,'',0,1900,4,'',0,6000,4,'',0,2200,4,'',0,2900,4,'',0,7000,4,'',0,3000,4,'',0,7000,4,'',0,2900,4,'',0,6900,4,'',0,3000,4,'',0,7000,4,'',0,3000,4,'',0,7000,4,'',0,3000,4,'',0
'182',200,62000,,'',0,3000,,'',0,7000,,'',0,1500,,'',0,1600,,'',0,5600,,'',0,1500,,'',0,1600,,'',0,1500,,'',0,5500,,'',0,1500,,'',0,2100,,'',0,6000,,'',0,2000,,'',0,3000,,'',0,7000,,'',0,3000,,'',0,7000,,'',0,3000,,'',0,7000,,'',0,3000,,'',0,7000,,'',0,2000,,'',0,6000,,'',0,2000,,'',0,1500,,'',0,1500,,'',0,5500,,'',0,1500,,'',0,1500,,'',0,1500,,'',0,5500,,'',0,1500,,'',0,1500,,'',0,1400,,'',0,5500,,'',0,1500,,'',0,1900,,'',0,6000,,'',0,2200,,'',0,2900,,'',0,7000,,'',0,3000,,'',0,7000,,'',0,2900,,'',0,6900,,'',0,3000,,'',0,7000,,'',0,3000,,'',0,7000,,'',0,3000,,'',0
'182',201,62000,4,'',0,3000,4,'',0,7000,4,'',0,1500,4,'',0,1600,4,'',0,5600,4,'',0,1500,4,'',0,1600,4,'',0,1500,4,'',0,5500,4,'',0,1500,4,'',0,2100,4,'',0,6000,4,'',0,2000,4,'',0,3000,4,'',0,7000,4,'',0,3000,4,'',0,7000,4,'',0,3000,4,'',0,7000,4,'',0,3000,4,'',0,7000,4,'',0,2000,4,'',0,6000,4,'',0,2000,4,'',0,1500,4,'',0,1500,4,'',0,5500,4,'',0,1500,4,'',0,1500,4,'',0,1500,4,'',0,5500,4,'',0,1500,4,'',0,1500,4,'',0,1400,4,'',0,5500,4,'',0,1500,4,'',0,1900,4,'',0,6000,4,'',0,2200,4,'',0,2900,4,'',0,7000,4,'',0,3000,4,'',0,7000,4,'',0,2900,4,'',0,6900,4,'',0,3000,4,'',0,7000,4,'',0,3000,4,'',0,7000,4,'',0,3000,4,'',0
'183',200,62000,,'',0,3000,,'',0,7000,,'',0,1500,,'',0,1600,,'',0,5600,,'',0,1500,,'',0,1600,,'',0,1500,,'',0,5500,,'',0,1500,,'',0,2100,,'',0,6000,,'',0,2000,,'',0,3000,,'',0,7000,,'',0,3000,,'',0,7000,,'',0,3000,,'',0,7000,,'',0,3000,,'',0,7000,,'',0,2000,,'',0,6000,,'',0,2000,,'',0,1500,,'',0,1500,,'',0,5500,,'',0,1500,,'',0,1500,,'',0,1500,,'',0,5500,,'',0,1500,,'',0,1500,,'',0,1400,,'',0,5500,,'',0,1500,,'',0,1900,,'',0,6000,,'',0,2200,,'',0,2900,,'',0,7000,,'',0,3000,,'',0,7000,,'',0,2900,,'',0,6900,,'',0,3000,,'',0,7000,,'',0,3000,,'',0,7000,,'',0,3000,,'',0
'183',201,62000,4,'',0,3000,4,'',0,7000,4,'',0,1500,4,'',0,1600,4,'',0,5600,4,'',0,1500,4,'',0,1600,4,'',0,1500,4,'',0,5500,4,'',0,1500,4,'',0,2100,4,'',0,6000,4,'',0,2000,4,'',0,3000,4,'',0,7000,4,'',0,3000,4,'',0,7000,4,'',0,3000,4,'',0,7000,4,'',0,3000,4,'',0,7000,4,'',0,2000,4,'',0,6000,4,'',0,2000,4,'',0,1500,4,'',0,1500,4,'',0,5500,4,'',0,1500,4,'',0,1500,4,'',0,1500,4,'',0,5500,4,'',0,1500,4,'',0,1500,4,'',0,1400,4,'',0,5500,4,'',0,1500,4,'',0,1900,4,'',0,6000,4,'',0,2200,4,'',0,2900,4,'',0,7000,4,'',0,3000,4,'',0,7000,4,'',0,2900,4,'',0,6900,4,'',0,3000,4,'',0,7000,4,'',0,3000,4,'',0,7000,4,'',0,3000,4,'',0
'184',200,63000,,'',0,1100,,'',0,7000,,'',0,3000,,'',0,6000,,'',0,2000,,'',0,1500,,'',0,1500,,'',0,5500,,'',0,1500,,'',0,3100,,'',0,7000,,'',0,3000,,'',0,7100,,'',0,3000,,'',0,7000,,'',0,3000,,'',0,7200,,'',0,3000,,'',0,7000,,'',0,2900,,'',0,7000,,'',0,3000,,'',0,5500,,'',0,1500,,'',0,1500,,'',0,1500,,'',0,5400,,'',0,1500,,'',0,1500,,'',0,1500,,'',0,5500,,'',0,1500,,'',0,3000,,'',0,8400,,'',0,10000,,'',0,10400,,'',0,10400,,'',0,10500,,'',0,10000,,'',0
'184',201,64100,4,'',0,7000,4,'',0,3000,4,'',0,6000,4,'',0,2000,4,'',0,1500,4,'',0,1500,4,'',0,5500,4,'',0,1500,4,'',0,3100,4,'',0,7000,4,'',0,3000,4,'',0,7100,4,'',0,3000,4,'',0,7000,4,'',0,3000,4,'',0,7200,4,'',0,3000,4,'',0,7000,4,'',0,2900,4,'',0,7000,4,'',0,3000,4,'',0,5500,4,'',0,1500,4,'',0,1500,4,'',0,1500,4,'',0,5400,4,'',0,1500,4,'',0,1500,4,'',0,1500,4,'',0,5500,4,'',0,1500,4,'',0,3000,4,'',0,8400,4,'',0,10000,4,'',0,10400,4,'',0,10400,4,'',0,10500,4,'',0,10000,4,'',0
'185',200,70000,,'',0,1900,,'',0,3000,,'',0,7100,,'',0,3000,,'',0,7000,,'',0,3000,,'',0,7100,,'',0,3000,,'',0,7000,,'',0,3000,,'',0,7100,,'',0,3000,,'',0,7000,,'',0,3000,,'',0,7000,,'',0,3100,,'',0,7000,,'',0,3000,,'',0,7000,,'',0,3000,,'',0,7000,,'',0,2900,,'',0,7500,,'',0,2500,,'',0,7000,,'',0,3000,,'',0,7000,,'',0,3000,,'',0,6900,,'',0,3000,,'',0,6900,,'',0,3000,,'',0,7800,,'',0,2100,,'',0
'185',201,71900,4,'',0,3000,4,'',0,7100,4,'',0,3000,4,'',0,7000,4,'',0,3000,4,'',0,7100,4,'',0,3000,4,'',0,7000,4,'',0,3000,4,'',0,7100,4,'',0,3000,4,'',0,7000,4,'',0,3000,4,'',0,7000,4,'',0,3100,4,'',0,7000,4,'',0,3000,4,'',0,7000,4,'',0,3000,4,'',0,7000,4,'',0,2900,4,'',0,7500,4,'',0,2500,4,'',0,7000,4,'',0,3000,4,'',0,7000,4,'',0,3000,4,'',0,6900,4,'',0,3000,4,'',0,6900,4,'',0,3000,4,'',0,7800,4,'',0,2100,4,'',0
'186',200,62000,,'',0,3000,,'',0,7000,,'',0,1500,,'',0,1600,,'',0,5600,,'',0,1500,,'',0,1600,,'',0,1500,,'',0,5500,,'',0,1500,,'',0,2100,,'',0,6000,,'',0,2000,,'',0,3000,,'',0,7000,,'',0,3000,,'',0,7000,,'',0,3000,,'',0,7000,,'',0,3000,,'',0,7000,,'',0,2000,,'',0,6000,,'',0,2000,,'',0,1500,,'',0,1500,,'',0,5500,,'',0,1500,,'',0,1500,,'',0,1500,,'',0,5500,,'',0,1500,,'',0,1500,,'',0,1400,,'',0,5500,,'',0,1500,,'',0,1900,,'',0,6000,,'',0,2200,,'',0,2900,,'',0,7000,,'',0,3000,,'',0,7000,,'',0,2900,,'',0,6900,,'',0,3000,,'',0,7000,,'',0,3000,,'',0,7000,,'',0,3000,,'',0
'186',201,62000,4,'',0,3000,4,'',0,7000,4,'',0,1500,4,'',0,1600,4,'',0,5600,4,'',0,1500,4,'',0,1600,4,'',0,1500,4,'',0,5500,4,'',0,1500,4,'',0,2100,4,'',0,6000,4,'',0,2000,4,'',0,3000,4,'',0,7000,4,'',0,3000,4,'',0,7000,4,'',0,3000,4,'',0,7000,4,'',0,3000,4,'',0,7000,4,'',0,2000,4,'',0,6000,4,'',0,2000,4,'',0,1500,4,'',0,1500,4,'',0,5500,4,'',0,1500,4,'',0,1500,4,'',0,1500,4,'',0,5500,4,'',0,1500,4,'',0,1500,4,'',0,1400,4,'',0,5500,4,'',0,1500,4,'',0,1900,4,'',0,6000,4,'',0,2200,4,'',0,2900,4,'',0,7000,4,'',0,3000,4,'',0,7000,4,'',0,2900,4,'',0,6900,4,'',0,3000,4,'',0,7000,4,'',0,3000,4,'',0,7000,4,'',0,3000,4,'',0
'187',200,62000,,'',0,3000,,'',0,7000,,'',0,1500,,'',0,1600,,'',0,5600,,'',0,1500,,'',0,1600,,'',0,1500,,'',0,5500,,'',0,1500,,'',0,2100,,'',0,6000,,'',0,2000,,'',0,3000,,'',0,7000,,'',0,3000,,'',0,7000,,'',0,3000,,'',0,7000,,'',0,3000,,'',0,7000,,'',0,2000,,'',0,6000,,'',0,2000,,'',0,1500,,'',0,1500,,'',0,5500,,'',0,1500,,'',0,1500,,'',0,1500,,'',0,5500,,'',0,1500,,'',0,1500,,'',0,1400,,'',0,5500,,'',0,1500,,'',0,1900,,'',0,6000,,'',0,2200,,'',0,2900,,'',0,7000,,'',0,3000,,'',0,7000,,'',0,2900,,'',0,6900,,'',0,3000,,'',0,7000,,'',0,3000,,'',0,7000,,'',0,3000,,'',0
'187',201,62000,4,'',0,3000,4,'',0,7000,4,'',0,1500,4,'',0,1600,4,'',0,5600,4,'',0,1500,4,'',0,1600,4,'',0,1500,4,'',0,5500,4,'',0,1500,4,'',0,2100,4,'',0,6000,4,'',0,2000,4,'',0,3000,4,'',0,7000,4,'',0,3000,4,'',0,7000,4,'',0,3000,4,'',0,7000,4,'',0,3000,4,'',0,7000,4,'',0,2000,4,'',0,6000,4,'',0,2000,4,'',0,1500,4,'',0,1500,4,'',0,5500,4,'',0,1500,4,'',0,1500,4,'',0,1500,4,'',0,5500,4,'',0,1500,4,'',0,1500,4,'',0,1400,4,'',0,5500,4,'',0,1500,4,'',0,1900,4,'',0,6000,4,'',0,2200,4,'',0,2900,4,'',0,7000,4,'',0,3000,4,'',0,7000,4,'',0,2900,4,'',0,6900,4,'',0,3000,4,'',0,7000,4,'',0,3000,4,'',0,7000,4,'',0,3000,4,'',0
'188',200,63000,,'',0,1100,,'',0,7000,,'',0,3000,,'',0,6000,,'',0,2000,,'',0,1500,,'',0,1500,,'',0,5500,,'',0,1500,,'',0,3100,,'',0,7000,,'',0,3000,,'',0,7100,,'',0,3000,,'',0,7000,,'',0,3000,,'',0,7200,,'',0,3000,,'',0,7000,,'',0,2900,,'',0,7000,,'',0,3000,,'',0,5500,,'',0,1500,,'',0,1500,,'',0,1500,,'',0,5400,,'',0,1500,,'',0,1500,,'',0,1500,,'',0,5500,,'',0,1500,,'',0,3000,,'',0,8400,,'',0,10000,,'',0,10400,,'',0,10400,,'',0,10500,,'',0,10000,,'',0,10000,,'',0
'188',201,64100,4,'',0,7000,4,'',0,3000,4,'',0,6000,4,'',0,2000,4,'',0,1500,4,'',0,1500,4,'',0,5500,4,'',0,1500,4,'',0,3100,4,'',0,7000,4,'',0,3000,4,'',0,7100,4,'',0,3000,4,'',0,7000,4,'',0,3000,4,'',0,7200,4,'',0,3000,4,'',0,7000,4,'',0,2900,4,'',0,7000,4,'',0,3000,4,'',0,5500,4,'',0,1500,4,'',0,1500,4,'',0,1500,4,'',0,5400,4,'',0,1500,4,'',0,1500,4,'',0,1500,4,'',0,5500,4,'',0,1500,4,'',0,3000,4,'',0,8400,4,'',0,10000,4,'',0,10400,4,'',0,10400,4,'',0,10500,4,'',0,10000,4,'',0,10000,4,'',0
