100,1,1,0
100,2,2,0
100,3,3,0
100,4,4,0
100,5,5,0
100,6,6,0
100,7,7,0
100,8,8,0
100,9,9,0
100,10,10,0
100,11,11,0
100,12,12,0
100,13,13,0
100,14,14,0
100,15,15,0
100,16,16,0
100,17,17,0
100,18,18,0
100,19,19,0
100,21,20,0
100,22,21,0
100,23,22,0
100,24,23,0
100,25,24,0
100,26,25,0
100,27,26,0
100,28,27,0
100,29,28,0
100,30,29,0
100,31,30,0
100,32,31,0
100,33,32,0
100,34,33,1
101,34,1,0
101,36,2,0
101,37,3,0
101,38,4,0
101,39,5,0
101,40,6,0
101,41,7,0
101,42,8,0
101,43,9,0
101,44,10,0
101,45,11,0
101,46,12,0
101,47,13,0
101,48,14,0
101,49,15,0
101,50,16,0
101,51,17,0
101,52,18,0
101,53,19,0
101,54,20,0
101,55,21,0
101,56,22,0
101,57,23,0
101,58,24,0
101,59,25,0
101,60,26,0
101,61,27,0
101,1,28,1
200,87,1,0
200,88,2,0
200,89,3,0
200,90,4,0
200,91,5,0
200,92,6,0
200,93,7,0
200,94,8,0
200,95,9,0
200,96,10,0
200,97,11,0
200,98,12,0
200,99,13,0
200,100,14,0
200,101,15,0
200,102,16,0
200,103,17,0
200,104,18,0
200,105,19,0
200,106,20,0
200,107,21,0
200,108,22,0
200,109,23,0
200,110,24,0
200,111,25,0
200,112,26,0
200,113,27,0
200,24,28,0
200,25,29,0
200,26,30,0
200,27,31,0
200,28,32,0
200,29,33,0
200,30,34,0
200,31,35,0
200,32,36,0
200,33,37,0
200,62,38,0
200,16,39,0
200,17,40,0
200,18,41,0
200,19,42,1
201,62,1,0
201,36,2,0
201,37,3,0
201,38,4,0
201,39,5,0
201,40,6,0
201,41,7,0
201,42,8,0
201,63,9,0
201,64,10,0
201,65,11,0
201,66,12,0
201,67,13,0
201,68,14,0
201,69,15,0
201,70,16,0
201,71,17,0
201,72,18,0
201,73,19,0
201,74,20,0
201,75,21,0
201,76,22,0
201,77,23,0
201,78,24,0
201,79,25,0
201,80,26,0
201,81,27,0
201,82,28,0
201,83,29,0
201,84,30,0
201,85,31,0
201,86,32,0
201,87,33,1
300,149,1,0
300,150,2,0
300,151,3,0
300,152,4,0
300,153,5,0
300,154,6,0
300,155,7,0
300,156,8,0
300,157,9,0
300,158,10,0
300,159,11,0
300,160,12,0
300,161,13,0
300,162,14,0
300,163,15,0
300,164,16,0
300,165,17,0
300,166,18,0
300,167,19,0
300,168,20,0
300,169,21,0
300,170,22,0
300,171,23,0
300,172,24,0
300,173,25,0
300,174,26,0
300,175,27,0
300,176,28,0
300,177,29,0
300,178,30,0
300,179,31,0
300,180,32,0
300,181,33,0
300,182,34,0
300,183,35,0
300,184,36,0
300,29,37,0
300,30,38,0
300,31,39,0
300,32,40,0
300,33,41,0
300,114,42,1
301,114,1,0
301,36,2,0
301,37,3,0
301,38,4,0
301,115,5,0
301,116,6,0
301,117,7,0
301,118,8,0
301,119,9,0
301,120,10,0
301,121,11,0
301,122,12,0
301,123,13,0
301,124,14,0
301,125,15,0
301,126,16,0
301,127,17,0
301,128,18,0
301,129,19,0
301,130,20,0
301,131,21,0
301,132,22,0
301,133,23,0
301,134,24,0
301,135,25,0
301,136,26,0
301,137,27,0
301,138,28,0
301,139,29,0
301,140,30,0
301,141,31,0
301,142,32,0
301,143,33,0
301,144,34,0
301,145,35,0
301,146,36,0
301,147,37,0
301,148,38,0
301,149,39,1
400,206,1,0
400,207,2,0
400,208,3,0
400,209,4,0
400,210,5,0
400,211,6,0
400,212,7,0
400,213,8,0
400,214,9,0
400,215,10,0
400,216,11,0
400,217,12,0
400,218,13,0
400,219,14,0
400,220,15,0
400,221,16,0
400,222,17,0
400,223,18,0
400,224,19,0
400,225,20,0
400,226,21,0
400,227,22,0
400,228,23,0
400,229,24,0
400,230,25,0
400,231,26,0
400,232,27,0
400,185,28,1
401,185,1,0
401,187,2,0
401,188,3,0
401,189,4,0
401,190,5,0
401,191,6,0
401,192,7,0
401,193,8,0
401,194,9,0
401,195,10,0
401,196,11,0
401,197,12,0
401,198,13,0
401,199,14,0
401,200,15,0
401,201,16,0
401,202,17,0
401,203,18,0
401,204,19,0
401,205,20,0
401,206,21,1
500,244,1,0
500,245,2,0
500,246,3,0
500,247,4,0
500,248,5,0
500,249,6,0
500,250,7,0
500,251,8,0
500,260,9,0
500,261,10,0
500,262,11,0
500,252,12,0
500,253,13,0
500,254,14,0
500,255,15,0
500,256,16,0
500,257,17,0
500,220,18,0
500,221,19,0
500,222,20,0
500,258,21,0
500,259,22,0
500,231,23,0
500,232,24,0
500,233,25,1
501,233,1,0
501,187,2,0
501,234,3,0
501,235,4,0
501,198,5,0
501,236,6,0
501,237,7,0
501,238,8,0
501,239,9,0
501,240,10,0
501,241,11,0
501,242,12,0
501,243,13,0
501,244,14,1
601,263,1,0
601,264,2,0
601,265,3,0
601,266,4,0
601,267,5,0
601,286,6,0
601,287,7,0
601,288,8,0
601,294,9,0
601,268,10,0
601,269,11,0
601,270,12,0
601,271,13,0
601,272,14,0
601,273,15,0
601,274,16,0
601,275,17,0
601,276,18,0
601,277,19,0
601,278,20,0
601,279,21,0
601,280,22,0
601,281,23,0
601,282,24,0
601,283,25,0
601,284,26,0
601,285,27,0
601,292,28,0
601,293,29,0
601,289,30,0
601,290,31,0
601,291,32,0
601,32,33,0
601,33,34,1
700,320,1,0
700,321,2,0
700,322,3,0
700,323,4,0
700,211,5,0
700,212,6,0
700,324,7,0
700,325,8,0
700,326,9,0
700,327,10,0
700,328,11,0
700,329,12,0
700,330,13,0
700,331,14,0
700,332,15,0
700,333,16,0
700,334,17,0
700,222,18,0
700,258,19,0
700,335,20,0
700,336,21,0
700,337,22,0
700,188,23,0
700,338,24,0
700,339,25,0
700,340,26,0
700,341,27,0
700,342,28,0
700,343,29,0
700,344,30,0
700,345,31,0
700,346,32,0
700,347,33,0
700,294,34,0
700,267,35,0
700,348,36,0
700,349,37,0
700,361,38,0
700,362,39,0
700,363,40,0
700,364,41,0
700,365,42,0
700,366,43,0
700,367,44,0
700,368,45,0
700,369,46,0
700,290,47,0
700,291,48,0
700,32,49,0
700,33,50,0
700,295,51,1
701,295,1,0
701,296,2,0
701,297,3,0
701,292,4,0
701,293,5,0
701,289,6,0
701,350,7,0
701,351,8,0
701,352,9,0
701,353,10,0
701,354,11,0
701,355,12,0
701,356,13,0
701,357,14,0
701,358,15,0
701,359,16,0
701,360,17,0
701,298,18,0
701,299,19,0
701,300,20,0
701,301,21,0
701,302,22,0
701,303,23,0
701,304,24,0
701,305,25,0
701,306,26,0
701,230,27,0
701,231,28,0
701,232,29,0
701,307,30,0
701,187,31,0
701,234,32,0
701,235,33,0
701,308,34,0
701,309,35,0
701,310,36,0
701,311,37,0
701,312,38,0
701,313,39,0
701,314,40,0
701,315,41,0
701,316,42,0
701,317,43,0
701,318,44,0
701,319,45,0
701,320,46,1
800,379,1,0
800,380,2,0
800,381,3,0
800,382,4,0
800,383,5,0
800,384,6,0
800,385,7,0
800,386,8,0
800,387,9,0
800,388,10,0
800,389,11,0
800,390,12,0
800,391,13,0
800,392,14,0
800,393,15,0
800,394,16,0
800,395,17,0
800,396,18,0
800,397,19,0
800,398,20,0
800,399,21,0
800,227,22,0
800,228,23,0
800,229,24,0
800,230,25,0
800,400,26,0
800,335,27,0
800,336,28,0
800,337,29,0
800,188,30,0
800,338,31,0
800,361,32,0
800,289,33,0
800,290,34,0
800,291,35,0
800,32,36,0
800,33,37,0
800,370,38,1
801,370,1,0
801,264,2,0
801,265,3,0
801,266,4,0
801,293,5,0
801,371,6,0
801,359,7,0
801,360,8,0
801,306,9,0
801,230,10,0
801,231,11,0
801,232,12,0
801,372,13,0
801,187,14,0
801,188,15,0
801,189,16,0
801,190,17,0
801,191,18,0
801,373,19,0
801,374,20,0
801,375,21,0
801,376,22,0
801,377,23,0
801,378,24,0
801,379,25,1
900,401,1,0
900,21,2,0
900,24,3,0
900,28,4,0
900,402,5,0
900,403,6,0
900,335,7,0
900,404,8,1
901,404,1,0
901,337,2,0
901,400,3,0
901,405,4,0
901,116,5,0
901,118,6,0
901,120,7,0
901,401,8,1
1000,406,1,0
1000,407,2,0
1000,408,3,0
1000,409,4,0
1000,410,5,0
1000,411,6,0
1000,412,7,0
1000,413,8,0
1000,414,9,0
1000,415,10,0
1000,416,11,0
1000,417,12,0
1000,418,13,0
1000,419,14,0
1000,420,15,0
1000,421,16,0
1000,422,17,0
1000,172,18,0
1000,173,19,0
1000,174,20,0
1000,175,21,0
1000,176,22,0
1000,423,23,1
1001,423,1,0
1001,123,2,0
1001,124,3,0
1001,125,4,0
1001,126,5,0
1001,424,6,0
1001,425,7,0
1001,426,8,0
1001,427,9,0
1001,428,10,0
1001,429,11,0
1001,406,12,1
1100,438,1,0
1100,439,2,0
1100,440,3,0
1100,441,4,0
1100,442,5,0
1100,443,6,0
1100,444,7,0
1100,445,8,0
1100,446,9,0
1100,447,10,0
1100,448,11,0
1100,449,12,0
1100,450,13,0
1100,172,14,0
1100,173,15,0
1100,174,16,0
1100,175,17,0
1100,176,18,0
1100,423,19,1
1101,423,1,0
1101,123,2,0
1101,124,3,0
1101,125,4,0
1101,126,5,0
1101,430,6,0
1101,431,7,0
1101,432,8,0
1101,433,9,0
1101,434,10,0
1101,435,11,0
1101,436,12,0
1101,437,13,0
1101,438,14,1
1200,478,1,0
1200,479,2,0
1200,480,3,0
1200,481,4,0
1200,482,5,0
1200,483,6,0
1200,484,7,0
1200,485,8,0
1200,486,9,0
1200,487,10,0
1200,488,11,0
1200,489,12,0
1200,490,13,0
1200,491,14,0
1200,492,15,0
1200,493,16,0
1200,494,17,0
1200,495,18,0
1200,496,19,0
1200,497,20,0
1200,498,21,0
1200,279,22,0
1200,280,23,0
1200,499,24,0
1200,500,25,0
1200,285,26,0
1200,348,27,0
1200,349,28,0
1200,33,29,0
1200,451,30,0
1200,292,31,0
1200,293,32,0
1200,371,33,0
1200,359,34,0
1200,360,35,0
1200,306,36,0
1200,230,37,0
1200,231,38,0
1200,232,39,0
1200,372,40,1
1201,451,1,0
1201,32,2,0
1201,452,3,0
1201,453,4,0
1201,454,5,0
1201,455,6,0
1201,456,7,0
1201,457,8,0
1201,458,9,0
1201,459,10,0
1201,460,11,0
1201,461,12,0
1201,462,13,0
1201,463,14,0
1201,464,15,0
1201,465,16,0
1201,466,17,0
1201,467,18,0
1201,468,19,0
1201,469,20,0
1201,470,21,0
1201,471,22,0
1201,472,23,0
1201,473,24,0
1201,474,25,0
1201,475,26,0
1201,476,27,0
1201,477,28,0
1201,478,29,1
1300,523,1,0
1300,524,2,0
1300,525,3,0
1300,526,4,0
1300,527,5,0
1300,528,6,0
1300,529,7,0
1300,530,8,0
1300,531,9,0
1300,532,10,0
1300,533,11,0
1300,534,12,0
1300,535,13,0
1300,548,14,0
1300,549,15,0
1300,550,16,0
1300,551,17,0
1300,552,18,0
1300,553,19,0
1300,554,20,0
1300,555,21,0
1300,556,22,0
1300,557,23,0
1300,558,24,0
1300,559,25,0
1300,560,26,0
1300,561,27,0
1300,562,28,0
1300,563,29,0
1300,564,30,0
1300,565,31,0
1300,566,32,0
1300,519,33,0
1300,536,34,0
1300,537,35,0
1300,538,36,0
1300,539,37,0
1300,540,38,0
1300,541,39,0
1300,542,40,0
1300,543,41,0
1300,487,42,0
1300,488,43,0
1300,489,44,0
1300,490,45,0
1300,491,46,0
1300,492,47,0
1300,493,48,0
1300,494,49,0
1300,495,50,0
1300,496,51,0
1300,497,52,0
1300,544,53,0
1300,545,54,0
1300,546,55,0
1300,547,56,0
1300,451,57,1
1301,451,1,0
1301,32,2,0
1301,452,3,0
1301,453,4,0
1301,454,5,0
1301,455,6,0
1301,456,7,0
1301,457,8,0
1301,458,9,0
1301,459,10,0
1301,460,11,0
1301,461,12,0
1301,462,13,0
1301,463,14,0
1301,464,15,0
1301,465,16,0
1301,466,17,0
1301,501,18,0
1301,502,19,0
1301,503,20,0
1301,504,21,0
1301,505,22,0
1301,506,23,0
1301,507,24,0
1301,548,25,0
1301,549,26,0
1301,550,27,0
1301,551,28,0
1301,552,29,0
1301,553,30,0
1301,554,31,0
1301,555,32,0
1301,556,33,0
1301,557,34,0
1301,558,35,0
1301,559,36,0
1301,560,37,0
1301,561,38,0
1301,562,39,0
1301,563,40,0
1301,564,41,0
1301,565,42,0
1301,566,43,0
1301,508,44,0
1301,509,45,0
1301,510,46,0
1301,511,47,0
1301,512,48,0
1301,513,49,0
1301,514,50,0
1301,515,51,0
1301,516,52,0
1301,517,53,0
1301,518,54,0
1301,519,55,0
1301,520,56,0
1301,521,57,0
1301,522,58,0
1301,523,59,1
1401,567,1,0
1401,452,2,0
1401,453,3,0
1401,454,4,0
1401,455,5,0
1401,456,6,0
1401,568,7,0
1401,569,8,0
1401,570,9,0
1401,571,10,0
1401,572,11,1
1402,572,1,0
1402,573,2,0
1402,574,3,0
1402,575,4,0
1402,576,5,0
1402,577,6,0
1402,578,7,0
1402,579,8,0
1402,580,9,0
1402,581,10,0
1402,582,11,0
1402,568,12,0
1402,569,13,0
1402,545,14,0
1402,546,15,0
1402,547,16,0
1402,567,17,1
