'189',600,70500,,'',0,1500,,'',0,1500,,'',0,7400,,'',0,3300,,'',0,7300,,'',0,3300,,'',0,7300,,'',0,3300,,'',0,7300,,'',0,7300,,'',0,3300,,'',0,7300,,'',0,3300,,'',0,7400,,'',0,3300,,'',0,7300,,'',0,3300,,'',0,7200,,'',0,3300,,'',0,7300,,'',0,7200,,'',0,3300,,'',0,7300,,'',0,4400,,'',0,10000,,'',0,10000,,'',0,15500,,'',0
'189',601,70500,4,'',0,1500,4,'',0,1500,4,'',0,7400,4,'',0,3300,4,'',0,7300,4,'',0,3300,4,'',0,7300,4,'',0,3300,4,'',0,7300,4,'',0,7300,4,'',0,3300,4,'',0,7300,4,'',0,3300,4,'',0,7400,4,'',0,3300,4,'',0,7300,4,'',0,3300,4,'',0,7200,4,'',0,3300,4,'',0,7300,4,'',0,7200,4,'',0,3300,4,'',0,7300,4,'',0,4400,4,'',0,10000,4,'',0,10000,4,'',0,15500,4,'',0
'190',600,75400,,'',0,7000,,'',0,3100,,'',0,7000,,'',0,3000,,'',0,7000,,'',0,3000,,'',0,7000,,'',0,3000,,'',0,7000,,'',0,3000,,'',0,7000,,'',0,3000,,'',0,7100,,'',0,3000,,'',0,7000,,'',0,3000,,'',0,7000,,'',0,2900,,'',0,7000,,'',0,3000,,'',0,7000,,'',0,12000,,'',0,9500,,'',0,10000,,'',0,9900,,'',0
'190',601,75400,4,'',0,7000,4,'',0,3100,4,'',0,7000,4,'',0,3000,4,'',0,7000,4,'',0,3000,4,'',0,7000,4,'',0,3000,4,'',0,7000,4,'',0,3000,4,'',0,7000,4,'',0,3000,4,'',0,7100,4,'',0,3000,4,'',0,7000,4,'',0,3000,4,'',0,7000,4,'',0,2900,4,'',0,7000,4,'',0,3000,4,'',0,7000,4,'',0,12000,4,'',0,9500,4,'',0,10000,4,'',0,9900,4,'',0
'191',600,90900,,'',0,11600,,'',0,11700,,'',0,15800,,'',0,10400,,'',0,11800,,'',0,11800,,'',0,16000,,'',0
'191',601,90900,4,'',0,11600,4,'',0,11700,4,'',0,15800,4,'',0,10400,4,'',0,11800,4,'',0,11800,4,'',0,16000,4,'',0
'192',600,70500,,'',0,1500,,'',0,1500,,'',0,7400,,'',0,3300,,'',0,7300,,'',0,3300,,'',0,7300,,'',0,3300,,'',0,7300,,'',0,7300,,'',0,3300,,'',0,7300,,'',0,3300,,'',0,7400,,'',0,3300,,'',0,7300,,'',0,3300,,'',0,7200,,'',0,3300,,'',0,7300,,'',0,7200,,'',0,3300,,'',0,7300,,'',0,4400,,'',0,10000,,'',0,10000,,'',0,15500,,'',0
'192',601,70500,4,'',0,1500,4,'',0,1500,4,'',0,7400,4,'',0,3300,4,'',0,7300,4,'',0,3300,4,'',0,7300,4,'',0,3300,4,'',0,7300,4,'',0,7300,4,'',0,3300,4,'',0,7300,4,'',0,3300,4,'',0,7400,4,'',0,3300,4,'',0,7300,4,'',0,3300,4,'',0,7200,4,'',0,3300,4,'',0,7300,4,'',0,7200,4,'',0,3300,4,'',0,7300,4,'',0,4400,4,'',0,10000,4,'',0,10000,4,'',0,15500,4,'',0
'193',600,70500,,'',0,1500,,'',0,1500,,'',0,7400,,'',0,3300,,'',0,7300,,'',0,3300,,'',0,7300,,'',0,3300,,'',0,7300,,'',0,7300,,'',0,3300,,'',0,7300,,'',0,3300,,'',0,7400,,'',0,3300,,'',0,7300,,'',0,3300,,'',0,7200,,'',0,3300,,'',0,7300,,'',0,7200,,'',0,3300,,'',0,7300,,'',0,4400,,'',0,10000,,'',0,10000,,'',0,15500,,'',0
'193',601,70500,4,'',0,1500,4,'',0,1500,4,'',0,7400,4,'',0,3300,4,'',0,7300,4,'',0,3300,4,'',0,7300,4,'',0,3300,4,'',0,7300,4,'',0,7300,4,'',0,3300,4,'',0,7300,4,'',0,3300,4,'',0,7400,4,'',0,3300,4,'',0,7300,4,'',0,3300,4,'',0,7200,4,'',0,3300,4,'',0,7300,4,'',0,7200,4,'',0,3300,4,'',0,7300,4,'',0,4400,4,'',0,10000,4,'',0,10000,4,'',0,15500,4,'',0
'194',600,70500,,'',0,1500,,'',0,1500,,'',0,7400,,'',0,3300,,'',0,7300,,'',0,3300,,'',0,7300,,'',0,3300,,'',0,7300,,'',0,7300,,'',0,3300,,'',0,7300,,'',0,3300,,'',0,7400,,'',0,3300,,'',0,7300,,'',0,3300,,'',0,7200,,'',0,3300,,'',0,7300,,'',0,7200,,'',0,3300,,'',0,7300,,'',0,4400,,'',0,10000,,'',0,10000,,'',0,15500,,'',0
'194',601,70500,4,'',0,1500,4,'',0,1500,4,'',0,7400,4,'',0,3300,4,'',0,7300,4,'',0,3300,4,'',0,7300,4,'',0,3300,4,'',0,7300,4,'',0,7300,4,'',0,3300,4,'',0,7300,4,'',0,3300,4,'',0,7400,4,'',0,3300,4,'',0,7300,4,'',0,3300,4,'',0,7200,4,'',0,3300,4,'',0,7300,4,'',0,7200,4,'',0,3300,4,'',0,7300,4,'',0,4400,4,'',0,10000,4,'',0,10000,4,'',0,15500,4,'',0
'195',600,70500,,'',0,1500,,'',0,1500,,'',0,7400,,'',0,3300,,'',0,7300,,'',0,3300,,'',0,7300,,'',0,3300,,'',0,7300,,'',0,7300,,'',0,3300,,'',0,7300,,'',0,3300,,'',0,7400,,'',0,3300,,'',0,7300,,'',0,3300,,'',0,7200,,'',0,3300,,'',0,7300,,'',0,7200,,'',0,3300,,'',0,7300,,'',0,4400,,'',0,10000,,'',0,10000,,'',0,15500,,'',0
'195',601,70500,4,'',0,1500,4,'',0,1500,4,'',0,7400,4,'',0,3300,4,'',0,7300,4,'',0,3300,4,'',0,7300,4,'',0,3300,4,'',0,7300,4,'',0,7300,4,'',0,3300,4,'',0,7300,4,'',0,3300,4,'',0,7400,4,'',0,3300,4,'',0,7300,4,'',0,3300,4,'',0,7200,4,'',0,3300,4,'',0,7300,4,'',0,7200,4,'',0,3300,4,'',0,7300,4,'',0,4400,4,'',0,10000,4,'',0,10000,4,'',0,15500,4,'',0
'196',600,75400,,'',0,7000,,'',0,3100,,'',0,7000,,'',0,3000,,'',0,7000,,'',0,3000,,'',0,7000,,'',0,3000,,'',0,7000,,'',0,3000,,'',0,7000,,'',0,3000,,'',0,7100,,'',0,3000,,'',0,7000,,'',0,3000,,'',0,7000,,'',0,2900,,'',0,7000,,'',0,3000,,'',0,7000,,'',0,12000,,'',0,9500,,'',0,10000,,'',0,9900,,'',0,9000,,'',0,11000,,'',0
'196',601,75400,4,'',0,7000,4,'',0,3100,4,'',0,7000,4,'',0,3000,4,'',0,7000,4,'',0,3000,4,'',0,7000,4,'',0,3000,4,'',0,7000,4,'',0,3000,4,'',0,7000,4,'',0,3000,4,'',0,7100,4,'',0,3000,4,'',0,7000,4,'',0,3000,4,'',0,7000,4,'',0,2900,4,'',0,7000,4,'',0,3000,4,'',0,7000,4,'',0,12000,4,'',0,9500,4,'',0,10000,4,'',0,9900,4,'',0,9000,4,'',0,11000,4,'',0
