'151',800,63900,4,'',0,1600,4,'',0,5900,4,'',0,1300,4,'',0,1700,4,'',0,500,4,'',0,1000,4,'',0,5700,4,'',0,1700,4,'',0,1400,4,'',0,5600,4,'',0,1400,4,'',0,1500,4,'',0,1500,4,'',0,5500,4,'',0,1500,4,'',0,1500,4,'',0,1600,4,'',0,5500,4,'',0,3000,4,'',0,7200,4,'',0,3000,4,'',0,7100,4,'',0,2900,4,'',0,7100,4,'',0,2900,4,'',0,7100,4,'',0,1400,4,'',0,1500,4,'',0,1600,4,'',0,5400,4,'',0,1600,4,'',0,1400,4,'',0,1600,4,'',0,5200,4,'',0,1800,4,'',0,1100,4,'',0,1900,4,'',0,4900,4,'',0,1700,4,'',0,1300,4,'',0,1600,4,'',0,1300,4,'',0,7200,4,'',0,2600,4,'',0,7000,4,'',0,2900,4,'',0,6900,4,'',0,3100,4,'',0,6900,4,'',0,3100,4,'',0,6900,4,'',0,3000,4,'',0,6900,4,'',0,3100,4,'',0,6900,4,'',0
'151',801,60500,,'',0,1500,,'',0,1500,,'',0,1500,,'',0,700,,'',0,4800,,'',0,1500,,'',0,1500,,'',0,1500,,'',0,5500,,'',0,1500,,'',0,1500,,'',0,1500,,'',0,5500,,'',0,1500,,'',0,1500,,'',0,1500,,'',0,5500,,'',0,3000,,'',0,7000,,'',0,3000,,'',0,7000,,'',0,3000,,'',0,7000,,'',0,3000,,'',0,7000,,'',0,1500,,'',0,1500,,'',0,1500,,'',0,5500,,'',0,1500,,'',0,1500,,'',0,1500,,'',0,5500,,'',0,1500,,'',0,1500,,'',0,1500,,'',0,5500,,'',0,1500,,'',0,1500,,'',0,1500,,'',0,5500,,'',0,3000,,'',0,7000,,'',0,3000,,'',0,7000,,'',0,3000,,'',0,7000,,'',0,3000,,'',0,7000,,'',0,3000,,'',0,7000,,'',0,3000,,'',0,7000,,'',0,3000,,'',0
'152',800,63900,4,'',0,1600,4,'',0,5900,4,'',0,1300,4,'',0,1700,4,'',0,500,4,'',0,1000,4,'',0,5700,4,'',0,1700,4,'',0,1400,4,'',0,5600,4,'',0,1400,4,'',0,1500,4,'',0,1500,4,'',0,5500,4,'',0,1500,4,'',0,1500,4,'',0,1600,4,'',0,5500,4,'',0,3000,4,'',0,7200,4,'',0,3000,4,'',0,7100,4,'',0,2900,4,'',0,7100,4,'',0,2900,4,'',0,7100,4,'',0,1400,4,'',0,1500,4,'',0,1600,4,'',0,5400,4,'',0,1600,4,'',0,1400,4,'',0,1600,4,'',0,5200,4,'',0,1800,4,'',0,1100,4,'',0,1900,4,'',0,4900,4,'',0,1700,4,'',0,1300,4,'',0,1600,4,'',0,1300,4,'',0,7200,4,'',0,2600,4,'',0,7000,4,'',0,2900,4,'',0,6900,4,'',0,3100,4,'',0,6900,4,'',0,3100,4,'',0,6900,4,'',0,3000,4,'',0,6900,4,'',0,3100,4,'',0,6900,4,'',0
'152',801,60500,,'',0,1500,,'',0,1500,,'',0,1500,,'',0,700,,'',0,4800,,'',0,1500,,'',0,1500,,'',0,1500,,'',0,5500,,'',0,1500,,'',0,1500,,'',0,1500,,'',0,5500,,'',0,1500,,'',0,1500,,'',0,1500,,'',0,5500,,'',0,3000,,'',0,7000,,'',0,3000,,'',0,7000,,'',0,3000,,'',0,7000,,'',0,3000,,'',0,7000,,'',0,1500,,'',0,1500,,'',0,1500,,'',0,5500,,'',0,1500,,'',0,1500,,'',0,1500,,'',0,5500,,'',0,1500,,'',0,1500,,'',0,1500,,'',0,5500,,'',0,1500,,'',0,1500,,'',0,1500,,'',0,5500,,'',0,3000,,'',0,7000,,'',0,3000,,'',0,7000,,'',0,3000,,'',0,7000,,'',0,3000,,'',0,7000,,'',0,3000,,'',0,7000,,'',0,3000,,'',0,7000,,'',0,3000,,'',0
'153',800,63900,4,'',0,1600,4,'',0,5900,4,'',0,1300,4,'',0,1700,4,'',0,500,4,'',0,1000,4,'',0,5700,4,'',0,1700,4,'',0,1400,4,'',0,5600,4,'',0,1400,4,'',0,1500,4,'',0,1500,4,'',0,5500,4,'',0,1500,4,'',0,1500,4,'',0,1600,4,'',0,5500,4,'',0,3000,4,'',0,7200,4,'',0,3000,4,'',0,7100,4,'',0,2900,4,'',0,7100,4,'',0,2900,4,'',0,7100,4,'',0,1400,4,'',0,1500,4,'',0,1600,4,'',0,5400,4,'',0,1600,4,'',0,1400,4,'',0,1600,4,'',0,5200,4,'',0,1800,4,'',0,1100,4,'',0,1900,4,'',0,4900,4,'',0,1700,4,'',0,1300,4,'',0,1600,4,'',0,1300,4,'',0,7200,4,'',0,2600,4,'',0,7000,4,'',0,2900,4,'',0,6900,4,'',0,3100,4,'',0,6900,4,'',0,3100,4,'',0,6900,4,'',0,3000,4,'',0,6900,4,'',0,3100,4,'',0,6900,4,'',0
'153',801,60500,,'',0,1500,,'',0,1500,,'',0,1500,,'',0,700,,'',0,4800,,'',0,1500,,'',0,1500,,'',0,1500,,'',0,5500,,'',0,1500,,'',0,1500,,'',0,1500,,'',0,5500,,'',0,1500,,'',0,1500,,'',0,1500,,'',0,5500,,'',0,3000,,'',0,7000,,'',0,3000,,'',0,7000,,'',0,3000,,'',0,7000,,'',0,3000,,'',0,7000,,'',0,1500,,'',0,1500,,'',0,1500,,'',0,5500,,'',0,1500,,'',0,1500,,'',0,1500,,'',0,5500,,'',0,1500,,'',0,1500,,'',0,1500,,'',0,5500,,'',0,1500,,'',0,1500,,'',0,1500,,'',0,5500,,'',0,3000,,'',0,7000,,'',0,3000,,'',0,7000,,'',0,3000,,'',0,7000,,'',0,3000,,'',0,7000,,'',0,3000,,'',0,7000,,'',0,3000,,'',0,7000,,'',0,3000,,'',0
'154',800,70800,4,'',0,2900,4,'',0,7100,4,'',0,2900,4,'',0,7100,4,'',0,3200,4,'',0,7000,4,'',0,3300,4,'',0,7100,4,'',0,1400,4,'',0,1900,4,'',0,5400,4,'',0,2000,4,'',0,3100,4,'',0,7400,4,'',0,3000,4,'',0,7100,4,'',0,2900,4,'',0,6100,4,'',0,1500,4,'',0,1900,4,'',0,5600,4,'',0,1500,4,'',0,1500,4,'',0,6400,4,'',0,800,4,'',0,2100,4,'',0,1600,4,'',0,7000,4,'',0,3200,4,'',0,7400,4,'',0,3400,4,'',0,6900,4,'',0,3400,4,'',0,14100,4,'',0,5900,4,'',0,9900,4,'',0,9900,4,'',0,6800,4,'',0,3100,4,'',0
'154',801,61500,,'',0,3000,,'',0,7000,,'',0,3000,,'',0,7000,,'',0,3000,,'',0,7100,,'',0,3200,,'',0,7000,,'',0,1500,,'',0,1800,,'',0,5500,,'',0,2000,,'',0,2900,,'',0,7500,,'',0,7000,,'',0,3000,,'',0,7000,,'',0,2000,,'',0,1600,,'',0,1900,,'',0,5500,,'',0,1500,,'',0,1500,,'',0,6000,,'',0,1000,,'',0,2100,,'',0,1500,,'',0,7200,,'',0,3300,,'',0,7400,,'',0,7500,,'',0,3000,,'',0,7500,,'',0,10200,,'',0,10100,,'',0,9900,,'',0,9900,,'',0,2900,,'',0,7000,,'',0
'155',800,75300,4,'',0,6900,4,'',0,9800,4,'',0,10200,4,'',0,2200,4,'',0,7800,4,'',0,2600,4,'',0,7600,4,'',0,2800,4,'',0,7100,4,'',0,3300,4,'',0,7100,4,'',0,2400,4,'',0,7100,4,'',0,3400,4,'',0,7100,4,'',0,2900,4,'',0,7100,4,'',0,3000,4,'',0,7000,4,'',0,3200,4,'',0,6400,4,'',0,9900,4,'',0,10000,4,'',0,10000,4,'',0,9700,4,'',0,9900,4,'',0
'155',801,70000,,'',0,3000,,'',0,9700,,'',0,10000,,'',0,2200,,'',0,7800,,'',0,2500,,'',0,7600,,'',0,2800,,'',0,7000,,'',0,7400,,'',0,3000,,'',0,2500,,'',0,7000,,'',0,7500,,'',0,3000,,'',0,7000,,'',0,3000,,'',0,7000,,'',0,3000,,'',0,7200,,'',0,2600,,'',0,9800,,'',0,10200,,'',0,10000,,'',0,10000,,'',0,10000,,'',0
'156',800,63900,4,'',0,1600,4,'',0,5900,4,'',0,1300,4,'',0,1700,4,'',0,500,4,'',0,1000,4,'',0,5700,4,'',0,1700,4,'',0,1400,4,'',0,5600,4,'',0,1400,4,'',0,1500,4,'',0,1500,4,'',0,5500,4,'',0,1500,4,'',0,1500,4,'',0,1600,4,'',0,5500,4,'',0,3000,4,'',0,7200,4,'',0,3000,4,'',0,7100,4,'',0,2900,4,'',0,7100,4,'',0,2900,4,'',0,7100,4,'',0,1400,4,'',0,1500,4,'',0,1600,4,'',0,5400,4,'',0,1600,4,'',0,1400,4,'',0,1600,4,'',0,5200,4,'',0,1800,4,'',0,1100,4,'',0,1900,4,'',0,4900,4,'',0,1700,4,'',0,1300,4,'',0,1600,4,'',0,1300,4,'',0,7200,4,'',0,2600,4,'',0,7000,4,'',0,2900,4,'',0,6900,4,'',0,3100,4,'',0,6900,4,'',0,3100,4,'',0,6900,4,'',0,3000,4,'',0,6900,4,'',0,3100,4,'',0,6900,4,'',0
'156',801,60500,,'',0,1500,,'',0,1500,,'',0,1500,,'',0,700,,'',0,4800,,'',0,1500,,'',0,1500,,'',0,1500,,'',0,5500,,'',0,1500,,'',0,1500,,'',0,1500,,'',0,5500,,'',0,1500,,'',0,1500,,'',0,1500,,'',0,5500,,'',0,3000,,'',0,7000,,'',0,3000,,'',0,7000,,'',0,3000,,'',0,7000,,'',0,3000,,'',0,7000,,'',0,1500,,'',0,1500,,'',0,1500,,'',0,5500,,'',0,1500,,'',0,1500,,'',0,1500,,'',0,5500,,'',0,1500,,'',0,1500,,'',0,1500,,'',0,5500,,'',0,1500,,'',0,1500,,'',0,1500,,'',0,5500,,'',0,3000,,'',0,7000,,'',0,3000,,'',0,7000,,'',0,3000,,'',0,7000,,'',0,3000,,'',0,7000,,'',0,3000,,'',0,7000,,'',0,3000,,'',0,7000,,'',0,3000,,'',0
'157',800,63900,4,'',0,1600,4,'',0,5900,4,'',0,1300,4,'',0,1700,4,'',0,500,4,'',0,1000,4,'',0,5700,4,'',0,1700,4,'',0,1400,4,'',0,5600,4,'',0,1400,4,'',0,1500,4,'',0,1500,4,'',0,5500,4,'',0,1500,4,'',0,1500,4,'',0,1600,4,'',0,5500,4,'',0,3000,4,'',0,7200,4,'',0,3000,4,'',0,7100,4,'',0,2900,4,'',0,7100,4,'',0,2900,4,'',0,7100,4,'',0,1400,4,'',0,1500,4,'',0,1600,4,'',0,5400,4,'',0,1600,4,'',0,1400,4,'',0,1600,4,'',0,5200,4,'',0,1800,4,'',0,1100,4,'',0,1900,4,'',0,4900,4,'',0,1700,4,'',0,1300,4,'',0,1600,4,'',0,1300,4,'',0,7200,4,'',0,2600,4,'',0,7000,4,'',0,2900,4,'',0,6900,4,'',0,3100,4,'',0,6900,4,'',0,3100,4,'',0,6900,4,'',0,3000,4,'',0,6900,4,'',0,3100,4,'',0,6900,4,'',0
'157',801,60500,,'',0,1500,,'',0,1500,,'',0,1500,,'',0,700,,'',0,4800,,'',0,1500,,'',0,1500,,'',0,1500,,'',0,5500,,'',0,1500,,'',0,1500,,'',0,1500,,'',0,5500,,'',0,1500,,'',0,1500,,'',0,1500,,'',0,5500,,'',0,3000,,'',0,7000,,'',0,3000,,'',0,7000,,'',0,3000,,'',0,7000,,'',0,3000,,'',0,7000,,'',0,1500,,'',0,1500,,'',0,1500,,'',0,5500,,'',0,1500,,'',0,1500,,'',0,1500,,'',0,5500,,'',0,1500,,'',0,1500,,'',0,1500,,'',0,5500,,'',0,1500,,'',0,1500,,'',0,1500,,'',0,5500,,'',0,3000,,'',0,7000,,'',0,3000,,'',0,7000,,'',0,3000,,'',0,7000,,'',0,3000,,'',0,7000,,'',0,3000,,'',0,7000,,'',0,3000,,'',0,7000,,'',0,3000,,'',0
