'172',1100,81900,,'',0,32200,,'',0,36500,,'',0,23000,,'',0
'172',1101,114100,4,'',0,36500,4,'',0,23000,4,'',0
'173',1100,64900,,'',0,17900,,'',0,10700,,'',0,10000,,'',0,10000,,'',0,21100,,'',0,16200,,'',0,10300,,'',0,10200,,'',0,10000,,'',0,10000,,'',0
'173',1101,82800,4,'',0,10700,4,'',0,10000,4,'',0,10000,4,'',0,21100,4,'',0,16200,4,'',0,10300,4,'',0,10200,4,'',0,10000,4,'',0,10000,4,'',0
'174',1100,64900,,'',0,17900,,'',0,10700,,'',0,10000,,'',0,10000,,'',0,21100,,'',0,16200,,'',0,10300,,'',0,10200,,'',0,10000,,'',0,10000,,'',0
'174',1101,82800,4,'',0,10700,4,'',0,10000,4,'',0,10000,4,'',0,21100,4,'',0,16200,4,'',0,10300,4,'',0,10200,4,'',0,10000,4,'',0,10000,4,'',0
'175',1100,64900,,'',0,17900,,'',0,10700,,'',0,10000,,'',0,10000,,'',0,21100,,'',0,16200,,'',0,10300,,'',0,10200,,'',0,10000,,'',0,10000,,'',0
'175',1101,82800,4,'',0,10700,4,'',0,10000,4,'',0,10000,4,'',0,21100,4,'',0,16200,4,'',0,10300,4,'',0,10200,4,'',0,10000,4,'',0,10000,4,'',0
'176',1100,64900,,'',0,17900,,'',0,10700,,'',0,10000,,'',0,10000,,'',0,21100,,'',0,16200,,'',0,10300,,'',0,10200,,'',0,10000,,'',0,10000,,'',0
'176',1101,82800,4,'',0,10700,4,'',0,10000,4,'',0,10000,4,'',0,21100,4,'',0,16200,4,'',0,10300,4,'',0,10200,4,'',0,10000,4,'',0,10000,4,'',0
'177',1100,64900,,'',0,17900,,'',0,10700,,'',0,10000,,'',0,10000,,'',0,21100,,'',0,16200,,'',0,10300,,'',0,10200,,'',0,10000,,'',0,10000,,'',0
'177',1101,82800,4,'',0,10700,4,'',0,10000,4,'',0,10000,4,'',0,21100,4,'',0,16200,4,'',0,10300,4,'',0,10200,4,'',0,10000,4,'',0,10000,4,'',0
'178',1100,73000,,'',0,10000,,'',0,10500,,'',0,10000,,'',0,10100,,'',0,19600,,'',0,18500,,'',0,10000,,'',0,10000,,'',0,9900,,'',0,9900,,'',0,10000,,'',0
'178',1101,83000,4,'',0,10500,4,'',0,10000,4,'',0,10100,4,'',0,19600,4,'',0,18500,4,'',0,10000,4,'',0,10000,4,'',0,9900,4,'',0,9900,4,'',0,10000,4,'',0
'179',1100,73000,,'',0,10000,,'',0,10500,,'',0,10000,,'',0,10100,,'',0,19600,,'',0,18500,,'',0,10000,,'',0,10000,,'',0,9900,,'',0,9900,,'',0,10000,,'',0
'179',1101,83000,4,'',0,10500,4,'',0,10000,4,'',0,10100,4,'',0,19600,4,'',0,18500,4,'',0,10000,4,'',0,10000,4,'',0,9900,4,'',0,9900,4,'',0,10000,4,'',0
'180',1100,73000,,'',0,10000,,'',0,10500,,'',0,10000,,'',0,10100,,'',0,19600,,'',0,18500,,'',0,10000,,'',0,10000,,'',0,9900,,'',0,9900,,'',0,10000,,'',0,50000,,'',0
'180',1101,83000,4,'',0,10500,4,'',0,10000,4,'',0,10100,4,'',0,19600,4,'',0,18500,4,'',0,10000,4,'',0,10000,4,'',0,9900,4,'',0,9900,4,'',0,10000,4,'',0,50000,4,'',0
