'181',1000,65200,,'',0,6500,,'',0,1500,,'',0,1700,,'',0,6000,,'',0,1500,,'',0,2000,,'',0,1000,,'',0,6500,,'',0,1500,,'',0,2000,,'',0,8000,,'',0,8000,,'',0,4000,,'',0,8000,,'',0,8000,,'',0,4000,,'',0,8000,,'',0,2000,,'',0,5900,,'',0,2000,,'',0,2000,,'',0,6000,,'',0,2000,,'',0,2000,,'',0,6000,,'',0,2000,,'',0,2000,,'',0,7900,,'',0,8000,,'',0,18800,,'',0
'181',1001,65200,4,'',0,8000,4,'',0,1700,4,'',0,6000,4,'',0,1500,4,'',0,2000,4,'',0,1000,4,'',0,5000,4,'',0,1500,4,'',0,1500,4,'',0,2000,4,'',0,8000,4,'',0,8000,4,'',0,4000,4,'',0,8000,4,'',0,8000,4,'',0,4000,4,'',0,8000,4,'',0,2000,4,'',0,5900,4,'',0,2000,4,'',0,2000,4,'',0,6000,4,'',0,2000,4,'',0,2000,4,'',0,6000,4,'',0,2000,4,'',0,2000,4,'',0,7900,4,'',0,8000,4,'',0,22000,4,'',0
'182',1000,65200,,'',0,6500,,'',0,1500,,'',0,1700,,'',0,6000,,'',0,1500,,'',0,2000,,'',0,1000,,'',0,6500,,'',0,1500,,'',0,2000,,'',0,8000,,'',0,8000,,'',0,4000,,'',0,8000,,'',0,8000,,'',0,4000,,'',0,8000,,'',0,2000,,'',0,5900,,'',0,2000,,'',0,2000,,'',0,6000,,'',0,2000,,'',0,2000,,'',0,6000,,'',0,2000,,'',0,2000,,'',0,7900,,'',0,8000,,'',0,18800,,'',0
'182',1001,65200,4,'',0,8000,4,'',0,1700,4,'',0,6000,4,'',0,1500,4,'',0,2000,4,'',0,1000,4,'',0,5000,4,'',0,1500,4,'',0,1500,4,'',0,2000,4,'',0,8000,4,'',0,8000,4,'',0,4000,4,'',0,8000,4,'',0,8000,4,'',0,4000,4,'',0,8000,4,'',0,2000,4,'',0,5900,4,'',0,2000,4,'',0,2000,4,'',0,6000,4,'',0,2000,4,'',0,2000,4,'',0,6000,4,'',0,2000,4,'',0,2000,4,'',0,7900,4,'',0,8000,4,'',0,22000,4,'',0
'183',1000,65200,,'',0,6500,,'',0,1500,,'',0,1700,,'',0,6000,,'',0,1500,,'',0,2000,,'',0,1000,,'',0,6500,,'',0,1500,,'',0,2000,,'',0,8000,,'',0,8000,,'',0,4000,,'',0,8000,,'',0,8000,,'',0,4000,,'',0,8000,,'',0,2000,,'',0,5900,,'',0,2000,,'',0,2000,,'',0,6000,,'',0,2000,,'',0,2000,,'',0,6000,,'',0,2000,,'',0,2000,,'',0,7900,,'',0,8000,,'',0,18800,,'',0
'183',1001,65200,4,'',0,8000,4,'',0,1700,4,'',0,6000,4,'',0,1500,4,'',0,2000,4,'',0,1000,4,'',0,5000,4,'',0,1500,4,'',0,1500,4,'',0,2000,4,'',0,8000,4,'',0,8000,4,'',0,4000,4,'',0,8000,4,'',0,8000,4,'',0,4000,4,'',0,8000,4,'',0,2000,4,'',0,5900,4,'',0,2000,4,'',0,2000,4,'',0,6000,4,'',0,2000,4,'',0,2000,4,'',0,6000,4,'',0,2000,4,'',0,2000,4,'',0,7900,4,'',0,8000,4,'',0,22000,4,'',0
'186',1000,65200,,'',0,6500,,'',0,1500,,'',0,1700,,'',0,6000,,'',0,1500,,'',0,2000,,'',0,1000,,'',0,6500,,'',0,1500,,'',0,2000,,'',0,8000,,'',0,8000,,'',0,4000,,'',0,8000,,'',0,8000,,'',0,4000,,'',0,8000,,'',0,2000,,'',0,5900,,'',0,2000,,'',0,2000,,'',0,6000,,'',0,2000,,'',0,2000,,'',0,6000,,'',0,2000,,'',0,2000,,'',0,7900,,'',0,8000,,'',0,18800,,'',0
'186',1001,65200,4,'',0,8000,4,'',0,1700,4,'',0,6000,4,'',0,1500,4,'',0,2000,4,'',0,1000,4,'',0,5000,4,'',0,1500,4,'',0,1500,4,'',0,2000,4,'',0,8000,4,'',0,8000,4,'',0,4000,4,'',0,8000,4,'',0,8000,4,'',0,4000,4,'',0,8000,4,'',0,2000,4,'',0,5900,4,'',0,2000,4,'',0,2000,4,'',0,6000,4,'',0,2000,4,'',0,2000,4,'',0,6000,4,'',0,2000,4,'',0,2000,4,'',0,7900,4,'',0,8000,4,'',0,22000,4,'',0
'187',1000,65200,,'',0,6500,,'',0,1500,,'',0,1700,,'',0,6000,,'',0,1500,,'',0,2000,,'',0,1000,,'',0,6500,,'',0,1500,,'',0,2000,,'',0,8000,,'',0,8000,,'',0,4000,,'',0,8000,,'',0,8000,,'',0,4000,,'',0,8000,,'',0,2000,,'',0,5900,,'',0,2000,,'',0,2000,,'',0,6000,,'',0,2000,,'',0,2000,,'',0,6000,,'',0,2000,,'',0,2000,,'',0,7900,,'',0,8000,,'',0,18800,,'',0
'187',1001,65200,4,'',0,8000,4,'',0,1700,4,'',0,6000,4,'',0,1500,4,'',0,2000,4,'',0,1000,4,'',0,5000,4,'',0,1500,4,'',0,1500,4,'',0,2000,4,'',0,8000,4,'',0,8000,4,'',0,4000,4,'',0,8000,4,'',0,8000,4,'',0,4000,4,'',0,8000,4,'',0,2000,4,'',0,5900,4,'',0,2000,4,'',0,2000,4,'',0,6000,4,'',0,2000,4,'',0,2000,4,'',0,6000,4,'',0,2000,4,'',0,2000,4,'',0,7900,4,'',0,8000,4,'',0,22000,4,'',0
