'151',1400,62700,,'',0,2800,,'',0,9400,,'',0,8800,,'',0,9900,,'',0,10100,,'',0,10000,,'',0,11300,,'',0,10200,,'',0,15100,,'',0,5400,,'',0,14900,,'',0,9600,,'',0,10400,,'',0
'151',1401,65100,4,'',0,9300,4,'',0,8800,4,'',0,9900,4,'',0,10100,4,'',0,10000,4,'',0,11100,4,'',0,10200,4,'',0,11100,4,'',0,9300,4,'',0,10900,4,'',0,9700,4,'',0,10400,4,'',0
'152',1400,62700,,'',0,2800,,'',0,9400,,'',0,8800,,'',0,9900,,'',0,10100,,'',0,10000,,'',0,11300,,'',0,10200,,'',0,15100,,'',0,5400,,'',0,14900,,'',0,9600,,'',0,10400,,'',0
'152',1401,65100,4,'',0,9300,4,'',0,8800,4,'',0,9900,4,'',0,10100,4,'',0,10000,4,'',0,11100,4,'',0,10200,4,'',0,11100,4,'',0,9300,4,'',0,10900,4,'',0,9700,4,'',0,10400,4,'',0
'153',1400,62700,,'',0,2800,,'',0,9400,,'',0,8800,,'',0,9900,,'',0,10100,,'',0,10000,,'',0,11300,,'',0,10200,,'',0,15100,,'',0,5400,,'',0,14900,,'',0,9600,,'',0,10400,,'',0
'153',1401,65100,4,'',0,9300,4,'',0,8800,4,'',0,9900,4,'',0,10100,4,'',0,10000,4,'',0,11100,4,'',0,10200,4,'',0,11100,4,'',0,9300,4,'',0,10900,4,'',0,9700,4,'',0,10400,4,'',0
'154',1400,73600,,'',0,10300,,'',0,9000,,'',0,13000,,'',0,18400,,'',0,10100,,'',0,17000,,'',0,13300,,'',0,10400,,'',0
'154',1401,73600,4,'',0,10300,4,'',0,9000,4,'',0,13000,4,'',0,18400,4,'',0,10100,4,'',0,17000,4,'',0,13300,4,'',0,10400,4,'',0
'155',1400,84300,,'',0,10000,,'',0,11500,,'',0,29800,,'',0,35000,,'',0,11200,,'',0
'155',1401,83900,4,'',0,10000,4,'',0,11500,4,'',0,29700,4,'',0,35000,4,'',0,11100,4,'',0
'156',1400,62700,,'',0,2800,,'',0,9400,,'',0,8800,,'',0,9900,,'',0,10100,,'',0,10000,,'',0,11300,,'',0,10200,,'',0,15100,,'',0,5400,,'',0,14900,,'',0,9600,,'',0,10400,,'',0
'156',1401,65100,4,'',0,9300,4,'',0,8800,4,'',0,9900,4,'',0,10100,4,'',0,10000,4,'',0,11100,4,'',0,10200,4,'',0,11100,4,'',0,9300,4,'',0,10900,4,'',0,9700,4,'',0,10400,4,'',0
'157',1400,62700,,'',0,2800,,'',0,9400,,'',0,8800,,'',0,9900,,'',0,10100,,'',0,10000,,'',0,11300,,'',0,10200,,'',0,15100,,'',0,5400,,'',0,14900,,'',0,9600,,'',0,10400,,'',0
'157',1401,65100,4,'',0,9300,4,'',0,8800,4,'',0,9900,4,'',0,10100,4,'',0,10000,4,'',0,11100,4,'',0,10200,4,'',0,11100,4,'',0,9300,4,'',0,10900,4,'',0,9700,4,'',0,10400,4,'',0
