100,104227,1,0
100,104234,2,0
100,104235,3,0
100,104236,4,0
100,104237,5,0
100,104238,6,0
100,104239,7,0
100,104240,8,0
100,104241,9,0
100,104242,10,0
100,104243,11,0
100,104244,12,0
100,104245,13,0
100,104246,14,0
100,104247,15,0
100,104248,16,0
100,104249,17,0
100,104250,18,0
100,104251,19,0
100,104252,20,0
100,104253,21,0
100,104254,22,0
100,104255,23,0
100,104256,24,0
100,104257,25,0
100,104258,26,0
100,104259,27,0
100,104260,28,0
100,104261,29,0
100,104262,30,0
100,104263,31,0
100,104264,32,0
100,104200,33,1
101,104200,1,0
101,104201,2,0
101,104202,3,0
101,104203,4,0
101,104204,5,0
101,104205,6,0
101,104206,7,0
101,104207,8,0
101,104208,9,0
101,104209,10,0
101,104210,11,0
101,104211,12,0
101,104212,13,0
101,104213,14,0
101,104214,15,0
101,104215,16,0
101,104216,17,0
101,104217,18,0
101,104218,19,0
101,104219,20,0
101,104220,21,0
101,104221,22,0
101,104222,23,0
101,104223,24,0
101,104224,25,0
101,104225,26,0
101,104226,27,0
101,104227,28,1
200,104291,1,0
200,104292,2,0
200,104293,3,0
200,104294,4,0
200,104295,5,0
200,104296,6,0
200,104297,7,0
200,104298,8,0
200,104299,9,0
200,104300,10,0
200,104301,11,0
200,104302,12,0
200,104303,13,0
200,104304,14,0
200,104305,15,0
200,104306,16,0
200,104307,17,0
200,104308,18,0
200,104309,19,0
200,104310,20,0
200,104311,21,0
200,104312,22,0
200,104313,23,0
200,104314,24,0
200,104315,25,0
200,104316,26,0
200,104317,27,0
200,104255,28,0
200,104256,29,0
200,104257,30,0
200,104258,31,0
200,104259,32,0
200,104260,33,0
200,104261,34,0
200,104262,35,0
200,104263,36,0
200,104264,37,0
200,104265,38,0
200,104248,39,0
200,104249,40,0
200,104250,41,0
200,104251,42,1
201,104265,1,0
201,104201,2,0
201,104202,3,0
201,104203,4,0
201,104204,5,0
201,104205,6,0
201,104206,7,0
201,104207,8,0
201,104266,9,0
201,104267,10,0
201,104268,11,0
201,104269,12,0
201,104270,13,0
201,104271,14,0
201,104272,15,0
201,104273,16,0
201,104274,17,0
201,104275,18,0
201,104276,19,0
201,104277,20,0
201,104278,21,0
201,104279,22,0
201,104280,23,0
201,104281,24,0
201,104282,25,0
201,104283,26,0
201,104284,27,0
201,104285,28,0
201,104286,29,0
201,104287,30,0
201,104289,31,0
201,104290,32,0
201,104291,33,1
300,104353,1,0
300,104354,2,0
300,104355,3,0
300,104356,4,0
300,104357,5,0
300,104358,6,0
300,104359,7,0
300,104360,8,0
300,104361,9,0
300,104362,10,0
300,104363,11,0
300,104364,12,0
300,104365,13,0
300,104366,14,0
300,104367,15,0
300,104368,16,0
300,104369,17,0
300,104370,18,0
300,104371,19,0
300,104372,20,0
300,104373,21,0
300,104374,22,0
300,104375,23,0
300,104376,24,0
300,104377,25,0
300,104378,26,0
300,104379,27,0
300,104380,28,0
300,104381,29,0
300,104382,30,0
300,104383,31,0
300,104384,32,0
300,104385,33,0
300,104386,34,0
300,104387,35,0
300,104388,36,0
300,104260,37,0
300,104261,38,0
300,104262,39,0
300,104263,40,0
300,104264,41,0
300,104318,42,1
301,104318,1,0
301,104201,2,0
301,104202,3,0
301,104203,4,0
301,104319,5,0
301,104320,6,0
301,104321,7,0
301,104322,8,0
301,104323,9,0
301,104324,10,0
301,104325,11,0
301,104326,12,0
301,104327,13,0
301,104328,14,0
301,104329,15,0
301,104330,16,0
301,104331,17,0
301,104332,18,0
301,104333,19,0
301,104334,20,0
301,104335,21,0
301,104336,22,0
301,104337,23,0
301,104338,24,0
301,104339,25,0
301,104340,26,0
301,104341,27,0
301,104342,28,0
301,104343,29,0
301,104344,30,0
301,104345,31,0
301,104346,32,0
301,104347,33,0
301,104348,34,0
301,104349,35,0
301,104350,36,0
301,104351,37,0
301,104352,38,0
301,104353,39,1
400,104417,1,0
400,104418,2,0
400,104419,3,0
400,104420,4,0
400,104421,5,0
400,104422,6,0
400,104423,7,0
400,104424,8,0
400,104425,9,0
400,104426,10,0
400,104427,11,0
400,104428,12,0
400,104429,13,0
400,104430,14,0
400,104431,15,0
400,104432,16,0
400,104433,17,0
400,104551,18,0
400,104552,19,0
400,104553,20,0
400,104554,21,0
400,104555,22,0
400,104556,23,0
400,104557,24,0
400,104402,25,0
400,104403,26,0
400,104404,27,0
400,104405,28,1
401,104405,1,0
401,104406,2,0
401,104439,3,0
401,104513,4,0
401,104514,5,0
401,104515,6,0
401,104516,7,0
401,104517,8,0
401,104518,9,0
401,104519,10,0
401,104520,11,0
401,104521,12,0
401,104409,13,0
401,104410,14,0
401,104411,15,0
401,104412,16,0
401,104413,17,0
401,104414,18,0
401,104415,19,0
401,104416,20,0
401,104417,21,1
500,104462,1,0
500,104466,2,0
500,104467,3,0
500,104468,4,0
500,104469,5,0
500,104470,6,0
500,104471,7,0
500,104472,8,0
500,151000,9,0
500,151001,10,0
500,151002,11,0
500,104473,12,0
500,104474,13,0
500,104475,14,0
500,104476,15,0
500,104477,16,0
500,104478,17,0
500,104431,18,0
500,104432,19,0
500,104433,20,0
500,104434,21,0
500,104435,22,0
500,104403,23,0
500,104404,24,0
500,104453,25,1
501,104453,1,0
501,104406,2,0
501,104407,3,0
501,104408,4,0
501,104409,5,0
501,104454,6,0
501,104455,7,0
501,104456,8,0
501,104457,9,0
501,104458,10,0
501,104459,11,0
501,104460,12,0
501,104461,13,0
501,104462,14,1
601,104479,1,0
601,104390,2,0
601,104391,3,0
601,104392,4,0
601,104481,5,0
601,104501,6,0
601,104502,7,0
601,104503,8,0
601,151004,9,0
601,104483,10,0
601,104484,11,0
601,104485,12,0
601,104486,13,0
601,104487,14,0
601,104488,15,0
601,104489,16,0
601,104490,17,0
601,104491,18,0
601,104492,19,0
601,104493,20,0
601,104494,21,0
601,104495,22,0
601,104496,23,0
601,104497,24,0
601,104498,25,0
601,104499,26,0
601,104500,27,0
601,104508,28,0
601,104393,29,0
601,104450,30,0
601,104451,31,0
601,104452,32,0
601,104263,33,0
601,104264,34,1
700,104534,1,0
700,104535,2,0
700,104536,3,0
700,104537,4,0
700,104422,5,0
700,104423,6,0
700,104538,7,0
700,104539,8,0
700,104540,9,0
700,104541,10,0
700,104542,11,0
700,104543,12,0
700,104544,13,0
700,104545,14,0
700,104546,15,0
700,104547,16,0
700,104548,17,0
700,104433,18,0
700,104434,19,0
700,104436,20,0
700,104437,21,0
700,104438,22,0
700,104439,23,0
700,104440,24,0
700,104441,25,0
700,104442,26,0
700,104443,27,0
700,104444,28,0
700,104445,29,0
700,104446,30,0
700,104447,31,0
700,104448,32,0
700,104449,33,0
700,151004,34,0
700,104481,35,0
700,104705,36,0
700,104706,37,0
700,104559,38,0
700,104569,39,0
700,104570,40,0
700,104571,41,0
700,104572,42,0
700,104573,43,0
700,104574,44,0
700,104575,45,0
700,104576,46,0
700,104451,47,0
700,104452,48,0
700,104263,49,0
700,104264,50,0
700,104504,51,1
701,104504,1,0
701,104506,2,0
701,104507,3,0
701,104508,4,0
701,104393,5,0
701,104450,6,0
701,104560,7,0
701,104561,8,0
701,104562,9,0
701,104563,10,0
701,104564,11,0
701,104565,12,0
701,104566,13,0
701,104567,14,0
701,104568,15,0
701,104510,16,0
701,104511,17,0
701,104394,18,0
701,104395,19,0
701,104396,20,0
701,104910,21,0
701,104397,22,0
701,104398,23,0
701,104399,24,0
701,104400,25,0
701,104401,26,0
701,104402,27,0
701,104403,28,0
701,104404,29,0
701,104512,30,0
701,104406,31,0
701,104407,32,0
701,104408,33,0
701,104522,34,0
701,104523,35,0
701,104524,36,0
701,104525,37,0
701,104526,38,0
701,104527,39,0
701,104528,40,0
701,104529,41,0
701,104530,42,0
701,104531,43,0
701,104532,44,0
701,104533,45,0
701,104534,46,1
900,104585,1,0
900,104586,2,0
900,104587,3,0
900,104588,4,0
900,104589,5,0
900,104590,6,0
900,104591,7,0
900,104592,8,0
900,104593,9,0
900,104594,10,0
900,104595,11,0
900,104596,12,0
900,104597,13,0
900,104598,14,0
900,104599,15,0
900,104600,16,0
900,104602,17,0
900,104603,18,0
900,104605,19,0
900,104606,20,0
900,104608,21,0
900,104555,22,0
900,104556,23,0
900,104557,24,0
900,104402,25,0
900,104609,26,0
900,104436,27,0
900,104437,28,0
900,104438,29,0
900,104439,30,0
900,104440,31,0
900,104559,32,0
900,104450,33,0
900,104451,34,0
900,104452,35,0
900,104263,36,0
900,104264,37,0
900,104577,38,1
901,104577,1,0
901,104390,2,0
901,104391,3,0
901,104392,4,0
901,104393,5,0
901,104509,6,0
901,104510,7,0
901,104511,8,0
901,104401,9,0
901,104402,10,0
901,104403,11,0
901,104404,12,0
901,104578,13,0
901,104406,14,0
901,104439,15,0
901,104513,16,0
901,104514,17,0
901,104515,18,0
901,104579,19,0
901,104580,20,0
901,104581,21,0
901,104582,22,0
901,104583,23,0
901,104584,24,0
901,104585,25,1
1000,104614,1,0
1000,104252,2,0
1000,104255,3,0
1000,104259,4,0
1000,104615,5,0
1000,104617,6,0
1000,104436,7,0
1000,104610,8,1
1001,104610,1,0
1001,104438,2,0
1001,104609,3,0
1001,104611,4,0
1001,104320,5,0
1001,104322,6,0
1001,104324,7,0
1001,104614,8,1
1300,104625,1,0
1300,104626,2,0
1300,104627,3,0
1300,104628,4,0
1300,104629,5,0
1300,104630,6,0
1300,104631,7,0
1300,104632,8,0
1300,104633,9,0
1300,104634,10,0
1300,104635,11,0
1300,104636,12,0
1300,104637,13,0
1300,104770,14,0
1300,104638,15,0
1300,104639,16,0
1300,104640,17,0
1300,104376,18,0
1300,104377,19,0
1300,104378,20,0
1300,104379,21,0
1300,104380,22,0
1300,104618,23,1
1301,104618,1,0
1301,104327,2,0
1301,104328,3,0
1301,104329,4,0
1301,104330,5,0
1301,104619,6,0
1301,104620,7,0
1301,104621,8,0
1301,104622,9,0
1301,104623,10,0
1301,104624,11,0
1301,104625,12,1
1400,104648,1,0
1400,151005,2,0
1400,151006,3,0
1400,151007,4,0
1400,151008,5,0
1400,151009,6,0
1400,151010,7,0
1400,151011,8,0
1400,104649,9,0
1400,104650,10,0
1400,104651,11,0
1400,104652,12,0
1400,104653,13,0
1400,104331,14,0
1400,104332,15,0
1400,104333,16,0
1400,104334,17,0
1400,104335,18,0
1400,104336,19,0
1400,104337,20,0
1400,104338,21,0
1400,104339,22,0
1400,104341,23,0
1400,104342,24,0
1400,104343,25,0
1400,104344,26,0
1400,104345,27,0
1400,104346,28,0
1400,104347,29,0
1400,104348,30,0
1400,104349,31,0
1400,104350,32,0
1400,104351,33,0
1400,104352,34,0
1400,104353,35,0
1400,104354,36,0
1400,104355,37,0
1400,104356,38,0
1400,104357,39,0
1400,104358,40,0
1400,104359,41,0
1400,104360,42,0
1400,104361,43,0
1400,104362,44,0
1400,104363,45,0
1400,104364,46,0
1400,104365,47,0
1400,104366,48,0
1400,104367,49,0
1400,104368,50,0
1400,104369,51,0
1400,104370,52,0
1400,104371,53,0
1400,104372,54,0
1400,104373,55,0
1400,104374,56,0
1400,104375,57,0
1400,104376,58,0
1400,104377,59,0
1400,104378,60,0
1400,104379,61,0
1400,104380,62,0
1400,104618,63,1
1401,104618,1,0
1401,104327,2,0
1401,104328,3,0
1401,104329,4,0
1401,104330,5,0
1401,104909,6,0
1401,104641,7,0
1401,104642,8,0
1401,104643,9,0
1401,104644,10,0
1401,104645,11,0
1401,104646,12,0
1401,104647,13,0
1401,104648,14,1
1600,104681,1,0
1600,104682,2,0
1600,104683,3,0
1600,104684,4,0
1600,104685,5,0
1600,104686,6,0
1600,104687,7,0
1600,104688,8,0
1600,104689,9,0
1600,104691,10,0
1600,104692,11,0
1600,104693,12,0
1600,104694,13,0
1600,104695,14,0
1600,104696,15,0
1600,104697,16,0
1600,104698,17,0
1600,104699,18,0
1600,104700,19,0
1600,104701,20,0
1600,104702,21,0
1600,104494,22,0
1600,104495,23,0
1600,104703,24,0
1600,104704,25,0
1600,104500,26,0
1600,104705,27,0
1600,104706,28,0
1600,104264,29,0
1600,104654,30,0
1600,104508,31,0
1600,104393,32,0
1600,104509,33,0
1600,104510,34,0
1600,104511,35,0
1600,104401,36,0
1600,104402,37,0
1600,104403,38,0
1600,104404,39,0
1600,104578,40,1
1601,104654,1,0
1601,104263,2,0
1601,104655,3,0
1601,104656,4,0
1601,104657,5,0
1601,104658,6,0
1601,104659,7,0
1601,104660,8,0
1601,104661,9,0
1601,104662,10,0
1601,104663,11,0
1601,104664,12,0
1601,104665,13,0
1601,104666,14,0
1601,104667,15,0
1601,104668,16,0
1601,104669,17,0
1601,104670,18,0
1601,104671,19,0
1601,104672,20,0
1601,104673,21,0
1601,104674,22,0
1601,104675,23,0
1601,104676,24,0
1601,104677,25,0
1601,104678,26,0
1601,104679,27,0
1601,104680,28,0
1601,104681,29,1
1700,104747,1,0
1700,104748,2,0
1700,104749,3,0
1700,104750,4,0
1700,104751,5,0
1700,104752,6,0
1700,104753,7,0
1700,104754,8,0
1700,104755,9,0
1700,104756,10,0
1700,104757,11,0
1700,104758,12,0
1700,104759,13,0
1700,104714,14,0
1700,104715,15,0
1700,104716,16,0
1700,104717,17,0
1700,104718,18,0
1700,104719,19,0
1700,104720,20,0
1700,104721,21,0
1700,104722,22,0
1700,104723,23,0
1700,104724,24,0
1700,104725,25,0
1700,104726,26,0
1700,104727,27,0
1700,104728,28,0
1700,104729,29,0
1700,104730,30,0
1700,104731,31,0
1700,104732,32,0
1700,104743,33,0
1700,104760,34,0
1700,151022,35,0
1700,104832,36,0
1700,104762,37,0
1700,104763,38,0
1700,104764,39,0
1700,104765,40,0
1700,104766,41,0
1700,104691,42,0
1700,104692,43,0
1700,104693,44,0
1700,104694,45,0
1700,104695,46,0
1700,104696,47,0
1700,104697,48,0
1700,104698,49,0
1700,104699,50,0
1700,104700,51,0
1700,104701,52,0
1700,104767,53,0
1700,104768,54,0
1700,104769,55,0
1700,151003,56,0
1700,104654,57,1
1701,104654,1,0
1701,104263,2,0
1701,104655,3,0
1701,104656,4,0
1701,104657,5,0
1701,104658,6,0
1701,104659,7,0
1701,104660,8,0
1701,104661,9,0
1701,104662,10,0
1701,104663,11,0
1701,104664,12,0
1701,104665,13,0
1701,104666,14,0
1701,104667,15,0
1701,104668,16,0
1701,104669,17,0
1701,104707,18,0
1701,104708,19,0
1701,104709,20,0
1701,104710,21,0
1701,104711,22,0
1701,151023,23,0
1701,104713,24,0
1701,104714,25,0
1701,104715,26,0
1701,104716,27,0
1701,104717,28,0
1701,104718,29,0
1701,104719,30,0
1701,104720,31,0
1701,104721,32,0
1701,104722,33,0
1701,104723,34,0
1701,104724,35,0
1701,104725,36,0
1701,104726,37,0
1701,104727,38,0
1701,104728,39,0
1701,104729,40,0
1701,104730,41,0
1701,104731,42,0
1701,104732,43,0
1701,104733,44,0
1701,104734,45,0
1701,104884,46,0
1701,104735,47,0
1701,104736,48,0
1701,104737,49,0
1701,104738,50,0
1701,104739,51,0
1701,104740,52,0
1701,104741,53,0
1701,104742,54,0
1701,104743,55,0
1701,104744,56,0
1701,104745,57,0
1701,104746,58,0
1701,104747,59,1
1801,104479,1,0
1801,104655,2,0
1801,104656,3,0
1801,104657,4,0
1801,104658,5,0
1801,104659,6,0
1801,151028,7,0
1801,151029,8,0
1801,151030,9,0
1801,151012,10,0
1801,151013,11,1
1802,151013,1,0
1802,151014,2,0
1802,151015,3,0
1802,151016,4,0
1802,151017,5,0
1802,151018,6,0
1802,151019,7,0
1802,151020,8,0
1802,151021,9,0
1802,151026,10,0
1802,151027,11,0
1802,151028,12,0
1802,151029,13,0
1802,104768,14,0
1802,104769,15,0
1802,104479,16,1
