401,'5101',815,,2873,3,,,0,117,,2870,3,,,0,120,,2871,3,,,0,160,,2872,3,,,0,94,,2876,3,,,0,125,,2874,3,,,0,127,,2875,3,,,0,166,,2877,3,,,0,120,,2878,3,,,0
401,'5102',608,,2879,3,,,0,25,,2883,3,,,0,87,,2881,3,,,0,30,,2885,3,,,0,70,,2882,3,,,0,30,,2886,3,,,0,70,,2907,3,,,0,30,,2880,3,,,0,70,,2889,3,,,0,30,,2890,3,,,0,70,,4114,3,,,0,30,,2887,3,,,0,70,,4117,3,,,0,30,,2908,3,,,0,70,,4116,3,,,0,30,,2884,3,,,0,70,,4124,3,,,0,30,,2894,3,,,0,61,,2909,3,,,0,10,,4123,3,,,0,30,,2901,3,,,0,70,,4115,3,,,0,30,,2891,3,,,0,69,,4120,3,,,0,30,,2893,3,,,0,70,,4121,3,,,0,97,,4122,3,,,0,97,,4118,3,,,0,100,,2897,3,,,0,100,,4119,3,,,0,118,,4125,3,,,0
401,'5105',802,,4126,3,,,0,25,,4127,3,,,0,25,,4129,3,,,0,65,,4128,3,,,0,25,,4130,3,,,0,65,,4132,3,,,0,25,,4133,3,,,0,26,,4134,3,,,0,65,,4131,3,,,0,26,,4135,3,,,0,65,,2922,3,,,0,28,,2919,3,,,0,67,,2921,3,,,0,28,,2923,3,,,0,67,,2925,3,,,0,30,,2927,3,,,0,67,,2928,3,,,0,29,,2926,3,,,0,27,,2930,3,,,0,67,,2931,3,,,0,27,,2929,3,,,0,67,,2924,3,,,0,27,,2932,3,,,0,67,,2934,3,,,0,35,,2933,3,,,0,100,,2935,3,,,0,100,,2936,3,,,0,100,,2937,3,,,0,100,,4136,3,,,0
700,'5101',741,,3107,23,,,0,67,,3108,23,,,0,100,,3109,23,,,0,97,,3110,23,,,0,33,,3112,23,,,0,70,,3111,23,,,0,27,,3114,23,,,0,73,,3120,23,,,0,28,,3115,23,,,0,69,,3113,23,,,0,32,,3116,23,,,0,68,,3127,23,,,0,32,,3118,23,,,0,70,,3122,23,,,0,31,,3117,23,,,0,69,,3119,23,,,0,31,,3121,23,,,0,67,,3125,23,,,0,32,,3123,23,,,0,66,,3128,23,,,0,32,,3124,23,,,0,67,,3130,23,,,0,102,,3126,23,,,0,98,,3132,23,,,0,104,,3129,23,,,0,94,,3131,23,,,0,100,,3133,23,,,0
700,'5102',628,,3134,23,,,0,17,,3135,23,,,0,58,,3136,23,,,0,13,,3137,23,,,0,17,,3138,23,,,0,17,,3139,23,,,0,57,,3140,23,,,0,21,,3141,23,,,0,10,,3142,23,,,0,19,,3143,23,,,0,50,,3144,23,,,0,16,,3145,23,,,0,12,,3146,23,,,0,18,,3147,23,,,0,53,,3163,23,,,0,18,,3148,23,,,0,12,,3188,23,,,0,18,,3149,23,,,0,70,,3150,23,,,0,33,,3151,23,,,0,68,,3152,23,,,0,32,,3153,23,,,0,68,,3154,23,,,0,32,,3155,23,,,0,70,,3156,23,,,0,74,,3157,23,,,0,11,,3158,23,,,0,15,,3159,23,,,0,17,,3160,23,,,0,14,,3161,23,,,0,56,,3162,23,,,0,13,,3164,23,,,0,17,,3167,23,,,0,11,,3179,23,,,0,59,,3168,23,,,0,11,,3165,23,,,0,18,,3169,23,,,0,11,,3180,23,,,0,58,,3170,23,,,0,10,,3166,23,,,0,16,,3171,23,,,0,13,,3182,23,,,0,72,,3172,23,,,0,27,,3181,23,,,0,73,,3173,23,,,0,26,,3184,23,,,0,72,,3174,23,,,0,28,,3183,23,,,0,70,,3175,23,,,0,27,,3185,23,,,0,71,,3176,23,,,0,26,,3186,23,,,0,73,,3177,23,,,0,31,,3187,23,,,0,70,,3178,23,,,0
700,'5105',656,,3227,23,,,0,69,,3226,23,,,0,32,,3214,23,,,0,69,,3189,23,,,0,31,,3190,23,,,0,72,,3192,23,,,0,28,,3191,23,,,0,71,,3198,23,,,0,72,,3203,23,,,0,13,,3218,23,,,0,17,,3204,23,,,0,14,,3219,23,,,0,63,,3206,23,,,0,34,,3201,23,,,0,68,,3207,23,,,0,30,,3200,23,,,0,72,,3208,23,,,0,28,,3202,23,,,0,70,,3222,23,,,0,13,,4142,23,,,0,14,,3220,23,,,0,16,,3210,23,,,0,54,,3224,23,,,0,15,,3199,23,,,0,16,,4143,23,,,0,14,,3211,23,,,0,55,,3221,23,,,0,24,,3205,23,,,0,29,,3212,23,,,0,70,,3193,23,,,0,76,,3194,23,,,0,32,,3195,23,,,0,76,,3216,23,,,0,34,,3215,23,,,0,105,,3196,23,,,0,96,,3197,23,,,0,99,,3213,23,,,0,97,,3217,23,,,0,67,,3225,23,,,0,28,,3228,23,,,0
900,'5101',740,,3351,30,,,0,70,,3353,30,,,0,31,,3352,30,,,0,70,,3354,30,,,0,30,,3356,30,,,0,71,,3355,30,,,0,31,,3357,30,,,0,70,,3359,30,,,0,30,,3360,30,,,0,71,,3358,30,,,0,30,,3361,30,,,0,71,,3362,30,,,0,30,,3365,30,,,0,71,,3364,30,,,0,30,,3366,30,,,0,70,,3363,30,,,0,31,,3377,30,,,0,70,,3367,30,,,0,30,,3369,30,,,0,69,,3368,30,,,0,30,,3370,30,,,0,70,,3371,30,,,0,30,,3382,30,,,0,70,,3376,30,,,0,29,,3372,30,,,0,68,,3373,30,,,0,30,,3374,30,,,0,70,,3375,30,,,0,29,,3381,30,,,0,70,,3378,30,,,0,29,,3379,30,,,0,68,,3380,30,,,0,30,,3383,30,,,0,70,,3384,30,,,0
900,'5102',642,,3386,30,,,0,72,,3387,30,,,0,33,,3388,30,,,0,56,,3389,30,,,0,17,,3390,30,,,0,17,,3391,30,,,0,13,,3392,30,,,0,53,,3393,30,,,0,7,,3394,30,,,0,9,,3395,30,,,0,13,,3396,30,,,0,15,,3397,30,,,0,55,,3398,30,,,0,15,,3399,30,,,0,15,,3400,30,,,0,15,,3401,30,,,0,55,,3402,30,,,0,15,,3403,30,,,0,16,,3404,30,,,0,16,,3405,30,,,0,55,,3406,30,,,0,15,,3407,30,,,0,15,,3408,30,,,0,16,,3409,30,,,0,54,,3410,30,,,0,15,,3411,30,,,0,16,,3412,30,,,0,15,,3413,30,,,0,55,,3414,30,,,0,15,,3415,30,,,0,15,,3416,30,,,0,14,,3417,30,,,0,59,,3418,30,,,0,14,,3419,30,,,0,15,,3420,30,,,0,17,,3421,30,,,0,47,,3422,30,,,0,8,,3423,30,,,0,16,,3424,30,,,0,14,,3425,30,,,0,15,,3426,30,,,0,57,,3427,30,,,0,15,,3428,30,,,0,13,,3429,30,,,0,13,,3430,30,,,0,53,,3431,30,,,0,15,,3432,30,,,0,13,,3433,30,,,0,12,,3434,30,,,0,55,,3435,30,,,0,15,,3436,30,,,0,15,,3437,30,,,0,14,,3438,30,,,0,15,,3439,30,,,0,56,,3440,30,,,0,14,,3441,30,,,0,15,,3442,30,,,0,60,,3443,30,,,0,20,,3444,30,,,0,34,,3445,30,,,0,70,,3446,30,,,0,23,,3447,30,,,0,73,,3448,30,,,0,25,,3449,30,,,0,71,,3450,30,,,0,25,,3451,30,,,0,70,,3385,30,,,0
900,'5105',640,,3491,30,,,0,70,,3492,30,,,0,33,,3480,30,,,0,70,,3453,30,,,0,31,,3454,30,,,0,70,,3455,30,,,0,32,,3452,30,,,0,72,,3457,30,,,0,29,,3459,30,,,0,69,,3456,30,,,0,15,,3484,30,,,0,15,,3460,30,,,0,55,,3488,30,,,0,15,,3458,30,,,0,32,,3462,30,,,0,71,,3463,30,,,0,30,,3461,30,,,0,72,,3464,30,,,0,30,,3465,30,,,0,52,,3482,30,,,0,15,,3467,30,,,0,15,,3486,30,,,0,15,,3468,30,,,0,55,,3483,30,,,0,15,,3466,30,,,0,15,,3485,30,,,0,15,,3470,30,,,0,55,,3489,30,,,0,15,,3471,30,,,0,15,,3487,30,,,0,15,,3472,30,,,0,70,,3469,30,,,0,35,,3474,30,,,0,79,,3478,30,,,0,70,,3475,30,,,0,100,,3476,30,,,0,100,,3473,30,,,0,99,,3477,30,,,0,101,,3479,30,,,0,102,,3481,30,,,0,103,,3490,30,,,0
901,'5101',712,,3493,15,,,0,30,,3496,15,,,0,70,,3494,15,,,0,30,,3495,15,,,0,70,,3500,15,,,0,30,,3497,15,,,0,70,,3499,15,,,0,30,,3498,15,,,0,70,,3503,15,,,0,31,,3501,15,,,0,70,,3502,15,,,0,31,,3507,15,,,0,70,,3505,15,,,0,30,,3508,15,,,0,70,,3504,15,,,0,30,,3506,15,,,0,71,,3520,15,,,0,30,,3510,15,,,0,70,,3511,15,,,0,29,,3509,15,,,0,70,,3512,15,,,0,30,,3513,15,,,0,70,,3525,15,,,0,30,,3517,15,,,0,70,,3514,15,,,0,28,,3516,15,,,0,70,,3515,15,,,0,30,,3518,15,,,0,70,,3524,15,,,0,30,,3519,15,,,0,70,,3521,15,,,0,29,,3522,15,,,0,70,,3523,15,,,0,30,,3526,15,,,0
901,'5102',612,,3527,15,,,0,30,,3528,15,,,0,71,,3529,15,,,0,16,,3530,15,,,0,15,,3531,15,,,0,57,,3532,15,,,0,15,,3533,15,,,0,14,,3534,15,,,0,7,,3535,15,,,0,9,,3536,15,,,0,13,,3537,15,,,0,55,,3538,15,,,0,15,,3539,15,,,0,15,,3540,15,,,0,15,,3541,15,,,0,55,,3542,15,,,0,15,,3543,15,,,0,15,,3544,15,,,0,15,,3545,15,,,0,56,,3546,15,,,0,15,,3547,15,,,0,15,,3548,15,,,0,55,,3549,15,,,0,15,,3550,15,,,0,15,,3551,15,,,0,15,,3552,15,,,0,56,,3553,15,,,0,15,,3554,15,,,0,15,,3555,15,,,0,15,,3556,15,,,0,55,,3557,15,,,0,14,,3558,15,,,0,16,,3559,15,,,0,14,,3560,15,,,0,55,,3561,15,,,0,16,,3562,15,,,0,7,,3563,15,,,0,8,,3564,15,,,0,16,,3565,15,,,0,54,,3566,15,,,0,15,,3567,15,,,0,17,,3568,15,,,0,15,,3569,15,,,0,55,,3570,15,,,0,14,,3571,15,,,0,14,,3572,15,,,0,15,,3573,15,,,0,55,,3574,15,,,0,13,,3575,15,,,0,15,,3576,15,,,0,15,,3577,15,,,0,15,,3578,15,,,0,54,,3579,15,,,0,15,,3580,15,,,0,16,,3581,15,,,0,14,,3582,15,,,0,55,,3583,15,,,0,20,,3584,15,,,0,20,,3585,15,,,0,74,,3586,15,,,0,30,,3587,15,,,0,65,,3588,15,,,0,33,,3589,15,,,0,67,,3590,15,,,0,33,,3591,15,,,0,66,,3592,15,,,0,30,,3593,15,,,0
901,'5105',611,,3632,15,,,0,30,,3633,15,,,0,72,,3620,15,,,0,30,,3616,15,,,0,70,,3594,15,,,0,30,,3598,15,,,0,72,,3596,15,,,0,30,,3595,15,,,0,70,,3597,15,,,0,29,,3599,15,,,0,15,,3626,15,,,0,55,,3600,15,,,0,15,,3624,15,,,0,15,,3602,15,,,0,72,,3603,15,,,0,30,,3604,15,,,0,70,,3601,15,,,0,30,,3605,15,,,0,70,,3606,15,,,0,14,,3631,15,,,0,15,,3608,15,,,0,55,,3628,15,,,0,15,,3610,15,,,0,15,,3630,15,,,0,15,,3612,15,,,0,55,,3625,15,,,0,15,,3613,15,,,0,15,,3627,15,,,0,15,,3609,15,,,0,55,,3629,15,,,0,15,,3607,15,,,0,30,,3611,15,,,0,75,,3614,15,,,0,80,,3622,15,,,0,30,,3617,15,,,0,100,,3618,15,,,0,100,,3619,15,,,0,99,,3615,15,,,0,104,,3621,15,,,0,104,,3623,15,,,0,104,,3634,15,,,0
