100,'5101',722,,2247,30,,,0,19,,2248,30,,,0,70,,2249,30,,,0,30,,2251,30,,,0,70,,2250,30,,,0,32,,2252,30,,,0,72,,2255,30,,,0,30,,2253,30,,,0,70,,2254,30,,,0,31,,2256,30,,,0,73,,2268,30,,,0,30,,2258,30,,,0,70,,2257,30,,,0,30,,2261,30,,,0,70,,2259,30,,,0,30,,2262,30,,,0,71,,2263,30,,,0,30,,2260,30,,,0,68,,2264,30,,,0,30,,2265,30,,,0,69,,2275,30,,,0,30,,2266,30,,,0,70,,2278,30,,,0,33,,2269,30,,,0,65,,2267,30,,,0,29,,2270,30,,,0,70,,2279,30,,,0,29,,2272,30,,,0,70,,2271,30,,,0,29,,2273,30,,,0,68,,2274,30,,,0,30,,2276,30,,,0,70,,2280,30,,,0,37,,2277,30,,,0,62,,2281,30,,,0
100,'5102',614,,2282,22,,,0,30,,2283,30,,,0,72,,2284,30,,,0,31,,2285,30,,,0,58,,2286,30,,,0,17,,2294,30,,,0,15,,2293,30,,,0,15,,2321,30,,,0,54,,2322,30,,,0,15,,2297,30,,,0,16,,2289,30,,,0,15,,2316,30,,,0,60,,2315,30,,,0,21,,2326,30,,,0,20,,2325,30,,,0,71,,2324,30,,,0,30,,2329,30,,,0,72,,2328,30,,,0,30,,2313,30,,,0,70,,2312,30,,,0,30,,2303,30,,,0,70,,2292,30,,,0,33,,2291,30,,,0,60,,2295,30,,,0,19,,2290,30,,,0,17,,2318,30,,,0,55,,2300,30,,,0,14,,2317,30,,,0,15,,2323,30,,,0,15,,2319,30,,,0,55,,2332,30,,,0,14,,2331,30,,,0,14,,2311,30,,,0,15,,2308,30,,,0,52,,2333,30,,,0,14,,2309,30,,,0,15,,2306,30,,,0,15,,2327,30,,,0,60,,2330,30,,,0,19,,2307,30,,,0,25,,2314,30,,,0,67,,2310,30,,,0,30,,2305,30,,,0,69,,2301,30,,,0,30,,2299,30,,,0,70,,2298,30,,,0,30,,2296,30,,,0,69,,2304,30,,,0,28,,2320,30,,,0,66,,2302,30,,,0,29,,2287,30,,,0,70,,2288,30,,,0
100,'5105',651,,2361,30,,,0,49,,2363,30,,,0,30,,2364,30,,,0,71,,2334,30,,,0,27,,2366,30,,,0,20,,2335,30,,,0,55,,2367,30,,,0,17,,2336,30,,,0,16,,2368,30,,,0,16,,2338,30,,,0,72,,2339,30,,,0,30,,2340,30,,,0,70,,2337,30,,,0,32,,2342,30,,,0,70,,2343,30,,,0,30,,2344,30,,,0,70,,2341,30,,,0,30,,2345,30,,,0,70,,2346,30,,,0,31,,2347,30,,,0,70,,2348,30,,,0,30,,2350,30,,,0,68,,2351,30,,,0,13,,2369,30,,,0,15,,2352,30,,,0,55,,2370,30,,,0,15,,2349,30,,,0,14,,2371,30,,,0,14,,2353,30,,,0,55,,2372,30,,,0,15,,2354,30,,,0,15,,2373,30,,,0,15,,2355,30,,,0,70,,2356,30,,,0,85,,2360,30,,,0,99,,2359,30,,,0,104,,2358,30,,,0,104,,2357,30,,,0,103,,2362,30,,,0,97,,2365,30,,,0
200,'5101',820,,2499,37,,,0,81,,2498,37,,,0,113,,2501,37,,,0,100,,2500,37,,,0,101,,2502,37,,,0,105,,2503,37,,,0,96,,2505,37,,,0,100,,2504,37,,,0,98,,2508,37,,,0,106,,2510,37,,,0,99,,2509,37,,,0,124,,2506,37,,,0,99,,2507,37,,,0
200,'5102',629,,2523,37,,,0,79,,2524,37,,,0,28,,2525,37,,,0,15,,2528,37,,,0,72,,2526,37,,,0,16,,2527,37,,,0,15,,2529,37,,,0,66,,2532,37,,,0,30,,2531,37,,,0,70,,2530,37,,,0,30,,2535,37,,,0,69,,2533,37,,,0,30,,2534,37,,,0,71,,2536,37,,,0,30,,2537,37,,,0,70,,2538,37,,,0,30,,2539,37,,,0,71,,2541,37,,,0,30,,2540,37,,,0,77,,2542,37,,,0,26,,2543,37,,,0,78,,2519,37,,,0,70,,2513,37,,,0,29,,2515,37,,,0,28,,2516,37,,,0,70,,2522,37,,,0,74,,2514,37,,,0,39,,2518,37,,,0,69,,2512,37,,,0,33,,2517,37,,,0,65,,2511,37,,,0,30,,2520,37,,,0
200,'5105',803,,2545,37,,,0,113,,2547,37,,,0,103,,2544,37,,,0,101,,2548,37,,,0,100,,2546,37,,,0,101,,2549,37,,,0,100,,2550,37,,,0,100,,2553,37,,,0,30,,2554,37,,,0,70,,2552,37,,,0,30,,2551,37,,,0,69,,2555,37,,,0,30,,2556,37,,,0,70,,2557,37,,,0,88,,2562,37,,,0,40,,2560,37,,,0,91,,2558,37,,,0,93,,2559,37,,,0,100,,2561,37,,,0
300,'5101',824,,2626,41,,,0,93,,2628,41,,,0,100,,2627,41,,,0,101,,2633,41,,,0,105,,2629,41,,,0,100,,2635,41,,,0,100,,2630,41,,,0,100,,2631,41,,,0,100,,2636,41,,,0,99,,2632,41,,,0,97,,2638,41,,,0,97,,2634,41,,,0,105,,2637,41,,,0,98,,2639,41,,,0
300,'5102',649,,2672,41,,,0,62,,2659,41,,,0,18,,2656,13,,,0,3,,2652,41,,,0,9,,2653,41,,,0,17,,2647,41,,,0,59,,2675,41,,,0,18,,2661,41,,,0,14,,2664,41,,,0,58,,2665,41,,,0,19,,2657,41,,,0,31,,2658,41,,,0,70,,2660,41,,,0,31,,2682,41,,,0,70,,2667,41,,,0,30,,2655,41,,,0,71,,2669,41,,,0,30,,2681,41,,,0,70,,2643,41,,,0,73,,2666,41,,,0,32,,2644,41,,,0,73,,2676,41,,,0,17,,2654,41,,,0,15,,2662,41,,,0,8,,2683,41,,,0,4,,2685,41,,,0,52,,2646,41,,,0,12,,2645,41,,,0,15,,2673,41,,,0,15,,2649,41,,,0,55,,2651,41,,,0,15,,2680,41,,,0,14,,2663,41,,,0,13,,2642,41,,,0,14,,2648,41,,,0,55,,2671,41,,,0,15,,2650,41,,,0,28,,2679,41,,,0,69,,2670,41,,,0,30,,2684,41,,,0,70,,2668,41,,,0,99,,2678,41,,,0,98,,2674,41,,,0,98,,2677,41,,,0
300,'5105',738,,2687,41,,,0,70,,2686,41,,,0,37,,2688,41,,,0,76,,2691,41,,,0,30,,2692,41,,,0,72,,2690,41,,,0,30,,2689,41,,,0,70,,2693,41,,,0,30,,2694,41,,,0,70,,2696,41,,,0,31,,2695,41,,,0,70,,2699,41,,,0,30,,2700,41,,,0,70,,2698,41,,,0,30,,2702,41,,,0,71,,2703,41,,,0,30,,2701,41,,,0,70,,2705,41,,,0,30,,2697,41,,,0,69,,2706,41,,,0,30,,2704,41,,,0,70,,2708,41,,,0,33,,2709,41,,,0,64,,2710,41,,,0,85,,2711,41,,,0,105,,2713,41,,,0,105,,2714,41,,,0,102,,2707,41,,,0,97,,2712,41,,,0
601,'5101',1150,,3064,31,,,0,100,,3063,31,,,0,100,,3068,31,,,0,101,,3066,31,,,0,100,,3067,31,,,0,105,,3069,31,,,0
601,'5102',723,,3073,31,,,0,104,,3074,31,,,0,101,,3075,31,,,0,96,,3077,31,,,0,25,,3076,31,,,0,75,,3078,31,,,0,120,,3079,31,,,0,80,,3080,31,,,0,100,,3081,31,,,0,100,,3082,31,,,0,81,,3083,31,,,0,41,,3084,31,,,0,56,,3085,31,,,0,35,,3088,31,,,0,66,,3086,31,,,0,28,,3087,31,,,0,100,,3089,31,,,0
601,'5105',821,,3091,31,,,0,104,,3092,31,,,0,97,,3095,31,,,0,100,,3096,31,,,0,100,,3093,31,,,0,100,,3094,31,,,0,99,,3097,31,,,0,100,,3098,31,,,0,30,,3100,31,,,0,70,,3101,31,,,0,30,,3106,31,,,0,70,,3102,31,,,0,30,,3105,31,,,0,70,,3104,31,,,0,184,,3099,31,,,0
700,'5101',753,,3107,38,,,0,67,,3108,37,,,0,100,,3109,38,,,0,98,,3110,37,,,0,32,,3112,38,,,0,70,,3111,38,,,0,28,,3114,37,,,0,72,,3120,38,,,0,30,,3115,37,,,0,67,,3113,38,,,0,34,,3116,37,,,0,67,,3127,38,,,0,33,,3118,37,,,0,69,,3122,38,,,0,32,,3117,37,,,0,68,,3119,38,,,0,33,,3121,37,,,0,66,,3125,38,,,0,33,,3123,37,,,0,64,,3128,38,,,0,32,,3124,37,,,0,67,,3130,38,,,0,102,,3126,37,,,0,98,,3132,38,,,0,104,,3129,37,,,0,93,,3131,38,,,0,100,,3133,37,,,0
700,'5102',640,,3134,37,,,0,18,,3135,38,,,0,59,,3136,37,,,0,12,,3137,38,,,0,18,,3138,37,,,0,57,,3139,37,,,0,21,,3140,38,,,0,17,,3141,37,,,0,10,,3142,38,,,0,59,,3143,37,,,0,10,,3144,38,,,0,16,,3145,37,,,0,12,,3146,38,,,0,58,,3147,37,,,0,13,,3163,38,,,0,18,,3148,37,,,0,12,,3188,38,,,0,58,,3149,37,,,0,32,,3150,38,,,0,71,,3151,37,,,0,30,,3152,38,,,0,71,,3153,37,,,0,29,,3154,38,,,0,71,,3155,37,,,0,32,,3156,38,,,0,72,,3157,37,,,0,12,,3158,38,,,0,15,,3159,38,,,0,16,,3160,37,,,0,55,,3161,38,,,0,15,,3162,37,,,0,14,,3164,38,,,0,16,,3167,37,,,0,53,,3179,38,,,0,17,,3168,37,,,0,14,,3165,38,,,0,15,,3169,37,,,0,50,,3180,38,,,0,17,,3170,37,,,0,11,,3166,38,,,0,15,,3171,37,,,0,54,,3182,38,,,0,31,,3172,37,,,0,68,,3181,38,,,0,32,,3173,37,,,0,66,,3184,38,,,0,32,,3174,37,,,0,67,,3183,38,,,0,30,,3175,37,,,0,26,,3185,38,,,0,72,,3176,37,,,0,24,,3186,38,,,0,74,,3177,37,,,0,30,,3187,38,,,0,70,,3178,37,,,0
700,'5105',709,,3227,37,,,0,28,,3226,38,,,0,73,,3214,37,,,0,28,,3189,38,,,0,71,,3190,38,,,0,33,,3192,37,,,0,67,,3191,38,,,0,31,,3198,38,,,0,73,,3203,37,,,0,12,,3218,38,,,0,18,,3204,37,,,0,13,,3219,38,,,0,64,,3206,38,,,0,36,,3201,37,,,0,67,,3207,38,,,0,30,,3200,38,,,0,73,,3208,37,,,0,27,,3202,38,,,0,71,,3222,37,,,0,12,,3209,38,,,0,14,,3220,38,,,0,57,,3210,37,,,0,13,,3224,38,,,0,15,,3199,38,,,0,17,,3223,37,,,0,53,,3211,38,,,0,15,,3221,38,,,0,25,,3205,37,,,0,68,,3212,38,,,0,30,,3193,38,,,0,77,,3194,37,,,0,30,,3195,38,,,0,78,,3216,37,,,0,72,,3215,38,,,0,105,,3196,38,,,0,96,,3197,37,,,0,57,,3213,38,,,0,96,,3217,38,,,0,69,,3225,37,,,0,26,,3228,38,,,0
900,'5101',750,,3351,37,,,0,70,,3353,37,,,0,31,,3352,37,,,0,70,,3354,37,,,0,30,,3356,37,,,0,71,,3355,37,,,0,31,,3357,37,,,0,70,,3359,37,,,0,30,,3360,37,,,0,71,,3358,37,,,0,31,,3361,37,,,0,71,,3362,37,,,0,30,,3365,37,,,0,71,,3364,37,,,0,30,,3366,37,,,0,70,,3363,37,,,0,31,,3377,37,,,0,70,,3367,37,,,0,30,,3369,37,,,0,69,,3368,37,,,0,30,,3370,37,,,0,68,,3371,37,,,0,30,,3382,37,,,0,70,,3376,37,,,0,29,,3372,37,,,0,68,,3373,37,,,0,30,,3374,37,,,0,70,,3375,37,,,0,29,,3381,37,,,0,70,,3378,37,,,0,29,,3379,37,,,0,68,,3380,37,,,0,30,,3383,37,,,0,70,,3384,37,,,0
900,'5102',652,,3386,37,,,0,73,,3387,37,,,0,34,,3388,37,,,0,60,,3389,37,,,0,16,,3390,37,,,0,15,,3391,37,,,0,53,,3392,37,,,0,10,,3393,37,,,0,7,,3394,37,,,0,10,,3395,37,,,0,14,,3396,37,,,0,15,,3397,37,,,0,55,,3398,37,,,0,15,,3399,37,,,0,15,,3400,37,,,0,56,,3401,37,,,0,15,,3402,37,,,0,16,,3403,37,,,0,16,,3404,37,,,0,56,,3405,37,,,0,14,,3406,37,,,0,15,,3407,37,,,0,15,,3408,37,,,0,56,,3409,37,,,0,14,,3410,37,,,0,15,,3411,37,,,0,16,,3412,37,,,0,55,,3413,37,,,0,15,,3414,37,,,0,16,,3415,37,,,0,17,,3416,37,,,0,54,,3417,37,,,0,18,,3418,37,,,0,14,,3419,37,,,0,15,,3420,37,,,0,57,,3421,37,,,0,6,,3422,37,,,0,8,,3423,37,,,0,16,,3424,37,,,0,14,,3425,37,,,0,55,,3426,37,,,0,17,,3427,37,,,0,15,,3428,37,,,0,11,,3429,37,,,0,53,,3430,37,,,0,13,,3431,37,,,0,15,,3432,37,,,0,12,,3433,37,,,0,12,,3434,37,,,0,55,,3435,37,,,0,15,,3436,37,,,0,15,,3437,37,,,0,14,,3438,37,,,0,55,,3439,37,,,0,15,,3440,37,,,0,14,,3441,37,,,0,15,,3442,37,,,0,60,,3443,37,,,0,20,,3444,37,,,0,73,,3445,37,,,0,30,,3446,37,,,0,63,,3447,37,,,0,32,,3448,37,,,0,25,,3449,37,,,0,71,,3450,37,,,0,25,,3451,37,,,0,70,,3385,37,,,0
900,'5105',649,,3491,37,,,0,70,,3492,37,,,0,33,,3480,37,,,0,70,,3453,37,,,0,33,,3454,37,,,0,70,,3455,37,,,0,32,,3452,37,,,0,72,,3457,37,,,0,29,,3459,37,,,0,69,,3456,37,,,0,15,,3484,37,,,0,15,,3460,37,,,0,55,,3488,37,,,0,15,,3458,37,,,0,73,,3462,37,,,0,31,,3463,37,,,0,70,,3461,37,,,0,32,,3464,37,,,0,70,,3465,37,,,0,11,,3482,37,,,0,15,,3467,37,,,0,15,,3486,37,,,0,15,,3468,37,,,0,55,,3483,37,,,0,15,,3466,37,,,0,15,,3485,37,,,0,15,,3470,37,,,0,55,,3489,37,,,0,15,,3471,37,,,0,15,,3487,37,,,0,15,,3472,37,,,0,70,,3469,37,,,0,75,,3474,37,,,0,39,,3478,37,,,0,70,,3475,37,,,0,100,,3476,37,,,0,100,,3473,37,,,0,97,,3477,37,,,0,100,,3479,37,,,0,102,,3481,37,,,0,103,,3490,37,,,0
1600,'5101',914,,3806,29,0,5,0,100,,3809,29,0,5,0,100,,3807,29,0,5,0,101,,3808,29,0,5,0,102,,3810,29,0,5,0,100,,3813,29,0,5,0,99,,3816,29,0,5,0,100,,3814,29,0,5,0,105,,3811,29,0,5,0,99,,3812,29,0,5,0,97,,3815,29,0,5,0,100,,3817,29,0,5,0
1600,'5102',746,,3832,29,0,5,0,72,,3824,29,0,5,0,97,,3819,29,0,5,0,100,,3820,29,0,5,0,100,,3821,29,0,5,0,100,,3827,29,0,5,0,100,,3822,29,0,5,0,103,,3818,29,0,5,0,105,,3825,29,0,5,0,108,,3826,29,0,5,0,100,,3829,29,0,5,0,93,,3831,29,0,5,0,98,,3830,29,0,5,0,99,,3828,29,0,5,0
1600,'5105',854,,3837,29,0,5,0,157,,3835,29,0,5,0,95,,3834,29,0,5,0,111,,3838,29,0,5,0,95,,3839,29,0,5,0,101,,3833,29,0,5,0,100,,3841,29,0,5,0,100,,3836,29,0,5,0,105,,3840,29,0,5,0,95,,3842,29,0,5,0,97,,3843,29,0,5,0,100,,3844,29,0,5,0
7601,'5102',1513,,4065,3,,,0
