100,'5101',721,,2247,29,,,0,19,,2248,29,,,0,70,,2249,29,,,0,30,,2251,29,,,0,70,,2250,29,,,0,32,,2252,29,,,0,72,,2255,29,,,0,30,,2253,29,,,0,70,,2254,29,,,0,31,,2256,29,,,0,73,,2268,29,,,0,30,,2258,29,,,0,70,,2257,29,,,0,30,,2261,29,,,0,70,,2259,29,,,0,30,,2262,29,,,0,71,,2263,29,,,0,30,,2260,29,,,0,68,,2264,29,,,0,30,,2265,29,,,0,69,,2275,29,,,0,30,,2266,29,,,0,70,,2278,29,,,0,33,,2269,29,,,0,65,,2267,29,,,0,29,,2270,29,,,0,70,,2279,29,,,0,29,,2272,29,,,0,70,,2271,29,,,0,29,,2273,29,,,0,68,,2274,29,,,0,30,,2276,29,,,0,70,,2280,29,,,0,37,,2277,29,,,0,62,,2281,29,,,0
100,'5102',613,,2282,21,,,0,30,,2283,29,,,0,72,,2284,29,,,0,31,,2285,29,,,0,58,,2286,29,,,0,17,,2294,29,,,0,15,,2293,29,,,0,15,,2321,29,,,0,54,,2322,29,,,0,15,,2297,29,,,0,16,,2289,29,,,0,15,,2316,29,,,0,60,,2315,29,,,0,21,,2326,29,,,0,20,,2325,29,,,0,71,,2324,29,,,0,30,,2329,29,,,0,72,,2328,29,,,0,30,,2313,29,,,0,70,,2312,29,,,0,30,,2303,29,,,0,70,,2292,29,,,0,32,,2291,29,,,0,60,,2295,29,,,0,19,,2290,29,,,0,18,,2318,29,,,0,55,,2300,29,,,0,14,,2317,29,,,0,15,,2323,29,,,0,15,,2319,29,,,0,55,,2332,29,,,0,14,,2331,29,,,0,14,,2311,29,,,0,15,,2308,29,,,0,52,,2333,29,,,0,14,,2309,29,,,0,15,,2306,29,,,0,15,,2327,29,,,0,60,,2330,29,,,0,19,,2307,29,,,0,25,,2314,29,,,0,67,,2310,29,,,0,30,,2305,29,,,0,69,,2301,29,,,0,30,,2299,29,,,0,70,,2298,29,,,0,30,,2296,29,,,0,69,,2304,29,,,0,28,,2320,29,,,0,67,,2302,29,,,0,29,,2287,29,,,0,70,,2288,29,,,0
100,'5105',650,,2361,29,,,0,9,,2363,29,,,0,70,,2364,29,,,0,71,,2334,29,,,0,27,,2366,29,,,0,20,,2335,29,,,0,55,,2367,29,,,0,17,,2336,29,,,0,16,,2368,29,,,0,16,,2338,29,,,0,72,,2339,29,,,0,30,,2340,29,,,0,70,,2337,29,,,0,32,,2342,29,,,0,70,,2343,29,,,0,30,,2344,29,,,0,70,,2341,29,,,0,30,,2345,29,,,0,70,,2346,29,,,0,31,,2347,29,,,0,70,,2348,29,,,0,30,,2350,29,,,0,68,,2351,29,,,0,13,,2369,29,,,0,15,,2352,29,,,0,55,,2370,29,,,0,15,,2349,29,,,0,14,,2371,29,,,0,14,,2353,29,,,0,55,,2372,29,,,0,15,,2354,29,,,0,15,,2373,29,,,0,15,,2355,29,,,0,70,,2356,29,,,0,85,,2360,29,,,0,99,,2359,29,,,0,104,,2358,29,,,0,104,,2357,29,,,0,103,,2362,29,,,0,97,,2365,29,,,0
200,'5101',820,,2499,36,,,0,81,,2498,36,,,0,112,,2501,36,,,0,100,,2500,36,,,0,101,,2502,36,,,0,105,,2503,36,,,0,96,,2505,36,,,0,100,,2504,36,,,0,99,,2508,36,,,0,106,,2510,36,,,0,99,,2509,36,,,0,124,,2506,36,,,0,99,,2507,36,,,0
200,'5102',628,,2523,36,,,0,79,,2524,36,,,0,28,,2525,36,,,0,15,,2528,36,,,0,72,,2526,36,,,0,16,,2527,36,,,0,15,,2529,36,,,0,66,,2532,36,,,0,30,,2531,36,,,0,70,,2530,36,,,0,30,,2535,36,,,0,69,,2533,36,,,0,30,,2534,36,,,0,71,,2536,36,,,0,30,,2537,36,,,0,70,,2538,36,,,0,30,,2539,36,,,0,71,,2541,36,,,0,30,,2540,36,,,0,77,,2542,36,,,0,26,,2543,36,,,0,78,,2519,36,,,0,70,,2513,36,,,0,29,,2515,36,,,0,28,,2516,36,,,0,70,,2522,36,,,0,74,,2514,36,,,0,39,,2518,36,,,0,69,,2512,36,,,0,34,,2517,36,,,0,65,,2511,36,,,0,30,,2520,36,,,0
200,'5105',803,,2545,36,,,0,113,,2547,36,,,0,102,,2544,36,,,0,101,,2548,36,,,0,100,,2546,36,,,0,101,,2549,36,,,0,100,,2550,36,,,0,100,,2553,36,,,0,30,,2554,36,,,0,70,,2552,36,,,0,30,,2551,36,,,0,69,,2555,36,,,0,30,,2556,36,,,0,70,,2557,36,,,0,88,,2562,36,,,0,40,,2560,36,,,0,91,,2558,36,,,0,93,,2559,36,,,0,100,,2561,36,,,0
300,'5101',823,,2626,40,,,0,93,,2628,40,,,0,100,,2627,40,,,0,101,,2633,40,,,0,105,,2629,40,,,0,100,,2635,40,,,0,100,,2630,40,,,0,100,,2631,40,,,0,100,,2636,40,,,0,99,,2632,40,,,0,97,,2638,40,,,0,97,,2634,40,,,0,105,,2637,40,,,0,98,,2639,40,,,0
300,'5102',648,,2672,40,,,0,62,,2659,40,,,0,18,,2656,12,,,0,3,,2652,40,,,0,9,,2653,40,,,0,17,,2647,40,,,0,59,,2675,40,,,0,18,,2661,40,,,0,14,,2664,40,,,0,58,,2665,40,,,0,19,,2657,40,,,0,31,,2658,40,,,0,70,,2660,40,,,0,31,,2682,40,,,0,70,,2667,40,,,0,30,,2655,40,,,0,71,,2669,40,,,0,30,,2681,40,,,0,70,,2643,40,,,0,73,,2666,40,,,0,32,,2644,40,,,0,73,,2676,40,,,0,17,,2654,40,,,0,15,,2662,40,,,0,8,,2683,40,,,0,4,,2685,40,,,0,52,,2646,40,,,0,12,,2645,40,,,0,15,,2673,40,,,0,15,,2649,40,,,0,15,,2651,40,,,0,55,,2680,40,,,0,14,,2663,40,,,0,13,,2642,40,,,0,14,,2648,40,,,0,55,,2671,40,,,0,15,,2650,40,,,0,28,,2679,40,,,0,69,,2670,40,,,0,30,,2684,40,,,0,70,,2668,40,,,0,99,,2678,40,,,0,98,,2674,40,,,0,98,,2677,40,,,0
300,'5105',737,,2687,40,,,0,70,,2686,40,,,0,37,,2688,40,,,0,76,,2691,40,,,0,30,,2692,40,,,0,72,,2690,40,,,0,30,,2689,40,,,0,70,,2693,40,,,0,30,,2694,40,,,0,70,,2696,40,,,0,31,,2695,40,,,0,70,,2699,40,,,0,30,,2700,40,,,0,70,,2698,40,,,0,30,,2702,40,,,0,71,,2703,40,,,0,30,,2701,40,,,0,70,,2705,40,,,0,30,,2697,40,,,0,69,,2706,40,,,0,30,,2704,40,,,0,70,,2708,40,,,0,33,,2709,40,,,0,64,,2710,40,,,0,85,,2711,40,,,0,105,,2713,40,,,0,105,,2714,40,,,0,102,,2707,40,,,0,97,,2712,40,,,0
601,'5101',821,,3061,28,,,0,120,,3062,28,,,0,95,,3065,28,,,0,113,,3064,30,,,0,100,,3063,30,,,0,100,,3068,30,,,0,101,,3066,30,,,0,100,,3067,30,,,0,105,,3069,30,,,0,91,,3070,28,,,0,105,,3072,28,,,0,100,,3071,28,,,0
601,'5102',721,,3073,30,,,0,105,,3074,30,,,0,100,,3075,30,,,0,97,,3077,30,,,0,25,,3076,30,,,0,75,,3078,30,,,0,120,,3079,30,,,0,80,,3080,30,,,0,100,,3081,30,,,0,100,,3082,30,,,0,81,,3083,30,,,0,41,,3084,30,,,0,56,,3085,30,,,0,35,,3088,30,,,0,66,,3086,30,,,0,28,,3087,30,,,0,100,,3089,30,,,0,271,,3090,28,,,0
601,'5105',820,,3091,30,,,0,104,,3092,30,,,0,96,,3095,30,,,0,100,,3096,30,,,0,100,,3093,30,,,0,100,,3094,30,,,0,100,,3097,30,,,0,100,,3098,30,,,0,30,,3100,30,,,0,70,,3101,30,,,0,30,,3106,30,,,0,70,,3102,30,,,0,30,,3105,30,,,0,70,,3104,30,,,0,184,,3099,30,,,0,121,,3103,28,,,0
700,'5101',819,,3108,36,,,0,198,,3110,36,,,0,130,,3114,36,,,0,102,,3115,36,,,0,101,,3116,36,,,0,100,,3118,36,,,0,101,,3117,36,,,0,101,,3121,36,,,0,99,,3123,36,,,0,96,,3124,36,,,0,169,,3126,36,,,0,202,,3129,36,,,0,193,,3133,36,,,0
700,'5102',639,,3134,36,,,0,77,,3136,36,,,0,30,,3138,36,,,0,57,,3139,36,,,0,38,,3141,36,,,0,69,,3143,36,,,0,26,,3145,36,,,0,70,,3147,36,,,0,31,,3148,36,,,0,70,,3149,36,,,0,103,,3151,36,,,0,101,,3153,36,,,0,100,,3155,36,,,0,104,,3157,36,,,0,43,,3160,36,,,0,70,,3162,36,,,0,30,,3167,36,,,0,70,,3168,36,,,0,29,,3169,36,,,0,67,,3170,36,,,0,26,,3171,36,,,0,85,,3172,36,,,0,100,,3173,36,,,0,98,,3174,36,,,0,97,,3175,36,,,0,98,,3176,36,,,0,98,,3177,36,,,0,101,,3178,36,,,0
700,'5105',708,,3227,36,,,0,101,,3214,36,,,0,132,,3192,36,,,0,171,,3203,36,,,0,30,,3204,36,,,0,112,,3201,36,,,0,170,,3208,36,,,0,98,,3222,36,,,0,83,,3210,36,,,0,45,,3223,36,,,0,93,,3205,36,,,0,175,,3194,36,,,0,108,,3216,36,,,0,274,,3197,36,,,0,222,,3225,36,,,0
900,'5101',749,,3351,36,,,0,70,,3353,36,,,0,31,,3352,36,,,0,70,,3354,36,,,0,30,,3356,36,,,0,71,,3355,36,,,0,31,,3357,36,,,0,70,,3359,36,,,0,30,,3360,36,,,0,71,,3358,36,,,0,31,,3361,36,,,0,71,,3362,36,,,0,30,,3365,36,,,0,71,,3364,36,,,0,30,,3366,36,,,0,70,,3363,36,,,0,31,,3377,36,,,0,70,,3367,36,,,0,30,,3369,36,,,0,69,,3368,36,,,0,30,,3370,36,,,0,68,,3371,36,,,0,30,,3382,36,,,0,70,,3376,36,,,0,29,,3372,36,,,0,68,,3373,36,,,0,30,,3374,36,,,0,70,,3375,36,,,0,29,,3381,36,,,0,70,,3378,36,,,0,29,,3379,36,,,0,68,,3380,36,,,0,30,,3383,36,,,0,70,,3384,36,,,0
900,'5102',651,,3386,36,,,0,73,,3387,36,,,0,34,,3388,36,,,0,59,,3389,36,,,0,16,,3390,36,,,0,16,,3391,36,,,0,53,,3392,36,,,0,10,,3393,36,,,0,7,,3394,36,,,0,10,,3395,36,,,0,14,,3396,36,,,0,15,,3397,36,,,0,55,,3398,36,,,0,15,,3399,36,,,0,15,,3400,36,,,0,16,,3401,36,,,0,55,,3402,36,,,0,16,,3403,36,,,0,16,,3404,36,,,0,56,,3405,36,,,0,14,,3406,36,,,0,15,,3407,36,,,0,15,,3408,36,,,0,56,,3409,36,,,0,14,,3410,36,,,0,15,,3411,36,,,0,16,,3412,36,,,0,55,,3413,36,,,0,15,,3414,36,,,0,16,,3415,36,,,0,16,,3416,36,,,0,54,,3417,36,,,0,18,,3418,36,,,0,14,,3419,36,,,0,15,,3420,36,,,0,57,,3421,36,,,0,7,,3422,36,,,0,8,,3423,36,,,0,16,,3424,36,,,0,14,,3425,36,,,0,55,,3426,36,,,0,17,,3427,36,,,0,15,,3428,36,,,0,11,,3429,36,,,0,53,,3430,36,,,0,13,,3431,36,,,0,15,,3432,36,,,0,12,,3433,36,,,0,12,,3434,36,,,0,55,,3435,36,,,0,15,,3436,36,,,0,15,,3437,36,,,0,14,,3438,36,,,0,55,,3439,36,,,0,15,,3440,36,,,0,14,,3441,36,,,0,15,,3442,36,,,0,60,,3443,36,,,0,20,,3444,36,,,0,73,,3445,36,,,0,30,,3446,36,,,0,23,,3447,36,,,0,72,,3448,36,,,0,25,,3449,36,,,0,71,,3450,36,,,0,25,,3451,36,,,0,70,,3385,36,,,0
900,'5105',648,,3491,36,,,0,70,,3492,36,,,0,33,,3480,36,,,0,70,,3453,36,,,0,33,,3454,36,,,0,70,,3455,36,,,0,32,,3452,36,,,0,72,,3457,36,,,0,29,,3459,36,,,0,69,,3456,36,,,0,15,,3484,36,,,0,15,,3460,36,,,0,55,,3488,36,,,0,15,,3458,36,,,0,33,,3462,36,,,0,71,,3463,36,,,0,70,,3461,36,,,0,32,,3464,36,,,0,70,,3465,36,,,0,11,,3482,36,,,0,15,,3467,36,,,0,15,,3486,36,,,0,15,,3468,36,,,0,55,,3483,36,,,0,15,,3466,36,,,0,15,,3485,36,,,0,15,,3470,36,,,0,55,,3489,36,,,0,15,,3471,36,,,0,15,,3487,36,,,0,15,,3472,36,,,0,70,,3469,36,,,0,75,,3474,36,,,0,39,,3478,36,,,0,70,,3475,36,,,0,100,,3476,36,,,0,100,,3473,36,,,0,97,,3477,36,,,0,100,,3479,36,,,0,102,,3481,36,,,0,103,,3490,36,,,0
1601,'5101',836,,3845,2,,,0,100,,3848,2,,,0,100,,3846,2,,,0,100,,3847,2,,,0,100,,3849,2,,,0,100,,3851,2,,,0,100,,3856,2,,,0,100,,3853,2,,,0,105,,3850,2,,,0,100,,3852,2,,,0,100,,3854,2,,,0,100,,3855,2,,,0
1601,'5102',731,,3862,2,,,0,100,,3858,2,,,0,100,,3859,2,,,0,100,,3857,2,,,0,100,,3866,2,,,0,100,,3860,2,,,0,100,,3861,2,,,0,100,,3864,2,,,0,111,,3865,2,,,0,100,,3868,2,,,0,99,,3870,2,,,0,100,,3869,2,,,0,100,,3867,2,,,0
1601,'5105',817,,3873,2,,,0,114,,3872,2,,,0,95,,3874,2,,,0,110,,3876,2,,,0,95,,3877,2,,,0,100,,3875,2,,,0,100,,3879,2,,,0,100,,3880,2,,,0,105,,3878,2,,,0,95,,3881,2,,,0,100,,3882,2,,,0,100,,3883,2,,,0
1701,'5101',811,,3926,2,0,11 12,0,100,,3927,2,0,11 12,0,115,,3928,2,0,11 12,0,95,,3929,2,0,13 14,0,200,,3931,2,0,11 12,0,210,,3930,2,0,13 14,0,100,,3933,2,0,11 12,0,100,,3932,2,0,15 1 16,0,100,,3934,2,0,13 14,0,170,,3935,2,0,13 14,0
1701,'5102',716,,3944,2,0,11 12,0,85,,3949,2,0,11 12,0,100,,3937,2,0,11 12,0,100,,3940,2,0,11 12,0,100,,3936,2,0,11 12,0,100,,3938,2,0,15 1 16,0,100,,3941,2,0,15 1 16,0,110,,3943,2,0,15 1 16,0,91,,3946,2,0,15 1 16,0,110,,3951,2,0,15 1 16,0,100,,3947,2,0,15 1 16,0,104,,3950,2,0,15 1 16,0,120,,3948,2,0,13 14,0,100,,3942,2,0,13 14,0,115,,3939,2,0,13 14,0,155,,3952,2,0,13 14,0
1701,'5105',711,,3957,2,0,11 12,0,100,,3954,2,0,11 12,0,90,,3953,2,0,11 12,0,130,,3955,2,0,11 12,0,170,,3958,2,0,15 1 16,0,100,,3959,2,0,15 1 16,0,130,,3956,2,0,15 1 16,0,170,,3960,2,0,15 1 16,0,105,,3961,2,0,15 1 16,0,100,,3963,2,0,13 14,0,105,,3964,2,0,13 14,0,105,,3965,2,0,13 14,0,110,,3962,2,0,13 14,0,120,,3966,2,0,13 14,0
