400,'5101',852,,2803,24,,,0,159,,2804,24,,,0,120,,2801,24,,,0,122,,2802,24,,,0,95,,2808,24,,,0,167,,2806,24,,,0,127,,2807,24,,,0,162,,2805,24,,,0,120,,2809,24,,,0
400,'5102',644,,2810,24,,,0,66,,2815,24,,,0,91,,2812,24,,,0,34,,2817,24,,,0,68,,2814,24,,,0,28,,2820,24,,,0,70,,2813,24,,,0,30,,2811,24,,,0,72,,2821,24,,,0,30,,2826,24,,,0,72,,4092,24,,,0,30,,2816,24,,,0,70,,4095,24,,,0,30,,2837,24,,,0,72,,4094,24,,,0,30,,2839,24,,,0,70,,4091,24,,,0,30,,2838,24,,,0,22,,2840,24,,,0,50,,4101,24,,,0,30,,2824,24,,,0,70,,4093,24,,,0,29,,2822,24,,,0,67,,4098,24,,,0,29,,2819,24,,,0,67,,4099,24,,,0,56,,4100,24,,,0,95,,4096,24,,,0,97,,2829,24,,,0,100,,4097,24,,,0,157,,4102,24,,,0
400,'5105',839,,4104,24,,,0,66,,4105,24,,,0,25,,4103,24,,,0,26,,4106,24,,,0,67,,4107,24,,,0,26,,4108,24,,,0,65,,4109,24,,,0,26,,4110,24,,,0,66,,4111,24,,,0,27,,4112,24,,,0,67,,2851,24,,,0,28,,2852,24,,,0,27,,2853,24,,,0,69,,2854,24,,,0,27,,2856,24,,,0,69,,2858,24,,,0,27,,2855,24,,,0,68,,2861,24,,,0,27,,2859,24,,,0,66,,2857,24,,,0,27,,2860,24,,,0,67,,2862,24,,,0,27,,2863,24,,,0,24,,2864,24,,,0,74,,2866,24,,,0,99,,2865,24,,,0,100,,2867,24,,,0,99,,2868,24,,,0,99,,4113,24,,,0
500,'5101',923,,2941,21,,,0,120,,2940,21,,,0,160,,2939,21,,,0,122,,2942,21,,,0,97,,2943,21,,,0,127,,2944,21,,,0,166,,2945,21,,,0,120,,2946,21,,,0
500,'5102',719,,2947,21,,,0,17,,2958,18,,,0,15,,2949,18,,,0,74,,2950,21,,,0,33,,2948,18,,,0,73,,2956,21,,,0,73,,2957,18,,,0,33,,2959,18,,,0,73,,2951,21,,,0,33,,2952,18,,,0,73,,2960,21,,,0,36,,2954,18,,,0,75,,2955,21,,,0,77,,2953,18,,,0,35,,2961,21,,,0,77,,2971,18,,,0,36,,2964,21,,,0,76,,2966,21,,,0,77,,2972,18,,,0,34,,2967,21,,,0,76,,2968,18,,,0,31,,2965,21,,,0,76,,2969,18,,,0,84,,2970,18,,,0,100,,2962,18,,,0,99,,4137,18,,,0,115,,4138,21,,,0
500,'5105',808,,2975,18,,,0,30,,2976,21,,,0,70,,2977,21,,,0,30,,2978,18,,,0,71,,2974,21,,,0,29,,2980,18,,,0,71,,2981,21,,,0,29,,2979,18,,,0,72,,2984,21,,,0,29,,2985,18,,,0,72,,2983,21,,,0,30,,2982,18,,,0,71,,2986,21,,,0,29,,2987,18,,,0,71,,2988,21,,,0,30,,2991,18,,,0,71,,2992,21,,,0,28,,2989,18,,,0,70,,2990,21,,,0,29,,2993,18,,,0,71,,2994,21,,,0,29,,2996,18,,,0,160,,2997,21,,,0,54,,2995,18,,,0,103,,2998,21,,,0,99,,2999,21,,,0
701,'5101',712,,3229,17,,,0,27,,3230,20,,,0,99,,3231,17,,,0,97,,3232,20,,,0,73,,3235,17,,,0,30,,3233,17,,,0,67,,3234,20,,,0,33,,3242,17,,,0,67,,3237,20,,,0,28,,3236,17,,,0,72,,3239,20,,,0,28,,3249,17,,,0,72,,3241,20,,,0,29,,3245,17,,,0,71,,3240,20,,,0,29,,3238,17,,,0,71,,3244,20,,,0,28,,3248,17,,,0,72,,3243,20,,,0,28,,3250,17,,,0,71,,3246,20,,,0,29,,3252,17,,,0,101,,3247,20,,,0,99,,3255,17,,,0,104,,3251,20,,,0,96,,3253,17,,,0,101,,3254,20,,,0
701,'5102',617,,3257,17,,,0,17,,3258,20,,,0,14,,3259,17,,,0,56,,3260,20,,,0,16,,3261,20,,,0,15,,3262,17,,,0,19,,3263,20,,,0,52,,3264,17,,,0,19,,3265,20,,,0,11,,3266,17,,,0,16,,3267,20,,,0,52,,3268,17,,,0,18,,3269,20,,,0,13,,3305,17,,,0,17,,3270,20,,,0,53,,3310,17,,,0,17,,3271,20,,,0,29,,3272,17,,,0,73,,3273,20,,,0,27,,3274,17,,,0,72,,3275,20,,,0,28,,3276,17,,,0,72,,3277,20,,,0,28,,3278,17,,,0,74,,3279,20,,,0,11,,3280,17,,,0,15,,3281,17,,,0,58,,3282,20,,,0,13,,3283,17,,,0,17,,3284,20,,,0,12,,3285,17,,,0,58,,3286,20,,,0,12,,3287,17,,,0,18,,3288,20,,,0,12,,3289,17,,,0,58,,3290,20,,,0,12,,3291,17,,,0,18,,3292,20,,,0,11,,3306,17,,,0,56,,3307,20,,,0,13,,3293,17,,,0,32,,3294,20,,,0,67,,3295,17,,,0,33,,3296,20,,,0,67,,3297,17,,,0,31,,3298,20,,,0,69,,3299,17,,,0,31,,3300,20,,,0,69,,3301,17,,,0,30,,3302,20,,,0,69,,3303,17,,,0,33,,3304,20,,,0,72,,3308,17,,,0,30,,3309,20,,,0
701,'5105',627,,3349,20,,,0,30,,3348,17,,,0,71,,3336,20,,,0,30,,3312,17,,,0,70,,3311,17,,,0,31,,3313,20,,,0,69,,3314,17,,,0,30,,3322,17,,,0,71,,3327,20,,,0,14,,3340,17,,,0,16,,3326,20,,,0,55,,3341,17,,,0,22,,3329,17,,,0,72,,3325,20,,,0,28,,3328,17,,,0,70,,3321,17,,,0,32,,3331,20,,,0,68,,3324,17,,,0,30,,3344,20,,,0,13,,4144,17,,,0,55,,3345,17,,,0,16,,3333,20,,,0,14,,3343,17,,,0,15,,3320,17,,,0,56,,4145,20,,,0,14,,3330,17,,,0,15,,3342,17,,,0,24,,3323,20,,,0,69,,3334,17,,,0,30,,3315,17,,,0,76,,3318,20,,,0,74,,3319,17,,,0,36,,3337,20,,,0,74,,3338,17,,,0,105,,3317,17,,,0,97,,3316,20,,,0,102,,3335,17,,,0,99,,3339,17,,,0,26,,3347,20,,,0,69,,3350,17,,,0
901,'5101',709,,3493,12,,,0,30,,3496,12,,,0,70,,3494,12,,,0,30,,3495,12,,,0,70,,3500,12,,,0,30,,3497,12,,,0,70,,3499,12,,,0,30,,3498,12,,,0,70,,3503,12,,,0,30,,3501,12,,,0,70,,3502,12,,,0,31,,3507,12,,,0,70,,3505,12,,,0,30,,3508,12,,,0,70,,3504,12,,,0,30,,3506,12,,,0,71,,3520,12,,,0,30,,3510,12,,,0,70,,3511,12,,,0,29,,3509,12,,,0,70,,3512,12,,,0,30,,3513,12,,,0,70,,3525,12,,,0,30,,3517,12,,,0,70,,3514,12,,,0,29,,3516,12,,,0,70,,3515,12,,,0,30,,3518,12,,,0,70,,3524,12,,,0,30,,3519,12,,,0,70,,3521,12,,,0,29,,3522,12,,,0,70,,3523,12,,,0,30,,3526,12,,,0
901,'5102',609,,3527,12,,,0,30,,3528,12,,,0,71,,3529,12,,,0,16,,3530,12,,,0,15,,3531,12,,,0,16,,3532,12,,,0,55,,3533,12,,,0,15,,3534,12,,,0,7,,3535,12,,,0,9,,3536,12,,,0,13,,3537,12,,,0,55,,3538,12,,,0,15,,3539,12,,,0,15,,3540,12,,,0,15,,3541,12,,,0,55,,3542,12,,,0,15,,3543,12,,,0,15,,3544,12,,,0,15,,3545,12,,,0,56,,3546,12,,,0,15,,3547,12,,,0,15,,3548,12,,,0,15,,3549,12,,,0,55,,3550,12,,,0,15,,3551,12,,,0,14,,3552,12,,,0,16,,3553,12,,,0,55,,3554,12,,,0,15,,3555,12,,,0,15,,3556,12,,,0,15,,3557,12,,,0,54,,3558,12,,,0,16,,3559,12,,,0,14,,3560,12,,,0,15,,3561,12,,,0,56,,3562,12,,,0,7,,3563,12,,,0,8,,3564,12,,,0,16,,3565,12,,,0,14,,3566,12,,,0,55,,3567,12,,,0,16,,3568,12,,,0,15,,3569,12,,,0,15,,3570,12,,,0,55,,3571,12,,,0,14,,3572,12,,,0,15,,3573,12,,,0,15,,3574,12,,,0,54,,3575,12,,,0,15,,3576,12,,,0,15,,3577,12,,,0,15,,3578,12,,,0,54,,3579,12,,,0,15,,3580,12,,,0,16,,3581,12,,,0,14,,3582,12,,,0,55,,3583,12,,,0,20,,3584,12,,,0,20,,3585,12,,,0,74,,3586,12,,,0,30,,3587,12,,,0,65,,3588,12,,,0,33,,3589,12,,,0,67,,3590,12,,,0,33,,3591,12,,,0,66,,3592,12,,,0,30,,3593,12,,,0
901,'5105',608,,3632,12,,,0,30,,3633,12,,,0,72,,3620,12,,,0,30,,3616,12,,,0,70,,3594,12,,,0,30,,3598,12,,,0,71,,3596,12,,,0,30,,3595,12,,,0,70,,3597,12,,,0,29,,3599,12,,,0,15,,3626,12,,,0,55,,3600,12,,,0,15,,3624,12,,,0,15,,3602,12,,,0,72,,3603,12,,,0,30,,3604,12,,,0,70,,3601,12,,,0,30,,3605,12,,,0,70,,3606,12,,,0,14,,3631,12,,,0,15,,3608,12,,,0,15,,3628,12,,,0,55,,3610,12,,,0,15,,3630,12,,,0,15,,3612,12,,,0,15,,3625,12,,,0,55,,3613,12,,,0,15,,3627,12,,,0,15,,3609,12,,,0,15,,3629,12,,,0,55,,3607,12,,,0,30,,3611,12,,,0,75,,3614,12,,,0,40,,3622,12,,,0,70,,3617,12,,,0,100,,3618,12,,,0,100,,3619,12,,,0,99,,3615,12,,,0,105,,3621,12,,,0,104,,3623,12,,,0,104,,3634,12,,,0
1600,'5102',711,,3823,35,,,0
