1400,'5101',901,,3741,1,,,0,200,,3740,1,,,0,130,,3745,1,,,0,95,,3742,1,,,0,100,,3743,1,,,0,130,,3744,1,,,0,265,,3746,1,,,0
1400,'5102',610,,3755,1,,,0,31,,3754,1,,,0,85,,3747,1,,,0,27,,3749,1,0,7 8 2 9 2 10,0,84,,3752,1,,,0,91,,3750,1,,,0,114,,3748,1,,,0,185,,3756,1,,,0,217,,3751,1,0,9,0,115,,3757,1,,,0,79,,3758,1,,,0,75,,3759,1,,,0,39,,3760,1,,,0,105,,3753,1,,,0,154,,3761,1,,,0,30,,3762,1,,,0
1400,'5105',756,,3763,1,,,0,175,,4160,1,,,0,95,,3772,1,,,0,101,,3769,1,,,0,100,,3765,1,,,0,100,,3771,1,,,0,105,,3767,1,,,0,211,,3768,1,,,0,208,,3764,1,,,0,100,,3770,1,,,0
1401,'5101',901,,3774,14,4,,0,200,,3773,14,4,,0,130,,3778,14,4,,0,95,,3776,14,4,,0,100,,3775,14,4,,0,130,,3777,14,4,,0,265,,3779,14,4,,0
1401,'5102',610,,3787,14,4,,0,31,,3788,14,4,,0,85,,3780,14,4,,0,27,,3782,14,4,,0,84,,3785,14,4,,0,91,,3783,14,4,,0,114,,3781,14,4,,0,185,,3789,14,4,,0,217,,3784,14,4,,0,115,,3791,14,4,,0,79,,3790,14,4,,0,75,,3792,14,4,,0,39,,3793,14,4,,0,105,,3786,14,4,,0,154,,3794,14,4,,0,30,,3795,14,4,,0
1401,'5105',756,,3796,14,4,,0,175,,4161,14,4,,0,95,,3804,14,4,,0,101,,3802,14,4,,0,100,,3798,14,4,,0,100,,3805,14,4,,0,105,,3797,14,4,,0,211,,3801,14,4,,0,208,,3799,14,4,,0,100,,3803,14,4,,0
8001,'5103',1459,,4072,18,,,0
8001,'5104',1459,,4073,18,,,0
8100,'5102',745,,4074,9,,,0
8101,'5103',1538,,4075,37,,,0
8101,'5104',1427,,4076,37,,,0
