400,'5101',832,,2803,2,,,0,119,,2804,2,,,0,160,,2801,2,,,0,120,,2802,2,,,0,95,,2808,2,,,0,126,,2806,2,,,0,167,,2807,2,,,0,124,,2805,2,,,0,160,,2809,2,,,0
400,'5102',624,,2810,2,,,0,26,,2815,2,,,0,87,,2812,2,,,0,73,,2817,2,,,0,30,,2814,2,,,0,69,,2820,2,,,0,30,,2813,2,,,0,70,,2811,2,,,0,31,,2821,2,,,0,70,,2826,2,,,0,32,,4092,2,,,0,70,,2816,2,,,0,30,,4095,2,,,0,70,,2837,2,,,0,30,,4094,2,,,0,70,,2839,2,,,0,30,,4091,2,,,0,70,,2838,2,,,0,22,,2840,2,,,0,10,,4101,2,,,0,70,,2824,2,,,0,30,,4093,2,,,0,70,,2822,2,,,0,28,,4098,2,,,0,69,,2819,2,,,0,28,,4099,2,,,0,97,,4100,2,,,0,96,,4096,2,,,0,98,,2829,2,,,0,100,,4097,2,,,0,117,,4102,2,,,0
400,'5105',819,,4104,2,,,0,25,,4105,2,,,0,65,,4103,2,,,0,25,,4106,2,,,0,67,,4107,2,,,0,25,,4108,2,,,0,25,,4109,2,,,0,66,,4110,2,,,0,25,,4111,2,,,0,67,,4112,2,,,0,27,,2851,2,,,0,68,,2852,2,,,0,27,,2853,2,,,0,28,,2854,2,,,0,67,,2856,2,,,0,29,,2858,2,,,0,67,,2855,2,,,0,29,,2861,2,,,0,67,,2859,2,,,0,26,,2857,2,,,0,67,,2860,2,,,0,27,,2862,2,,,0,67,,2863,2,,,0,26,,2864,2,,,0,74,,2866,2,,,0,100,,2865,2,,,0,100,,2867,2,,,0,99,,2868,2,,,0,99,,4113,2,,,0
7001,'5102',1530,,4057,20,,,0
7100,'5102',733,,4058,7,,,0
7200,'5102',740,,4170,7,,,0
7401,'5103',1539,,4171,17,,,0
7401,'5104',1439,,4172,17,,,0
7701,'5102',1545,,4174,20,,,0
7900,'5102',750,,4176,15,0,6,0
7901,'5103',1514,,4177,15,0,6,0
7901,'5104',1514,,4178,15,0,6,0
