601,'5101',819,,3061,24,,,0,120,,3062,24,,,0,95,,3065,24,,,0,112,,3064,26,,,0,100,,3063,26,,,0,100,,3068,26,,,0,100,,3066,26,,,0,100,,3067,26,,,0,105,,3069,26,,,0,93,,3070,24,,,0,105,,3072,24,,,0,100,,3071,24,,,0
601,'5102',718,,3073,26,,,0,103,,3074,26,,,0,102,,3075,26,,,0,95,,3077,26,,,0,25,,3076,26,,,0,75,,3078,26,,,0,120,,3079,26,,,0,80,,3080,26,,,0,100,,3081,26,,,0,102,,3082,26,,,0,39,,3083,26,,,0,81,,3084,26,,,0,16,,3085,26,,,0,75,,3088,26,,,0,27,,3086,26,,,0,68,,3087,26,,,0,100,,3089,26,,,0,233,,3090,24,,,0
601,'5105',816,,3091,26,,,0,105,,3092,26,,,0,96,,3095,26,,,0,100,,3096,26,,,0,100,,3093,26,,,0,100,,3094,26,,,0,99,,3097,26,,,0,100,,3098,26,,,0,30,,3100,26,,,0,70,,3101,26,,,0,30,,3106,26,,,0,70,,3102,26,,,0,30,,3105,26,,,0,70,,3104,26,,,0,185,,3099,26,,,0,122,,3103,24,,,0
701,'5101',702,,3229,4,,,0,25,,3230,4,,,0,100,,3231,4,,,0,95,,3232,4,,,0,35,,3235,4,,,0,70,,3233,4,,,0,25,,3234,4,,,0,75,,3242,4,,,0,25,,3237,4,,,0,70,,3236,4,,,0,30,,3239,4,,,0,70,,3249,4,,,0,30,,3241,4,,,0,70,,3245,4,,,0,30,,3240,4,,,0,70,,3238,4,,,0,30,,3244,4,,,0,70,,3248,4,,,0,30,,3243,4,,,0,70,,3250,4,,,0,30,,3246,4,,,0,70,,3252,4,,,0,100,,3247,4,,,0,101,,3255,4,,,0,103,,3251,4,,,0,97,,3253,4,,,0,102,,3254,4,,,0
701,'5102',607,,3257,4,,,0,15,,3258,4,,,0,15,,3259,4,,,0,15,,3260,4,,,0,56,,3261,4,,,0,15,,3262,4,,,0,15,,3263,4,,,0,15,,3264,4,,,0,55,,3265,4,,,0,15,,3266,4,,,0,15,,3267,4,,,0,14,,3268,4,,,0,56,,3269,4,,,0,15,,3305,4,,,0,15,,3270,4,,,0,15,,3310,4,,,0,55,,3271,4,,,0,30,,3272,4,,,0,70,,3273,4,,,0,30,,3274,4,,,0,70,,3275,4,,,0,30,,3276,4,,,0,70,,3277,4,,,0,30,,3278,4,,,0,70,,3279,4,,,0,15,,3280,4,,,0,15,,3281,4,,,0,15,,3282,4,,,0,55,,3283,4,,,0,15,,3284,4,,,0,15,,3285,4,,,0,15,,3286,4,,,0,55,,3287,4,,,0,15,,3288,4,,,0,15,,3289,4,,,0,15,,3290,4,,,0,55,,3291,4,,,0,16,,3292,4,,,0,14,,3306,4,,,0,15,,3307,4,,,0,55,,3293,4,,,0,30,,3294,4,,,0,69,,3295,4,,,0,31,,3296,4,,,0,69,,3297,4,,,0,30,,3298,4,,,0,70,,3299,4,,,0,30,,3300,4,,,0,70,,3301,4,,,0,30,,3302,4,,,0,70,,3303,4,,,0,33,,3304,4,,,0,73,,3308,4,,,0,30,,3309,4,,,0
701,'5105',617,,3349,4,,,0,30,,3348,4,,,0,70,,3336,4,,,0,30,,3312,4,,,0,70,,3311,4,,,0,30,,3313,4,,,0,70,,3314,4,,,0,30,,3322,4,,,0,70,,3327,4,,,0,15,,3340,4,,,0,15,,3326,4,,,0,56,,3341,4,,,0,22,,3329,4,,,0,30,,3325,4,,,0,70,,3328,4,,,0,30,,3321,4,,,0,70,,3331,4,,,0,30,,3324,4,,,0,68,,3344,4,,,0,15,,3332,4,,,0,15,,3345,4,,,0,55,,3333,4,,,0,15,,3343,4,,,0,15,,3320,4,,,0,15,,3346,4,,,0,55,,3330,4,,,0,15,,3342,4,,,0,23,,3323,4,,,0,70,,3334,4,,,0,30,,3315,4,,,0,75,,3318,4,,,0,35,,3319,4,,,0,75,,3337,4,,,0,75,,3338,4,,,0,105,,3317,4,,,0,96,,3316,4,,,0,105,,3335,4,,,0,100,,3339,4,,,0,25,,3347,4,,,0,70,,3350,4,,,0
1600,'5102',704,,3823,27,,,0
7001,'5102',1511,,4057,2,,,0
7301,'5102',1511,,4061,2,,,0
7701,'5102',1527,,4066,2,,,0
