300,'5101',812,,2626,27,,,0,93,,2628,27,,,0,100,,2627,27,,,0,101,,2633,27,,,0,104,,2629,27,,,0,100,,2635,27,,,0,100,,2630,27,,,0,100,,2631,27,,,0,100,,2636,27,,,0,99,,2632,27,,,0,97,,2638,27,,,0,98,,2634,27,,,0,106,,2637,27,,,0,99,,2639,27,,,0,100,,2640,27,0,17 18 19,0
300,'5102',636,,2672,27,,,0,22,,2659,27,,,0,60,,2652,27,,,0,9,,2653,27,,,0,16,,2647,27,,,0,59,,2675,27,,,0,18,,2661,27,,,0,15,,2664,27,,,0,19,,2665,27,,,0,59,,2657,27,,,0,31,,2658,27,,,0,70,,2660,27,,,0,31,,2682,27,,,0,70,,2667,27,,,0,30,,2655,27,,,0,71,,2669,27,,,0,30,,2681,27,,,0,70,,2643,27,,,0,31,,2666,27,,,0,72,,2644,27,,,0,33,,2676,27,,,0,55,,2654,27,,,0,15,,2662,27,,,0,10,,2683,27,,,0,4,,2685,27,,,0,14,,2646,27,,,0,52,,2645,27,,,0,15,,2673,27,,,0,15,,2649,27,,,0,15,,2651,27,,,0,55,,2680,27,,,0,14,,2663,27,,,0,14,,2642,27,,,0,14,,2648,27,,,0,15,,2671,27,,,0,55,,2650,27,,,0,28,,2679,27,,,0,69,,2670,27,,,0,30,,2684,27,,,0,70,,2668,27,,,0,99,,2678,27,,,0,99,,2674,27,,,0,100,,2677,27,,,0,95,,2641,27,0,17 18 19,0
300,'5105',726,,2687,27,,,0,30,,2686,27,,,0,77,,2688,27,,,0,76,,2691,27,,,0,30,,2692,27,,,0,71,,2690,27,,,0,30,,2689,27,,,0,70,,2693,27,,,0,30,,2694,27,,,0,70,,2696,27,,,0,31,,2695,27,,,0,70,,2699,27,,,0,30,,2700,27,,,0,70,,2698,27,,,0,30,,2702,27,,,0,71,,2703,27,,,0,30,,2701,27,,,0,70,,2705,27,,,0,30,,2697,27,,,0,69,,2706,27,,,0,30,,2704,27,,,0,70,,2708,27,,,0,35,,2709,27,,,0,64,,2710,27,,,0,45,,2711,27,,,0,145,,2713,27,,,0,105,,2714,27,,,0,103,,2707,27,,,0,98,,2712,27,,,0
1300,'5101',845,,3690,21,,,0,363,,3691,21,,,0,325,,3689,21,,,0,271,,3692,21,,,0
1300,'5102',719,,3693,21,,,0,135,,3695,21,,,0,148,,3697,21,,,0,100,,3696,21,,,0,100,,3698,21,,,0,214,,3694,21,,,0,108,,3699,21,,,0,108,,3700,21,,,0,108,,3701,21,,,0,105,,3702,21,,,0,105,,3703,21,,,0
1300,'5105',756,,3705,21,,,0,102,,3706,21,,,0,145,,3704,21,,,0,100,,3707,21,,,0,102,,3708,21,,,0,197,,3711,21,,,0,147,,3712,21,,,0,100,,3709,21,,,0,98,,3713,21,,,0,100,,3714,21,,,0,99,,3710,21,,,0,99,,3715,21,,,0
1400,'5101',914,,3741,17,,,0,200,,3740,17,,,0,130,,3745,17,,,0,95,,3742,17,,,0,100,,3743,17,,,0,170,,3744,17,,,0,225,,3746,17,,,0
1400,'5102',622,,3755,17,,,0,31,,3754,17,,,0,88,,3747,17,,,0,87,,3749,60,0,7 8 2 9 2 10,0,22,,3752,17,,,0,91,,3750,17,,,0,114,,3748,17,,,0,185,,3756,17,,,0,372,,3757,17,,,0,39,,3758,17,,,0,75,,3759,17,,,0,79,,3760,17,,,0,105,,3753,17,,,0,114,,3761,17,,,0,30,,3762,17,,,0
1400,'5105',809,,3763,17,,,0,135,,3766,17,,,0,95,,3772,17,,,0,101,,3769,17,,,0,100,,3765,17,,,0,100,,3771,17,,,0,105,,3767,17,,,0,213,,3768,17,,,0,246,,3764,17,,,0,100,,3770,17,,,0
8100,'5102',820,,4074,70,,,0
8101,'5103',1549,,4075,53,,,0
8101,'5104',1438,,4076,53,,,0
