400,'5014',643,,5349,23,,,0,66,,5354,23,,,0,91,,5351,23,,,0,34,,5356,23,,,0,68,,5353,23,,,0,28,,5359,23,,,0,70,,5352,23,,,0,30,,5350,23,,,0,72,,5360,23,,,0,30,,5365,23,,,0,72,,5362,23,,,0,30,,5355,23,,,0,70,,5367,23,,,0,30,,5376,23,,,0,72,,5366,23,,,0,30,,5378,23,,,0,70,,5357,23,,,0,30,,5377,23,,,0,72,,5374,23,,,0,30,,5363,23,,,0,70,,5364,23,,,0,29,,5361,23,,,0,67,,5371,23,,,0,29,,5358,23,,,0,67,,5372,23,,,0,56,,5373,23,,,0,95,,5369,23,,,0,97,,5368,23,,,0,100,,5370,23,,,0,157,,5375,23,,,0
400,'5272',851,,5381,23,,,0,159,,5382,23,,,0,120,,5379,23,,,0,122,,5380,23,,,0,95,,5386,23,,,0,167,,5384,23,,,0,127,,5385,23,,,0,162,,5383,23,,,0,120,,5387,23,,,0
400,'5282',838,,5389,23,,,0,66,,5390,23,,,0,25,,5388,23,,,0,26,,5391,23,,,0,67,,5392,23,,,0,26,,5393,23,,,0,65,,5394,23,,,0,26,,5395,23,,,0,66,,5396,23,,,0,27,,5397,23,,,0,27,,5398,23,,,0,68,,5399,23,,,0,27,,5400,23,,,0,68,,5401,23,,,0,27,,5404,23,,,0,69,,5406,23,,,0,27,,5402,23,,,0,69,,5408,23,,,0,27,,5403,23,,,0,66,,5405,23,,,0,27,,5407,23,,,0,67,,5409,23,,,0,27,,5410,23,,,0,24,,5411,23,,,0,74,,5413,23,,,0,99,,5412,23,,,0,100,,5414,23,,,0,99,,5415,23,,,0,99,,5416,23,,,0
500,'5014',718,,5485,20,,,0,32,,5487,17,,,0,74,,5488,20,,,0,33,,5486,17,,,0,73,,5494,20,,,0,73,,5495,17,,,0,33,,5496,17,,,0,73,,5489,20,,,0,33,,5490,17,,,0,73,,5497,20,,,0,36,,5492,17,,,0,75,,5493,20,,,0,77,,5491,17,,,0,35,,5498,20,,,0,77,,5508,17,,,0,36,,5501,20,,,0,76,,5503,20,,,0,77,,5509,17,,,0,34,,5504,20,,,0,76,,5505,17,,,0,31,,5502,20,,,0,76,,5506,17,,,0,84,,5507,17,,,0,100,,5499,17,,,0,99,,5500,17,,,0,116,,5510,20,,,0
500,'5272',923,,5513,20,,,0,120,,5512,20,,,0,160,,5511,20,,,0,122,,5514,20,,,0,96,,5515,20,,,0,127,,5516,20,,,0,167,,5517,20,,,0,120,,5518,20,,,0
500,'5282',808,,5520,17,,,0,30,,5521,20,,,0,70,,5522,20,,,0,30,,5543,17,,,0,71,,5519,20,,,0,29,,5524,17,,,0,71,,5525,20,,,0,29,,5523,17,,,0,71,,5528,20,,,0,29,,5529,17,,,0,72,,5527,20,,,0,30,,5526,17,,,0,71,,5530,20,,,0,29,,5531,17,,,0,71,,5532,20,,,0,30,,5535,17,,,0,71,,5536,20,,,0,28,,5533,17,,,0,70,,5534,20,,,0,29,,5537,17,,,0,71,,5538,20,,,0,29,,5541,17,,,0,120,,5542,20,,,0,94,,5539,17,,,0,103,,5540,20,,,0,100,,5544,20,,,0
701,'5014',617,,5774,16,,,0,17,,5775,19,,,0,14,,5776,16,,,0,56,,5777,19,,,0,16,,5778,19,,,0,14,,5779,16,,,0,19,,5780,19,,,0,52,,5781,16,,,0,19,,5782,19,,,0,11,,5783,16,,,0,16,,5784,19,,,0,52,,5785,16,,,0,18,,5786,19,,,0,13,,5822,16,,,0,17,,5787,19,,,0,53,,5827,16,,,0,17,,5788,19,,,0,29,,5789,16,,,0,73,,5790,19,,,0,27,,5791,16,,,0,72,,5792,19,,,0,28,,5793,16,,,0,72,,5794,19,,,0,28,,5795,16,,,0,74,,5796,19,,,0,11,,5797,16,,,0,15,,5798,16,,,0,58,,5799,19,,,0,13,,5800,16,,,0,17,,5801,19,,,0,12,,5802,16,,,0,58,,5803,19,,,0,12,,5804,16,,,0,18,,5805,19,,,0,12,,5806,16,,,0,58,,5807,19,,,0,12,,5808,16,,,0,18,,5809,19,,,0,11,,5823,16,,,0,56,,5824,19,,,0,14,,5810,16,,,0,31,,5811,19,,,0,68,,5812,16,,,0,32,,5813,19,,,0,68,,5814,16,,,0,31,,5815,19,,,0,69,,5816,16,,,0,31,,5817,19,,,0,69,,5818,16,,,0,30,,5819,19,,,0,69,,5820,16,,,0,33,,5821,19,,,0,72,,5825,16,,,0,30,,5826,19,,,0
701,'5272',712,,5828,16,,,0,27,,5829,19,,,0,99,,5830,16,,,0,96,,5831,19,,,0,74,,5834,16,,,0,30,,5832,16,,,0,66,,5833,19,,,0,34,,5841,16,,,0,66,,5836,19,,,0,29,,5835,16,,,0,71,,5838,19,,,0,29,,5848,16,,,0,71,,5840,19,,,0,29,,5844,16,,,0,71,,5839,19,,,0,29,,5837,16,,,0,71,,5843,19,,,0,29,,5847,16,,,0,71,,5842,19,,,0,29,,5849,16,,,0,71,,5845,19,,,0,29,,5851,16,,,0,101,,5846,19,,,0,99,,5854,16,,,0,104,,5850,19,,,0,96,,5852,16,,,0,101,,5853,19,,,0
701,'5282',627,,5893,19,,,0,30,,5892,16,,,0,71,,5880,19,,,0,30,,5855,16,,,0,70,,5856,16,,,0,31,,5857,19,,,0,69,,5858,16,,,0,30,,5866,16,,,0,71,,5871,19,,,0,14,,5884,16,,,0,16,,5870,19,,,0,55,,5885,16,,,0,22,,5873,16,,,0,71,,5869,19,,,0,29,,5872,16,,,0,70,,5865,16,,,0,31,,5875,19,,,0,69,,5868,16,,,0,29,,5888,19,,,0,14,,5876,16,,,0,55,,5889,16,,,0,16,,5877,19,,,0,14,,5887,16,,,0,15,,5864,16,,,0,56,,5890,19,,,0,14,,5874,16,,,0,15,,5886,16,,,0,24,,5867,19,,,0,69,,5878,16,,,0,30,,5859,16,,,0,76,,5862,19,,,0,74,,5863,16,,,0,36,,5881,19,,,0,74,,5882,16,,,0,105,,5861,16,,,0,97,,5860,19,,,0,102,,5879,16,,,0,99,,5883,16,,,0,26,,5891,19,,,0,69,,5894,16,,,0
901,'5014',609,,6035,11,,,0,30,,6036,11,,,0,71,,6037,11,,,0,15,,6038,11,,,0,15,,6039,11,,,0,16,,6040,11,,,0,55,,6041,11,,,0,15,,6042,11,,,0,16,,6043,11,,,0,13,,6044,11,,,0,55,,6045,11,,,0,15,,6046,11,,,0,15,,6047,11,,,0,15,,6048,11,,,0,55,,6049,11,,,0,15,,6050,11,,,0,15,,6051,11,,,0,15,,6052,11,,,0,56,,6053,11,,,0,15,,6054,11,,,0,15,,6055,11,,,0,15,,6056,11,,,0,55,,6057,11,,,0,15,,6058,11,,,0,14,,6059,11,,,0,16,,6060,11,,,0,55,,6061,11,,,0,15,,6062,11,,,0,15,,6063,11,,,0,15,,6064,11,,,0,54,,6065,11,,,0,16,,6066,11,,,0,14,,6067,11,,,0,15,,6068,11,,,0,56,,6069,11,,,0,15,,6070,11,,,0,16,,6071,11,,,0,14,,6072,11,,,0,55,,6073,11,,,0,16,,6074,11,,,0,15,,6075,11,,,0,15,,6076,11,,,0,55,,6077,11,,,0,14,,6078,11,,,0,15,,6079,11,,,0,15,,6080,11,,,0,54,,6081,11,,,0,15,,6082,11,,,0,15,,6083,11,,,0,15,,6084,11,,,0,54,,6085,11,,,0,15,,6086,11,,,0,16,,6087,11,,,0,14,,6088,11,,,0,55,,6089,11,,,0,20,,6090,11,,,0,20,,6091,11,,,0,74,,6092,11,,,0,30,,6093,11,,,0,66,,6094,11,,,0,33,,6095,11,,,0,67,,6096,11,,,0,33,,6097,11,,,0,66,,6098,11,,,0,30,,6099,11,,,0
901,'5272',709,,6100,11,,,0,30,,6103,11,,,0,70,,6101,11,,,0,30,,6102,11,,,0,70,,6107,11,,,0,30,,6104,11,,,0,70,,6106,11,,,0,30,,6105,11,,,0,70,,6110,11,,,0,30,,6108,11,,,0,70,,6109,11,,,0,30,,6114,11,,,0,70,,6112,11,,,0,30,,6115,11,,,0,70,,6111,11,,,0,30,,6113,11,,,0,71,,6127,11,,,0,30,,6117,11,,,0,70,,6118,11,,,0,29,,6116,11,,,0,70,,6119,11,,,0,30,,6120,11,,,0,70,,6132,11,,,0,30,,6124,11,,,0,70,,6121,11,,,0,30,,6123,11,,,0,70,,6122,11,,,0,30,,6125,11,,,0,70,,6131,11,,,0,30,,6126,11,,,0,70,,6128,11,,,0,29,,6129,11,,,0,70,,6130,11,,,0,30,,6133,11,,,0
901,'5282',608,,6172,11,,,0,30,,6173,11,,,0,71,,6160,11,,,0,30,,6156,11,,,0,70,,6134,11,,,0,30,,6138,11,,,0,71,,6136,11,,,0,30,,6135,11,,,0,70,,6137,11,,,0,30,,6139,11,,,0,15,,6166,11,,,0,55,,6140,11,,,0,15,,6164,11,,,0,15,,6142,11,,,0,71,,6143,11,,,0,30,,6144,11,,,0,70,,6141,11,,,0,30,,6145,11,,,0,70,,6146,11,,,0,14,,6171,11,,,0,15,,6148,11,,,0,15,,6168,11,,,0,55,,6150,11,,,0,15,,6170,11,,,0,15,,6152,11,,,0,15,,6165,11,,,0,55,,6153,11,,,0,15,,6167,11,,,0,15,,6149,11,,,0,15,,6169,11,,,0,55,,6147,11,,,0,30,,6151,11,,,0,75,,6154,11,,,0,40,,6162,11,,,0,70,,6157,11,,,0,100,,6158,11,,,0,100,,6159,11,,,0,100,,6155,11,,,0,105,,6161,11,,,0,104,,6163,11,,,0,104,,6174,11,,,0
1600,'5014',711,,6335,34,,,0
