400,'5101',851,,2803,22,,,0,159,,2804,22,,,0,120,,2801,22,,,0,121,,2802,22,,,0,95,,2808,22,,,0,167,,2806,22,,,0,127,,2807,22,,,0,162,,2805,22,,,0,120,,2809,22,,,0
400,'5102',643,,2810,22,,,0,66,,2815,22,,,0,50,,2812,22,,,0,74,,2817,22,,,0,68,,2814,22,,,0,28,,2820,22,,,0,30,,2813,22,,,0,70,,2811,22,,,0,72,,2821,22,,,0,30,,2826,22,,,0,72,,2823,22,,,0,30,,2816,22,,,0,70,,2828,22,,,0,30,,2837,22,,,0,71,,2827,22,,,0,30,,2839,22,,,0,70,,2818,22,,,0,30,,2838,22,,,0,22,,2840,22,,,0,50,,2835,22,,,0,30,,2824,22,,,0,70,,2825,22,,,0,29,,2822,22,,,0,68,,2832,22,,,0,29,,2819,22,,,0,27,,2833,22,,,0,96,,2834,22,,,0,96,,2830,22,,,0,97,,2829,22,,,0,100,,2831,22,,,0,157,,2836,22,,,0
400,'5105',837,,2842,22,,,0,66,,2843,22,,,0,25,,2841,22,,,0,25,,2844,22,,,0,67,,2845,22,,,0,26,,2846,22,,,0,65,,2847,22,,,0,26,,2848,22,,,0,66,,2849,22,,,0,27,,2850,22,,,0,27,,2851,22,,,0,68,,2852,22,,,0,27,,2853,22,,,0,69,,2854,22,,,0,27,,2856,22,,,0,69,,2858,22,,,0,27,,2855,22,,,0,68,,2861,22,,,0,27,,2859,22,,,0,66,,2857,22,,,0,27,,2860,22,,,0,27,,2862,22,,,0,67,,2863,22,,,0,25,,2864,22,,,0,74,,2866,22,,,0,99,,2865,22,,,0,100,,2867,22,,,0,99,,2868,22,,,0,99,,2869,22,,,0
701,'5101',711,,3229,15,,,0,27,,3230,18,,,0,99,,3231,15,,,0,97,,3232,18,,,0,73,,3235,15,,,0,30,,3233,15,,,0,67,,3234,18,,,0,33,,3242,15,,,0,67,,3237,18,,,0,28,,3236,15,,,0,72,,3239,18,,,0,28,,3249,15,,,0,72,,3241,18,,,0,29,,3245,15,,,0,71,,3240,18,,,0,29,,3238,15,,,0,71,,3244,18,,,0,28,,3248,15,,,0,72,,3243,18,,,0,28,,3250,15,,,0,71,,3246,18,,,0,29,,3252,15,,,0,101,,3247,18,,,0,99,,3255,15,,,0,104,,3251,18,,,0,96,,3253,15,,,0,101,,3254,18,,,0
701,'5102',616,,3257,15,,,0,17,,3258,18,,,0,14,,3259,15,,,0,56,,3260,18,,,0,16,,3261,18,,,0,15,,3262,15,,,0,18,,3263,18,,,0,53,,3264,15,,,0,18,,3265,18,,,0,12,,3266,15,,,0,16,,3267,18,,,0,52,,3268,15,,,0,18,,3269,18,,,0,13,,3305,15,,,0,17,,3270,18,,,0,53,,3310,15,,,0,17,,3271,18,,,0,29,,3272,15,,,0,72,,3273,18,,,0,28,,3274,15,,,0,71,,3275,18,,,0,29,,3276,15,,,0,71,,3277,18,,,0,29,,3278,15,,,0,73,,3279,18,,,0,12,,3280,15,,,0,15,,3281,15,,,0,57,,3282,18,,,0,14,,3283,15,,,0,16,,3284,18,,,0,13,,3285,15,,,0,57,,3286,18,,,0,13,,3287,15,,,0,17,,3288,18,,,0,13,,3289,15,,,0,57,,3290,18,,,0,13,,3291,15,,,0,17,,3292,18,,,0,12,,3306,15,,,0,56,,3307,18,,,0,13,,3293,15,,,0,32,,3294,18,,,0,67,,3295,15,,,0,33,,3296,18,,,0,67,,3297,15,,,0,31,,3298,18,,,0,69,,3299,15,,,0,31,,3300,18,,,0,69,,3301,15,,,0,30,,3302,18,,,0,69,,3303,15,,,0,33,,3304,18,,,0,72,,3308,15,,,0,30,,3309,18,,,0
701,'5105',626,,3349,18,,,0,30,,3348,15,,,0,71,,3336,18,,,0,30,,3312,15,,,0,70,,3311,15,,,0,31,,3313,18,,,0,69,,3314,15,,,0,30,,3322,15,,,0,71,,3327,18,,,0,14,,3340,15,,,0,16,,3326,18,,,0,55,,3341,15,,,0,22,,3329,15,,,0,72,,3325,18,,,0,28,,3328,15,,,0,70,,3321,15,,,0,32,,3331,18,,,0,68,,3324,15,,,0,30,,3344,18,,,0,13,,3332,15,,,0,55,,3345,15,,,0,16,,3333,18,,,0,14,,3343,15,,,0,15,,3320,15,,,0,56,,3346,18,,,0,14,,3330,15,,,0,15,,3342,15,,,0,24,,3323,18,,,0,69,,3334,15,,,0,30,,3315,15,,,0,76,,3318,18,,,0,74,,3319,15,,,0,36,,3337,18,,,0,74,,3338,15,,,0,105,,3317,15,,,0,97,,3316,18,,,0,102,,3335,15,,,0,99,,3339,15,,,0,26,,3347,18,,,0,69,,3350,15,,,0
900,'5101',736,,3351,25,,,0,70,,3353,25,,,0,31,,3352,25,,,0,70,,3354,25,,,0,30,,3356,25,,,0,71,,3355,25,,,0,30,,3357,25,,,0,70,,3359,25,,,0,30,,3360,25,,,0,71,,3358,25,,,0,30,,3361,25,,,0,71,,3362,25,,,0,30,,3365,25,,,0,71,,3364,25,,,0,30,,3366,25,,,0,70,,3363,25,,,0,31,,3377,25,,,0,70,,3367,25,,,0,30,,3369,25,,,0,69,,3368,25,,,0,30,,3370,25,,,0,70,,3371,25,,,0,30,,3382,25,,,0,70,,3376,25,,,0,29,,3372,25,,,0,68,,3373,25,,,0,30,,3374,25,,,0,70,,3375,25,,,0,30,,3381,25,,,0,70,,3378,25,,,0,29,,3379,25,,,0,68,,3380,25,,,0,30,,3383,25,,,0,70,,3384,25,,,0
900,'5102',637,,3386,25,,,0,72,,3387,25,,,0,33,,3388,25,,,0,16,,3389,25,,,0,56,,3390,25,,,0,17,,3391,25,,,0,14,,3392,25,,,0,13,,3393,25,,,0,47,,3394,25,,,0,9,,3395,25,,,0,13,,3396,25,,,0,15,,3397,25,,,0,15,,3398,25,,,0,55,,3399,25,,,0,15,,3400,25,,,0,15,,3401,25,,,0,15,,3402,25,,,0,55,,3403,25,,,0,16,,3404,25,,,0,16,,3405,25,,,0,15,,3406,25,,,0,55,,3407,25,,,0,15,,3408,25,,,0,16,,3409,25,,,0,14,,3410,25,,,0,55,,3411,25,,,0,16,,3412,25,,,0,15,,3413,25,,,0,55,,3414,25,,,0,15,,3415,25,,,0,15,,3416,25,,,0,14,,3417,25,,,0,58,,3418,25,,,0,14,,3419,25,,,0,15,,3420,25,,,0,17,,3421,25,,,0,7,,3422,25,,,0,48,,3423,25,,,0,16,,3424,25,,,0,14,,3425,25,,,0,15,,3426,25,,,0,57,,3427,25,,,0,15,,3428,25,,,0,14,,3429,25,,,0,13,,3430,25,,,0,53,,3431,25,,,0,15,,3432,25,,,0,13,,3433,25,,,0,12,,3434,25,,,0,15,,3435,25,,,0,55,,3436,25,,,0,15,,3437,25,,,0,14,,3438,25,,,0,15,,3439,25,,,0,56,,3440,25,,,0,14,,3441,25,,,0,15,,3442,25,,,0,20,,3443,25,,,0,60,,3444,25,,,0,34,,3445,25,,,0,70,,3446,25,,,0,24,,3447,25,,,0,73,,3448,25,,,0,25,,3449,25,,,0,71,,3450,25,,,0,25,,3451,25,,,0,70,,3385,25,,,0
900,'5105',635,,3491,25,,,0,70,,3492,25,,,0,33,,3480,25,,,0,70,,3453,25,,,0,31,,3454,25,,,0,70,,3455,25,,,0,32,,3452,25,,,0,72,,3457,25,,,0,29,,3459,25,,,0,69,,3456,25,,,0,15,,3484,25,,,0,15,,3460,25,,,0,15,,3488,25,,,0,55,,3458,25,,,0,32,,3462,25,,,0,71,,3463,25,,,0,30,,3461,25,,,0,72,,3464,25,,,0,30,,3465,25,,,0,12,,3482,25,,,0,55,,3467,25,,,0,15,,3486,25,,,0,15,,3468,25,,,0,15,,3483,25,,,0,55,,3466,25,,,0,15,,3485,25,,,0,15,,3470,25,,,0,15,,3489,25,,,0,55,,3471,25,,,0,15,,3487,25,,,0,15,,3472,25,,,0,70,,3469,25,,,0,35,,3474,25,,,0,79,,3478,25,,,0,30,,3475,25,,,0,100,,3476,25,,,0,100,,3473,25,,,0,99,,3477,25,,,0,102,,3479,25,,,0,142,,3481,25,,,0,103,,3490,25,,,0
901,'5101',708,,3493,10,,,0,30,,3496,10,,,0,70,,3494,10,,,0,30,,3495,10,,,0,70,,3500,10,,,0,30,,3497,10,,,0,70,,3499,10,,,0,30,,3498,10,,,0,70,,3503,10,,,0,30,,3501,10,,,0,70,,3502,10,,,0,30,,3507,10,,,0,70,,3505,10,,,0,30,,3508,10,,,0,70,,3504,10,,,0,30,,3506,10,,,0,71,,3520,10,,,0,30,,3510,10,,,0,70,,3511,10,,,0,29,,3509,10,,,0,70,,3512,10,,,0,30,,3513,10,,,0,70,,3525,10,,,0,30,,3517,10,,,0,70,,3514,10,,,0,30,,3516,10,,,0,70,,3515,10,,,0,30,,3518,10,,,0,70,,3524,10,,,0,30,,3519,10,,,0,70,,3521,10,,,0,29,,3522,10,,,0,70,,3523,10,,,0,30,,3526,10,,,0
901,'5102',608,,3527,10,,,0,30,,3528,10,,,0,71,,3529,10,,,0,15,,3530,10,,,0,15,,3531,10,,,0,16,,3532,10,,,0,55,,3533,10,,,0,15,,3534,10,,,0,7,,3535,10,,,0,9,,3536,10,,,0,13,,3537,10,,,0,55,,3538,10,,,0,15,,3539,10,,,0,15,,3540,10,,,0,15,,3541,10,,,0,55,,3542,10,,,0,15,,3543,10,,,0,15,,3544,10,,,0,15,,3545,10,,,0,56,,3546,10,,,0,15,,3547,10,,,0,15,,3548,10,,,0,15,,3549,10,,,0,55,,3550,10,,,0,15,,3551,10,,,0,14,,3552,10,,,0,16,,3553,10,,,0,55,,3554,10,,,0,15,,3555,10,,,0,15,,3556,10,,,0,15,,3557,10,,,0,54,,3558,10,,,0,16,,3559,10,,,0,14,,3560,10,,,0,15,,3561,10,,,0,56,,3562,10,,,0,7,,3563,10,,,0,8,,3564,10,,,0,16,,3565,10,,,0,14,,3566,10,,,0,55,,3567,10,,,0,16,,3568,10,,,0,15,,3569,10,,,0,15,,3570,10,,,0,55,,3571,10,,,0,14,,3572,10,,,0,15,,3573,10,,,0,15,,3574,10,,,0,54,,3575,10,,,0,15,,3576,10,,,0,15,,3577,10,,,0,15,,3578,10,,,0,54,,3579,10,,,0,15,,3580,10,,,0,16,,3581,10,,,0,14,,3582,10,,,0,55,,3583,10,,,0,20,,3584,10,,,0,20,,3585,10,,,0,74,,3586,10,,,0,30,,3587,10,,,0,66,,3588,10,,,0,33,,3589,10,,,0,67,,3590,10,,,0,33,,3591,10,,,0,66,,3592,10,,,0,30,,3593,10,,,0
901,'5105',607,,3632,10,,,0,30,,3633,10,,,0,71,,3620,10,,,0,30,,3616,10,,,0,70,,3594,10,,,0,30,,3598,10,,,0,71,,3596,10,,,0,30,,3595,10,,,0,70,,3597,10,,,0,30,,3599,10,,,0,15,,3626,10,,,0,55,,3600,10,,,0,15,,3624,10,,,0,15,,3602,10,,,0,71,,3603,10,,,0,30,,3604,10,,,0,70,,3601,10,,,0,30,,3605,10,,,0,70,,3606,10,,,0,14,,3631,10,,,0,15,,3608,10,,,0,15,,3628,10,,,0,55,,3610,10,,,0,15,,3630,10,,,0,15,,3612,10,,,0,15,,3625,10,,,0,55,,3613,10,,,0,15,,3627,10,,,0,15,,3609,10,,,0,15,,3629,10,,,0,55,,3607,10,,,0,30,,3611,10,,,0,75,,3614,10,,,0,40,,3622,10,,,0,70,,3617,10,,,0,100,,3618,10,,,0,100,,3619,10,,,0,100,,3615,10,,,0,105,,3621,10,,,0,104,,3623,10,,,0,104,,3634,10,,,0
1600,'5102',710,,3823,33,,,0
