1300,'5101',846,,3690,23,4,,0,363,,3691,23,4,,0,325,,3689,23,4,,0,271,,3692,23,4,,0
1300,'5102',720,,3693,23,4,,0,135,,3695,23,4,,0,148,,3697,23,4,,0,100,,3696,23,4,,0,100,,3698,23,4,,0,214,,3694,23,4,,0,108,,3699,23,4,,0,108,,3700,23,4,,0,108,,3701,23,4,,0,105,,3702,23,4,,0,105,,3703,23,4,,0
1300,'5105',757,,3705,23,4,,0,102,,3706,23,4,,0,145,,3704,23,4,,0,100,,3707,23,4,,0,102,,3708,23,4,,0,197,,3711,23,4,,0,147,,3712,23,4,,0,100,,3709,23,4,,0,98,,3713,23,4,,0,100,,3714,23,4,,0,99,,3710,23,4,,0,99,,3715,23,4,,0
1301,'5101',1120,,3718,1,,,0,325,,3716,1,,,0,270,,3717,1,,,0
1301,'5102',805,,3720,1,,,0,108,,3723,1,,,0,100,,3722,1,,,0,100,,3721,1,,,0,210,,3719,1,,,0,103,,3724,1,,,0,108,,3725,1,,,0,108,,3726,1,,,0,108,,3727,1,,,0,105,,3728,1,,,0
1301,'5105',810,,3730,1,,,0,105,,3731,1,,,0,100,,3735,1,,,0,100,,3729,1,,,0,195,,3733,1,,,0,145,,3732,1,,,0,100,,3736,1,,,0,100,,3737,1,,,0,100,,3738,1,,,0,100,,3734,1,,,0,100,,3739,1,,,0
1400,'5101',915,,3741,19,4,,0,200,,3740,19,4,,0,130,,3745,19,4,,0,95,,3742,19,4,,0,100,,3743,19,4,,0,170,,3744,19,4,,0,225,,3746,19,4,,0
1400,'5102',623,,3755,19,4,,0,31,,3754,19,4,,0,89,,3747,19,4,,0,86,,3749,62,4,,0,23,,3752,19,4,,0,91,,3750,19,4,,0,114,,3748,19,4,,0,185,,3756,19,4,,0,372,,3757,19,4,,0,39,,3758,19,4,,0,75,,3759,19,4,,0,79,,3760,19,4,,0,105,,3753,19,4,,0,114,,3761,19,4,,0,30,,3762,19,4,,0
1400,'5105',810,,3763,19,4,,0,135,,4160,19,4,,0,96,,3772,19,4,,0,101,,3769,19,4,,0,100,,3765,19,4,,0,100,,3771,19,4,,0,105,,3767,19,4,,0,253,,3768,19,4,,0,205,,3764,19,4,,0,100,,3770,19,4,,0
1401,'5101',850,,3774,1,,,0,200,,3773,1,,,0,170,,3778,1,,,0,95,,3776,1,,,0,100,,3775,1,,,0,130,,3777,1,,,0,265,,3779,1,,,0
1401,'5102',600,,3787,1,,,0,30,,3788,1,,,0,85,,3780,1,,,0,25,,3782,1,,,0,84,,3785,1,,,0,91,,3783,1,,,0,115,,3781,1,,,0,185,,3789,1,,,0,215,,3784,1,,,0,115,,3791,1,,,0,80,,3790,1,,,0,75,,3792,1,,,0,40,,3793,1,,,0,105,,3786,1,,,0,155,,3794,1,,,0,30,,3795,1,,,0
1401,'5105',745,,3796,1,,,0,175,,4161,1,,,0,95,,3804,1,,,0,100,,3802,1,,,0,100,,3798,1,,,0,100,,3805,1,,,0,105,,3797,1,,,0,210,,3801,1,,,0,210,,3799,1,,,0,100,,3803,1,,,0
8100,'5102',821,,4074,72,4,,0
8101,'5103',1551,,4075,55,4,,0
8101,'5104',1440,,4076,55,4,,0
