400,'5101',832,,2803,3,,,0,119,,2804,3,,,0,160,,2801,3,,,0,120,,2802,3,,,0,95,,2808,3,,,0,126,,2806,3,,,0,167,,2807,3,,,0,124,,2805,3,,,0,160,,2809,3,,,0
400,'5102',624,,2810,3,,,0,26,,2815,3,,,0,88,,2812,3,,,0,73,,2817,3,,,0,29,,2814,3,,,0,69,,2820,3,,,0,30,,2813,3,,,0,70,,2811,3,,,0,31,,2821,3,,,0,70,,2826,3,,,0,32,,4092,3,,,0,70,,2816,3,,,0,30,,4095,3,,,0,70,,2837,3,,,0,30,,4094,3,,,0,70,,2839,3,,,0,30,,4091,3,,,0,70,,2838,3,,,0,22,,2840,3,,,0,10,,4101,3,,,0,70,,2824,3,,,0,30,,4093,3,,,0,70,,2822,3,,,0,28,,4098,3,,,0,69,,2819,3,,,0,28,,4099,3,,,0,97,,4100,3,,,0,96,,4096,3,,,0,98,,2829,3,,,0,100,,4097,3,,,0,117,,4102,3,,,0
400,'5105',819,,4104,3,,,0,25,,4105,3,,,0,65,,4103,3,,,0,25,,4106,3,,,0,67,,4107,3,,,0,25,,4108,3,,,0,25,,4109,3,,,0,66,,4110,3,,,0,25,,4111,3,,,0,67,,4112,3,,,0,27,,2851,3,,,0,68,,2852,3,,,0,27,,2853,3,,,0,28,,2854,3,,,0,67,,2856,3,,,0,29,,2858,3,,,0,67,,2855,3,,,0,29,,2861,3,,,0,67,,2859,3,,,0,26,,2857,3,,,0,67,,2860,3,,,0,27,,2862,3,,,0,67,,2863,3,,,0,26,,2864,3,,,0,74,,2866,3,,,0,100,,2865,3,,,0,100,,2867,3,,,0,99,,2868,3,,,0,99,,4113,3,,,0
7001,'5102',1531,,4057,21,,,0
7100,'5102',734,,4058,8,,,0
7200,'5102',740,,4170,8,,,0
7401,'5103',1540,,4171,18,,,0
7401,'5104',1440,,4172,18,,,0
7701,'5102',1546,,4174,21,,,0
7900,'5102',751,,4176,16,0,6,0
7901,'5103',1515,,4177,16,0,6,0
7901,'5104',1515,,4178,16,0,6,0
