701,'5101',736,,3230,16,,,0,195,,3232,16,,,0,170,,3234,16,,,0,100,,3237,16,,,0,100,,3239,16,,,0,100,,3241,16,,,0,100,,3240,16,,,0,100,,3244,16,,,0,100,,3243,16,,,0,100,,3246,16,,,0,130,,3247,16,,,0,203,,3251,16,,,0,198,,3254,16,,,0
701,'5102',631,,3258,16,,,0,70,,3260,16,,,0,16,,3261,16,,,0,32,,3263,16,,,0,71,,3265,16,,,0,28,,3267,16,,,0,70,,3269,16,,,0,30,,3270,16,,,0,70,,3271,16,,,0,101,,3273,16,,,0,100,,3275,16,,,0,100,,3277,16,,,0,101,,3279,16,,,0,85,,3282,16,,,0,30,,3284,16,,,0,70,,3286,16,,,0,30,,3288,16,,,0,70,,3290,16,,,0,30,,3292,16,,,0,67,,3307,16,,,0,45,,3294,16,,,0,100,,3296,16,,,0,99,,3298,16,,,0,100,,3300,16,,,0,99,,3302,16,,,0,103,,3304,16,,,0,102,,3309,16,,,0
701,'5105',624,,3349,16,,,0,101,,3336,16,,,0,131,,3313,16,,,0,170,,3327,16,,,0,30,,3326,16,,,0,148,,3325,16,,,0,130,,3331,16,,,0,98,,3344,16,,,0,85,,3333,16,,,0,85,,3346,16,,,0,53,,3323,16,,,0,175,,3318,16,,,0,110,,3337,16,,,0,276,,3316,16,,,0,228,,3347,16,,,0
901,'5101',706,,3493,8,,,0,30,,3496,8,,,0,70,,3494,8,,,0,30,,3495,8,,,0,70,,3500,8,,,0,30,,3497,8,,,0,70,,3499,8,,,0,30,,3498,8,,,0,70,,3503,8,,,0,30,,3501,8,,,0,70,,3502,8,,,0,30,,3507,8,,,0,70,,3505,8,,,0,30,,3508,8,,,0,70,,3504,8,,,0,30,,3506,8,,,0,71,,3520,8,,,0,30,,3510,8,,,0,70,,3511,8,,,0,29,,3509,8,,,0,70,,3512,8,,,0,30,,3513,8,,,0,70,,3525,8,,,0,30,,3517,8,,,0,70,,3514,8,,,0,30,,3516,8,,,0,70,,3515,8,,,0,30,,3518,8,,,0,70,,3524,8,,,0,30,,3519,8,,,0,70,,3521,8,,,0,30,,3522,8,,,0,70,,3523,8,,,0,30,,3526,8,,,0
901,'5102',606,,3527,8,,,0,30,,3528,8,,,0,71,,3529,8,,,0,15,,3530,8,,,0,15,,3531,8,,,0,15,,3532,8,,,0,55,,3533,8,,,0,15,,3534,8,,,0,7,,3535,8,,,0,10,,3536,8,,,0,13,,3537,8,,,0,55,,3538,8,,,0,15,,3539,8,,,0,15,,3540,8,,,0,15,,3541,8,,,0,55,,3542,8,,,0,15,,3543,8,,,0,15,,3544,8,,,0,15,,3545,8,,,0,56,,3546,8,,,0,15,,3547,8,,,0,15,,3548,8,,,0,15,,3549,8,,,0,55,,3550,8,,,0,15,,3551,8,,,0,14,,3552,8,,,0,16,,3553,8,,,0,55,,3554,8,,,0,15,,3555,8,,,0,15,,3556,8,,,0,15,,3557,8,,,0,54,,3558,8,,,0,16,,3559,8,,,0,14,,3560,8,,,0,15,,3561,8,,,0,56,,3562,8,,,0,7,,3563,8,,,0,8,,3564,8,,,0,15,,3565,8,,,0,14,,3566,8,,,0,55,,3567,8,,,0,16,,3568,8,,,0,15,,3569,8,,,0,15,,3570,8,,,0,55,,3571,8,,,0,14,,3572,8,,,0,15,,3573,8,,,0,15,,3574,8,,,0,55,,3575,8,,,0,15,,3576,8,,,0,15,,3577,8,,,0,15,,3578,8,,,0,54,,3579,8,,,0,15,,3580,8,,,0,16,,3581,8,,,0,14,,3582,8,,,0,55,,3583,8,,,0,20,,3584,8,,,0,20,,3585,8,,,0,74,,3586,8,,,0,30,,3587,8,,,0,66,,3588,8,,,0,33,,3589,8,,,0,67,,3590,8,,,0,33,,3591,8,,,0,67,,3592,8,,,0,30,,3593,8,,,0
901,'5105',606,,3632,8,,,0,30,,3633,8,,,0,70,,3620,8,,,0,30,,3616,8,,,0,70,,3594,8,,,0,30,,3598,8,,,0,71,,3596,8,,,0,30,,3595,8,,,0,70,,3597,8,,,0,30,,3599,8,,,0,15,,3626,8,,,0,55,,3600,8,,,0,15,,3624,8,,,0,15,,3602,8,,,0,70,,3603,8,,,0,30,,3604,8,,,0,70,,3601,8,,,0,30,,3605,8,,,0,70,,3606,8,,,0,15,,3631,8,,,0,15,,3608,8,,,0,15,,3628,8,,,0,55,,3610,8,,,0,15,,3630,8,,,0,15,,3612,8,,,0,15,,3625,8,,,0,55,,3613,8,,,0,15,,3627,8,,,0,15,,3609,8,,,0,15,,3629,8,,,0,55,,3607,8,,,0,30,,3611,8,,,0,75,,3614,8,,,0,40,,3622,8,,,0,70,,3617,8,,,0,100,,3618,8,,,0,100,,3619,8,,,0,100,,3615,8,,,0,105,,3621,8,,,0,104,,3623,8,,,0,105,,3634,8,,,0
1600,'5102',708,,3823,31,,,0
7001,'5102',1515,,4057,6,,,0
7301,'5102',1514,,4061,6,,,0
7701,'5102',1531,,4066,6,,,0
