300,'5101',811,,2626,25,,,0,93,,2628,25,,,0,100,,2627,25,,,0,101,,2633,25,,,0,104,,2629,25,,,0,100,,2635,25,,,0,100,,2630,25,,,0,100,,2631,25,,,0,100,,2636,25,,,0,99,,2632,25,,,0,98,,2638,25,,,0,98,,2634,25,,,0,106,,2637,25,,,0,98,,2639,25,,,0,100,,2640,25,0,17 18 19,0
300,'5102',636,,2672,25,,,0,22,,2659,25,,,0,60,,2652,25,,,0,9,,2653,25,,,0,15,,2647,25,,,0,59,,2675,25,,,0,18,,2661,25,,,0,16,,2664,25,,,0,19,,2665,25,,,0,59,,2657,25,,,0,30,,2658,25,,,0,70,,2660,25,,,0,31,,2682,25,,,0,70,,2667,25,,,0,30,,2655,25,,,0,71,,2669,25,,,0,30,,2681,25,,,0,70,,2643,25,,,0,31,,2666,25,,,0,72,,2644,25,,,0,33,,2676,25,,,0,55,,2654,25,,,0,15,,2662,25,,,0,10,,2683,25,,,0,4,,2685,25,,,0,14,,2646,25,,,0,52,,2645,25,,,0,15,,2673,25,,,0,15,,2649,25,,,0,15,,2651,25,,,0,55,,2680,25,,,0,14,,2663,25,,,0,14,,2642,25,,,0,14,,2648,25,,,0,15,,2671,25,,,0,55,,2650,25,,,0,29,,2679,25,,,0,69,,2670,25,,,0,30,,2684,25,,,0,70,,2668,25,,,0,99,,2678,25,,,0,99,,2674,25,,,0,99,,2677,25,,,0,96,,2641,25,0,17 18 19,0
300,'5105',726,,2687,25,,,0,30,,2686,25,,,0,76,,2688,25,,,0,76,,2691,25,,,0,30,,2692,25,,,0,71,,2690,25,,,0,30,,2689,25,,,0,70,,2693,25,,,0,30,,2694,25,,,0,70,,2696,25,,,0,31,,2695,25,,,0,70,,2699,25,,,0,30,,2700,25,,,0,70,,2698,25,,,0,30,,2702,25,,,0,71,,2703,25,,,0,30,,2701,25,,,0,70,,2705,25,,,0,30,,2697,25,,,0,70,,2706,25,,,0,30,,2704,25,,,0,70,,2708,25,,,0,35,,2709,25,,,0,64,,2710,25,,,0,45,,2711,25,,,0,145,,2713,25,,,0,105,,2714,25,,,0,102,,2707,25,,,0,98,,2712,25,,,0
1300,'5101',845,,3690,19,,,0,363,,3691,19,,,0,325,,3689,19,,,0,271,,3692,19,,,0
1300,'5102',719,,3693,19,,,0,135,,3695,19,,,0,148,,3697,19,,,0,100,,3696,19,,,0,100,,3698,19,,,0,214,,3694,19,,,0,107,,3699,19,,,0,108,,3700,19,,,0,108,,3701,19,,,0,105,,3702,19,,,0,105,,3703,19,,,0
1300,'5105',756,,3705,19,,,0,102,,3706,19,,,0,145,,3704,19,,,0,100,,3707,19,,,0,102,,3708,19,,,0,197,,3711,19,,,0,147,,3712,19,,,0,100,,3709,19,,,0,98,,3713,19,,,0,100,,3714,19,,,0,99,,3710,19,,,0,99,,3715,19,,,0
1400,'5101',913,,3741,15,,,0,200,,3740,15,,,0,130,,3745,15,,,0,95,,3742,15,,,0,100,,3743,15,,,0,170,,3744,15,,,0,225,,3746,15,,,0
1400,'5102',621,,3755,15,,,0,31,,3754,15,,,0,88,,3747,15,,,0,88,,3749,58,0,7 8 2 9 2 10,0,22,,3752,15,,,0,91,,3750,15,,,0,114,,3748,15,,,0,185,,3756,15,,,0,372,,3757,15,,,0,39,,3758,15,,,0,75,,3759,15,,,0,79,,3760,15,,,0,105,,3753,15,,,0,114,,3761,15,,,0,30,,3762,15,,,0
1400,'5105',808,,3763,15,,,0,135,,3766,15,,,0,96,,3772,15,,,0,101,,3769,15,,,0,100,,3765,15,,,0,100,,3771,15,,,0,105,,3767,15,,,0,212,,3768,15,,,0,246,,3764,15,,,0,100,,3770,15,,,0
8100,'5102',820,,4074,68,,,0
8101,'5103',1549,,4075,51,,,0
8101,'5104',1438,,4076,51,,,0
