300,'5101',812,,2626,26,,,0,93,,2628,26,,,0,100,,2627,26,,,0,101,,2633,26,,,0,103,,2629,26,,,0,100,,2635,26,,,0,100,,2630,26,,,0,100,,2631,26,,,0,100,,2636,26,,,0,100,,2632,26,,,0,97,,2638,26,,,0,98,,2634,26,,,0,106,,2637,26,,,0,98,,2639,26,,,0,100,,2640,26,0,17 18 19,0
300,'5102',636,,2672,26,,,0,22,,2659,26,,,0,60,,2652,26,,,0,9,,2653,26,,,0,16,,2647,26,,,0,59,,2675,26,,,0,18,,2661,26,,,0,15,,2664,26,,,0,19,,2665,26,,,0,59,,2657,26,,,0,31,,2658,26,,,0,70,,2660,26,,,0,31,,2682,26,,,0,70,,2667,26,,,0,30,,2655,26,,,0,71,,2669,26,,,0,30,,2681,26,,,0,70,,2643,26,,,0,31,,2666,26,,,0,71,,2644,26,,,0,33,,2676,26,,,0,55,,2654,26,,,0,15,,2662,26,,,0,10,,2683,26,,,0,4,,2685,26,,,0,15,,2646,26,,,0,52,,2645,26,,,0,15,,2673,26,,,0,15,,2649,26,,,0,15,,2651,26,,,0,55,,2680,26,,,0,14,,2663,26,,,0,14,,2642,26,,,0,14,,2648,26,,,0,15,,2671,26,,,0,55,,2650,26,,,0,28,,2679,26,,,0,69,,2670,26,,,0,30,,2684,26,,,0,70,,2668,26,,,0,99,,2678,26,,,0,99,,2674,26,,,0,99,,2677,26,,,0,96,,2641,26,0,17 18 19,0
300,'5105',726,,2687,26,,,0,30,,2686,26,,,0,77,,2688,26,,,0,76,,2691,26,,,0,30,,2692,26,,,0,71,,2690,26,,,0,30,,2689,26,,,0,70,,2693,26,,,0,30,,2694,26,,,0,70,,2696,26,,,0,31,,2695,26,,,0,70,,2699,26,,,0,30,,2700,26,,,0,70,,2698,26,,,0,30,,2702,26,,,0,71,,2703,26,,,0,30,,2701,26,,,0,70,,2705,26,,,0,30,,2697,26,,,0,69,,2706,26,,,0,30,,2704,26,,,0,70,,2708,26,,,0,35,,2709,26,,,0,64,,2710,26,,,0,45,,2711,26,,,0,145,,2713,26,,,0,105,,2714,26,,,0,102,,2707,26,,,0,98,,2712,26,,,0
1300,'5101',845,,3690,20,,,0,363,,3691,20,,,0,325,,3689,20,,,0,271,,3692,20,,,0
1300,'5102',719,,3693,20,,,0,135,,3695,20,,,0,148,,3697,20,,,0,100,,3696,20,,,0,100,,3698,20,,,0,214,,3694,20,,,0,108,,3699,20,,,0,108,,3700,20,,,0,108,,3701,20,,,0,105,,3702,20,,,0,105,,3703,20,,,0
1300,'5105',756,,3705,20,,,0,102,,3706,20,,,0,145,,3704,20,,,0,100,,3707,20,,,0,102,,3708,20,,,0,197,,3711,20,,,0,147,,3712,20,,,0,100,,3709,20,,,0,98,,3713,20,,,0,100,,3714,20,,,0,99,,3710,20,,,0,99,,3715,20,,,0
1400,'5101',913,,3741,16,,,0,200,,3740,16,,,0,130,,3745,16,,,0,95,,3742,16,,,0,100,,3743,16,,,0,170,,3744,16,,,0,225,,3746,16,,,0
1400,'5102',621,,3755,16,,,0,31,,3754,16,,,0,89,,3747,16,,,0,87,,3749,59,0,7 8 2 9 2 10,0,22,,3752,16,,,0,91,,3750,16,,,0,114,,3748,16,,,0,185,,3756,16,,,0,372,,3757,16,,,0,39,,3758,16,,,0,75,,3759,16,,,0,79,,3760,16,,,0,105,,3753,16,,,0,114,,3761,16,,,0,30,,3762,16,,,0
1400,'5105',808,,3763,16,,,0,135,,3766,16,,,0,96,,3772,16,,,0,101,,3769,16,,,0,100,,3765,16,,,0,100,,3771,16,,,0,105,,3767,16,,,0,213,,3768,16,,,0,245,,3764,16,,,0,100,,3770,16,,,0
8100,'5102',820,,4074,69,,,0
8101,'5103',1549,,4075,52,,,0
8101,'5104',1438,,4076,52,,,0
