300,'5101',813,,2626,28,,,0,93,,2628,28,,,0,100,,2627,28,,,0,101,,2633,28,,,0,104,,2629,28,,,0,100,,2635,28,,,0,100,,2630,28,,,0,100,,2631,28,,,0,100,,2636,28,,,0,99,,2632,28,,,0,97,,2638,28,,,0,98,,2634,28,,,0,106,,2637,28,,,0,98,,2639,28,,,0,100,,2640,28,0,17 18 19,0
300,'5102',637,,2672,28,,,0,22,,2659,28,,,0,60,,2652,28,,,0,9,,2653,28,,,0,16,,2647,28,,,0,59,,2675,28,,,0,18,,2661,28,,,0,15,,2664,28,,,0,19,,2665,28,,,0,59,,2657,28,,,0,31,,2658,28,,,0,70,,2660,28,,,0,31,,2682,28,,,0,70,,2667,28,,,0,30,,2655,28,,,0,71,,2669,28,,,0,30,,2681,28,,,0,70,,2643,28,,,0,31,,2666,28,,,0,72,,2644,28,,,0,33,,2676,28,,,0,55,,2654,28,,,0,15,,2662,28,,,0,10,,2683,28,,,0,4,,2685,28,,,0,14,,2646,28,,,0,52,,2645,28,,,0,15,,2673,28,,,0,15,,2649,28,,,0,15,,2651,28,,,0,55,,2680,28,,,0,14,,2663,28,,,0,14,,2642,28,,,0,14,,2648,28,,,0,55,,2671,28,,,0,15,,2650,28,,,0,28,,2679,28,,,0,69,,2670,28,,,0,30,,2684,28,,,0,70,,2668,28,,,0,99,,2678,28,,,0,99,,2674,28,,,0,99,,2677,28,,,0,95,,2641,28,0,17 18 19,0
300,'5105',727,,2687,28,,,0,30,,2686,28,,,0,77,,2688,28,,,0,76,,2691,28,,,0,30,,2692,28,,,0,71,,2690,28,,,0,30,,2689,28,,,0,70,,2693,28,,,0,30,,2694,28,,,0,70,,2696,28,,,0,31,,2695,28,,,0,70,,2699,28,,,0,30,,2700,28,,,0,70,,2698,28,,,0,30,,2702,28,,,0,71,,2703,28,,,0,30,,2701,28,,,0,70,,2705,28,,,0,30,,2697,28,,,0,69,,2706,28,,,0,30,,2704,28,,,0,70,,2708,28,,,0,35,,2709,28,,,0,64,,2710,28,,,0,45,,2711,28,,,0,145,,2713,28,,,0,105,,2714,28,,,0,102,,2707,28,,,0,98,,2712,28,,,0
1300,'5101',846,,3690,22,,,0,363,,3691,22,,,0,325,,3689,22,,,0,271,,3692,22,,,0
1300,'5102',720,,3693,22,,,0,135,,3695,22,,,0,148,,3697,22,,,0,100,,3696,22,,,0,100,,3698,22,,,0,213,,3694,22,,,0,108,,3699,22,,,0,108,,3700,22,,,0,108,,3701,22,,,0,105,,3702,22,,,0,105,,3703,22,,,0
1300,'5105',757,,3705,22,,,0,102,,3706,22,,,0,145,,3704,22,,,0,100,,3707,22,,,0,102,,3708,22,,,0,197,,3711,22,,,0,146,,3712,22,,,0,100,,3709,22,,,0,99,,3713,22,,,0,100,,3714,22,,,0,99,,3710,22,,,0,99,,3715,22,,,0
1400,'5101',914,,3741,18,,,0,200,,3740,18,,,0,130,,3745,18,,,0,95,,3742,18,,,0,100,,3743,18,,,0,170,,3744,18,,,0,225,,3746,18,,,0
1400,'5102',622,,3755,18,,,0,31,,3754,18,,,0,89,,3747,18,,,0,86,,3749,61,0,7 8 2 9 2 10,0,23,,3752,18,,,0,91,,3750,18,,,0,114,,3748,18,,,0,185,,3756,18,,,0,372,,3757,18,,,0,39,,3758,18,,,0,75,,3759,18,,,0,79,,3760,18,,,0,105,,3753,18,,,0,114,,3761,18,,,0,30,,3762,18,,,0
1400,'5105',809,,3763,18,,,0,135,,3766,18,,,0,96,,3772,18,,,0,101,,3769,18,,,0,100,,3765,18,,,0,100,,3771,18,,,0,105,,3767,18,,,0,213,,3768,18,,,0,245,,3764,18,,,0,100,,3770,18,,,0
8100,'5102',821,,4074,71,,,0
8101,'5103',1550,,4075,54,,,0
8101,'5104',1439,,4076,54,,,0
