700,'5101',728,,3107,5,,,0,27,,3108,5,,,0,100,,3109,5,,,0,97,,3110,5,,,0,73,,3112,5,,,0,30,,3111,5,,,0,67,,3114,5,,,0,33,,3120,5,,,0,67,,3115,5,,,0,29,,3113,5,,,0,72,,3116,5,,,0,28,,3127,5,,,0,72,,3118,5,,,0,29,,3122,5,,,0,71,,3117,5,,,0,29,,3119,5,,,0,71,,3121,5,,,0,27,,3125,5,,,0,72,,3123,5,,,0,27,,3128,5,,,0,71,,3124,5,,,0,29,,3130,5,,,0,101,,3126,5,,,0,99,,3132,5,,,0,104,,3129,5,,,0,95,,3131,5,,,0,100,,3133,5,,,0
700,'5102',615,,3134,5,,,0,18,,3135,5,,,0,17,,3136,5,,,0,54,,3137,5,,,0,16,,3138,5,,,0,16,,3139,5,,,0,17,,3140,5,,,0,60,,3141,5,,,0,11,,3142,5,,,0,19,,3143,5,,,0,11,,3144,5,,,0,56,,3145,5,,,0,12,,3146,5,,,0,18,,3147,5,,,0,13,,3163,5,,,0,57,,3148,5,,,0,13,,3188,5,,,0,17,,3149,5,,,0,69,,3150,5,,,0,34,,3151,5,,,0,67,,3152,5,,,0,32,,3153,5,,,0,68,,3154,5,,,0,32,,3155,5,,,0,69,,3156,5,,,0,34,,3157,5,,,0,11,,3158,5,,,0,55,,3159,5,,,0,18,,3160,5,,,0,13,,3161,5,,,0,17,,3162,5,,,0,52,,3164,5,,,0,18,,3167,5,,,0,12,,3179,5,,,0,18,,3168,5,,,0,52,,3165,5,,,0,18,,3169,5,,,0,11,,3180,5,,,0,18,,3170,5,,,0,50,,3166,5,,,0,16,,3171,5,,,0,13,,3182,5,,,0,72,,3172,5,,,0,27,,3181,5,,,0,73,,3173,5,,,0,27,,3184,5,,,0,71,,3174,5,,,0,29,,3183,5,,,0,70,,3175,5,,,0,28,,3185,5,,,0,70,,3176,5,,,0,28,,3186,5,,,0,73,,3177,5,,,0,31,,3187,5,,,0,70,,3178,5,,,0
700,'5105',643,,3227,5,,,0,70,,3226,5,,,0,31,,3214,5,,,0,70,,3189,5,,,0,31,,3190,5,,,0,71,,3192,5,,,0,29,,3191,5,,,0,71,,3198,5,,,0,31,,3203,5,,,0,54,,3218,5,,,0,16,,3204,5,,,0,15,,3219,5,,,0,22,,3206,5,,,0,73,,3201,5,,,0,28,,3207,5,,,0,70,,3200,5,,,0,32,,3208,5,,,0,68,,3202,5,,,0,30,,3222,5,,,0,53,,3209,5,,,0,14,,3220,5,,,0,16,,3210,5,,,0,14,,3224,5,,,0,55,,3199,5,,,0,16,,3223,5,,,0,14,,3211,5,,,0,15,,3221,5,,,0,64,,3205,5,,,0,29,,3212,5,,,0,70,,3193,5,,,0,36,,3194,5,,,0,73,,3195,5,,,0,76,,3216,5,,,0,34,,3215,5,,,0,105,,3196,5,,,0,96,,3197,5,,,0,100,,3213,5,,,0,98,,3217,5,,,0,26,,3225,5,,,0,69,,3228,5,,,0
7001,'5102',1534,,4057,24,,,0
7200,'5102',743,,4059,11,,,0
7300,'5102',742,,4060,13,,,0
7301,'5102',1530,,4061,27,,,0
7401,'5103',1543,,4062,21,,,0
7401,'5104',1443,,4063,21,,,0
7701,'5102',1549,,4066,24,,,0
7900,'5102',754,,4069,19,0,6,0
7901,'5103',1518,,4070,18,0,6,0
7901,'5104',1518,,4071,18,0,6,0
