400,'5101',831,,2803,1,,,0,119,,2804,1,,,0,160,,2801,1,,,0,120,,2802,1,,,0,95,,2808,1,,,0,126,,2806,1,,,0,167,,2807,1,,,0,124,,2805,1,,,0,160,,2809,1,,,0
400,'5102',623,,2810,1,,,0,26,,2815,1,,,0,87,,2812,1,,,0,73,,2817,1,,,0,30,,2814,1,,,0,69,,2820,1,,,0,30,,2813,1,,,0,70,,2811,1,,,0,31,,2821,1,,,0,70,,2826,1,,,0,32,,2823,1,,,0,70,,2816,1,,,0,30,,2828,1,,,0,70,,2837,1,,,0,30,,2827,1,,,0,70,,2839,1,,,0,30,,2818,1,,,0,70,,2838,1,,,0,22,,2840,1,,,0,10,,2835,1,,,0,70,,2824,1,,,0,30,,2825,1,,,0,70,,2822,1,,,0,28,,2832,1,,,0,69,,2819,1,,,0,28,,2833,1,,,0,97,,2834,1,,,0,96,,2830,1,,,0,98,,2829,1,,,0,100,,2831,1,,,0,117,,2836,1,,,0
400,'5105',818,,2842,1,,,0,25,,2843,1,,,0,65,,2841,1,,,0,25,,2844,1,,,0,67,,2845,1,,,0,25,,2846,1,,,0,25,,2847,1,,,0,66,,2848,1,,,0,25,,2849,1,,,0,67,,2850,1,,,0,27,,2851,1,,,0,68,,2852,1,,,0,27,,2853,1,,,0,28,,2854,1,,,0,67,,2856,1,,,0,29,,2858,1,,,0,67,,2855,1,,,0,29,,2861,1,,,0,67,,2859,1,,,0,26,,2857,1,,,0,67,,2860,1,,,0,27,,2862,1,,,0,67,,2863,1,,,0,26,,2864,1,,,0,74,,2866,1,,,0,100,,2865,1,,,0,100,,2867,1,,,0,99,,2868,1,,,0,99,,2869,1,,,0
401,'5101',831,,2873,21,4,,0,119,,2870,21,4,,0,160,,2871,21,4,,0,120,,2872,21,4,,0,95,,2876,21,4,,0,126,,2874,21,4,,0,167,,2875,21,4,,0,124,,2877,21,4,,0,160,,2878,21,4,,0
401,'5102',623,,2879,21,4,,0,26,,2883,21,4,,0,87,,2881,21,4,,0,73,,2885,21,4,,0,30,,2882,21,4,,0,69,,2886,21,4,,0,30,,2907,21,4,,0,70,,2880,21,4,,0,31,,2889,21,4,,0,70,,2890,21,4,,0,32,,2888,21,4,,0,70,,2887,21,4,,0,30,,2896,21,4,,0,70,,2908,21,4,,0,30,,2895,21,4,,0,70,,2884,21,4,,0,30,,2905,21,4,,0,70,,2894,21,4,,0,22,,2909,21,4,,0,10,,2904,21,4,,0,70,,2901,21,4,,0,30,,2892,21,4,,0,70,,2891,21,4,,0,28,,2900,21,4,,0,69,,2893,21,4,,0,28,,2902,21,4,,0,97,,2903,21,4,,0,96,,2898,21,4,,0,98,,2897,21,4,,0,100,,2899,21,4,,0,117,,2906,21,4,,0
401,'5105',818,,2910,21,4,,0,25,,2911,21,4,,0,65,,2913,21,4,,0,25,,2912,21,4,,0,67,,2914,21,4,,0,25,,2916,21,4,,0,25,,2917,21,4,,0,66,,2918,21,4,,0,25,,2915,21,4,,0,67,,2920,21,4,,0,27,,2922,21,4,,0,68,,2919,21,4,,0,27,,2921,21,4,,0,28,,2923,21,4,,0,67,,2925,21,4,,0,29,,2927,21,4,,0,67,,2928,21,4,,0,29,,2926,21,4,,0,67,,2930,21,4,,0,26,,2931,21,4,,0,67,,2929,21,4,,0,27,,2924,21,4,,0,67,,2932,21,4,,0,26,,2934,21,4,,0,74,,2933,21,4,,0,100,,2935,21,4,,0,100,,2936,21,4,,0,99,,2937,21,4,,0,99,,2938,21,4,,0
7001,'5102',1529,,4057,19,,,0
7100,'5102',732,,4058,6,,,0
7200,'5102',739,,4059,6,,,0
7401,'5103',1538,,4062,16,,,0
7401,'5104',1438,,4063,16,,,0
7701,'5102',1544,,4066,19,,,0
7900,'5102',749,,4069,14,0,6,0
7901,'5103',1513,,4070,13,0,6,0
7901,'5104',1513,,4071,13,0,6,0
