701,'5101',735,,3230,15,,,0,195,,3232,15,,,0,170,,3234,15,,,0,100,,3237,15,,,0,100,,3239,15,,,0,100,,3241,15,,,0,100,,3240,15,,,0,100,,3244,15,,,0,100,,3243,15,,,0,100,,3246,15,,,0,130,,3247,15,,,0,204,,3251,15,,,0,197,,3254,15,,,0
701,'5102',630,,3258,15,,,0,70,,3260,15,,,0,16,,3261,15,,,0,32,,3263,15,,,0,71,,3265,15,,,0,28,,3267,15,,,0,70,,3269,15,,,0,30,,3270,15,,,0,70,,3271,15,,,0,101,,3273,15,,,0,100,,3275,15,,,0,100,,3277,15,,,0,101,,3279,15,,,0,85,,3282,15,,,0,30,,3284,15,,,0,70,,3286,15,,,0,30,,3288,15,,,0,70,,3290,15,,,0,30,,3292,15,,,0,67,,3307,15,,,0,45,,3294,15,,,0,100,,3296,15,,,0,99,,3298,15,,,0,100,,3300,15,,,0,100,,3302,15,,,0,102,,3304,15,,,0,102,,3309,15,,,0
701,'5105',624,,3349,15,,,0,101,,3336,15,,,0,130,,3313,15,,,0,170,,3327,15,,,0,30,,3326,15,,,0,148,,3325,15,,,0,130,,3331,15,,,0,98,,3344,15,,,0,85,,3333,15,,,0,85,,4145,15,,,0,53,,3323,15,,,0,175,,3318,15,,,0,110,,3337,15,,,0,276,,3316,15,,,0,228,,3347,15,,,0
901,'5101',705,,3493,7,,,0,30,,3496,7,,,0,70,,3494,7,,,0,30,,3495,7,,,0,70,,3500,7,,,0,30,,3497,7,,,0,70,,3499,7,,,0,30,,3498,7,,,0,70,,3503,7,,,0,30,,3501,7,,,0,70,,3502,7,,,0,30,,3507,7,,,0,70,,3505,7,,,0,30,,3508,7,,,0,70,,3504,7,,,0,30,,3506,7,,,0,71,,3520,7,,,0,30,,3510,7,,,0,70,,3511,7,,,0,29,,3509,7,,,0,70,,3512,7,,,0,30,,3513,7,,,0,70,,3525,7,,,0,30,,3517,7,,,0,70,,3514,7,,,0,30,,3516,7,,,0,70,,3515,7,,,0,30,,3518,7,,,0,70,,3524,7,,,0,30,,3519,7,,,0,70,,3521,7,,,0,30,,3522,7,,,0,70,,3523,7,,,0,30,,3526,7,,,0
901,'5102',605,,3527,7,,,0,30,,3528,7,,,0,71,,3529,7,,,0,15,,3530,7,,,0,15,,3531,7,,,0,15,,3532,7,,,0,55,,3533,7,,,0,15,,3534,7,,,0,7,,3535,7,,,0,10,,3536,7,,,0,13,,3537,7,,,0,55,,3538,7,,,0,15,,3539,7,,,0,15,,3540,7,,,0,15,,3541,7,,,0,55,,3542,7,,,0,15,,3543,7,,,0,15,,3544,7,,,0,15,,3545,7,,,0,56,,3546,7,,,0,15,,3547,7,,,0,15,,3548,7,,,0,15,,3549,7,,,0,55,,3550,7,,,0,15,,3551,7,,,0,14,,3552,7,,,0,16,,3553,7,,,0,55,,3554,7,,,0,15,,3555,7,,,0,15,,3556,7,,,0,15,,3557,7,,,0,54,,3558,7,,,0,16,,3559,7,,,0,14,,3560,7,,,0,15,,3561,7,,,0,56,,3562,7,,,0,7,,3563,7,,,0,8,,3564,7,,,0,15,,3565,7,,,0,14,,3566,7,,,0,55,,3567,7,,,0,16,,3568,7,,,0,15,,3569,7,,,0,15,,3570,7,,,0,55,,3571,7,,,0,14,,3572,7,,,0,15,,3573,7,,,0,15,,3574,7,,,0,55,,3575,7,,,0,15,,3576,7,,,0,15,,3577,7,,,0,15,,3578,7,,,0,54,,3579,7,,,0,15,,3580,7,,,0,16,,3581,7,,,0,14,,3582,7,,,0,55,,3583,7,,,0,20,,3584,7,,,0,20,,3585,7,,,0,74,,3586,7,,,0,30,,3587,7,,,0,66,,3588,7,,,0,33,,3589,7,,,0,67,,3590,7,,,0,33,,3591,7,,,0,67,,3592,7,,,0,30,,3593,7,,,0
901,'5105',605,,3632,7,,,0,30,,3633,7,,,0,70,,3620,7,,,0,30,,3616,7,,,0,70,,3594,7,,,0,30,,3598,7,,,0,71,,3596,7,,,0,30,,3595,7,,,0,70,,3597,7,,,0,30,,3599,7,,,0,15,,3626,7,,,0,55,,3600,7,,,0,15,,3624,7,,,0,15,,3602,7,,,0,70,,3603,7,,,0,30,,3604,7,,,0,70,,3601,7,,,0,30,,3605,7,,,0,70,,3606,7,,,0,15,,3631,7,,,0,15,,3608,7,,,0,15,,3628,7,,,0,55,,3610,7,,,0,15,,3630,7,,,0,15,,3612,7,,,0,15,,3625,7,,,0,55,,3613,7,,,0,15,,3627,7,,,0,15,,3609,7,,,0,15,,3629,7,,,0,55,,3607,7,,,0,30,,3611,7,,,0,75,,3614,7,,,0,40,,3622,7,,,0,70,,3617,7,,,0,100,,3618,7,,,0,100,,3619,7,,,0,100,,3615,7,,,0,105,,3621,7,,,0,104,,3623,7,,,0,105,,3634,7,,,0
1600,'5102',708,,3823,30,,,0
7001,'5102',1514,,4057,5,,,0
7301,'5102',1514,,4061,5,,,0
7701,'5102',1530,,4174,5,,,0
