1600,'5101',915,,3806,30,4,,0,100,,3809,30,4,,0,100,,3807,30,4,,0,101,,3808,30,4,,0,102,,3810,30,4,,0,100,,3813,30,4,,0,99,,3816,30,4,,0,100,,3814,30,4,,0,105,,3811,30,4,,0,99,,3812,30,4,,0,97,,3815,30,4,,0,100,,3817,30,4,,0
1600,'5102',747,,3832,30,4,,0,72,,3824,30,4,,0,97,,3819,30,4,,0,100,,3820,30,4,,0,100,,3821,30,4,,0,100,,3827,30,4,,0,100,,3822,30,4,,0,103,,3818,30,4,,0,105,,3825,30,4,,0,108,,3826,30,4,,0,100,,3829,30,4,,0,93,,3831,30,4,,0,98,,3830,30,4,,0,99,,3828,30,4,,0
1600,'5105',855,,3837,30,4,,0,157,,3835,30,4,,0,95,,3834,30,4,,0,111,,3838,30,4,,0,95,,3839,30,4,,0,101,,3833,30,4,,0,100,,3841,30,4,,0,100,,3836,30,4,,0,105,,3840,30,4,,0,95,,3842,30,4,,0,97,,3843,30,4,,0,100,,3844,30,4,,0
1601,'5101',835,,3845,1,,,0,100,,3848,1,,,0,100,,3846,1,,,0,100,,3847,1,,,0,100,,3849,1,,,0,100,,3851,1,,,0,100,,3856,1,,,0,100,,3853,1,,,0,105,,3850,1,,,0,100,,3852,1,,,0,100,,3854,1,,,0,100,,3855,1,,,0
1601,'5102',730,,3862,1,,,0,100,,3858,1,,,0,100,,3859,1,,,0,100,,3857,1,,,0,100,,3866,1,,,0,100,,3860,1,,,0,100,,3861,1,,,0,100,,3864,1,,,0,110,,3865,1,,,0,100,,3868,1,,,0,100,,3870,1,,,0,100,,3869,1,,,0,100,,3867,1,,,0
1601,'5105',816,,3873,1,,,0,114,,3872,1,,,0,95,,3874,1,,,0,110,,3876,1,,,0,95,,3877,1,,,0,100,,3875,1,,,0,100,,3879,1,,,0,100,,3880,1,,,0,105,,3878,1,,,0,95,,3881,1,,,0,100,,3882,1,,,0,100,,3883,1,,,0
1700,'5101',926,,3884,56,4,,0,100,,3885,56,4,,0,102,,3886,37,4,,0,96,,3887,55,4,,0,200,,3889,37,4,,0,208,,3888,25,4,,0,102,,3890,37,4,,0,112,,3891,37,4,,0,85,,3892,25,4,,0,170,,3893,25,4,,0
1700,'5102',711,,3896,56,4,,0,29,,3904,56,4,,0,104,,3903,56,4,,0,84,,3908,56,4,,0,99,,3895,56,4,,0,100,,3899,56,4,,0,100,,3894,56,4,,0,99,,3897,37,4,,0,101,,3900,37,4,,0,115,,3902,37,4,,0,93,,3905,37,4,,0,107,,3910,37,4,,0,95,,3906,37,4,,0,113,,3909,56,4,,0,87,,3907,25,4,,0,98,,3901,25,4,,0,115,,3898,25,4,,0,154,,3911,25,4,,0
1700,'5105',819,,3912,56,4,,0,103,,3913,56,4,,0,90,,3914,56,4,,0,133,,3915,56,4,,0,169,,3916,37,4,,0,103,,3917,37,4,,0,130,,3918,37,4,,0,171,,3919,37,4,,0,104,,3920,37,4,,0,85,,3921,25,4,,0,105,,3922,25,4,,0,105,,3923,25,4,,0,110,,3924,25,4,,0,119,,3925,25,4,,0
1701,'5101',810,,3926,1,0,11 12,0,100,,3927,1,0,11 12,0,115,,3928,1,0,11 12,0,95,,3929,1,0,13 14,0,200,,3931,1,0,11 12,0,210,,3930,1,0,13 14,0,100,,3933,1,0,11 12,0,100,,3932,1,0,15 1 16,0,100,,3934,1,0,13 14,0,170,,3935,1,0,13 14,0
1701,'5102',715,,3944,1,0,11 12,0,85,,3949,1,0,11 12,0,100,,3937,1,0,11 12,0,100,,3940,1,0,11 12,0,100,,3936,1,0,11 12,0,100,,3938,1,0,15 1 16,0,100,,3941,1,0,15 1 16,0,110,,3943,1,0,15 1 16,0,90,,3946,1,0,15 1 16,0,110,,3951,1,0,15 1 16,0,100,,3947,1,0,15 1 16,0,105,,3950,1,0,15 1 16,0,120,,3948,1,0,13 14,0,100,,3942,1,0,13 14,0,115,,3939,1,0,13 14,0,155,,3952,1,0,13 14,0
1701,'5105',710,,3957,1,0,11 12,0,100,,3954,1,0,11 12,0,90,,3953,1,0,11 12,0,130,,3955,1,0,11 12,0,170,,3958,1,0,15 1 16,0,100,,3959,1,0,15 1 16,0,130,,3956,1,0,15 1 16,0,170,,3960,1,0,15 1 16,0,105,,3961,1,0,15 1 16,0,100,,3963,1,0,13 14,0,105,,3964,1,0,13 14,0,105,,3965,1,0,13 14,0,110,,3962,1,0,13 14,0,120,,3966,1,0,13 14,0
