300,'5101',757,,2626,1,,,0,93,,2628,1,,,0,100,,2627,1,,,0,101,,2633,1,,,0,103,,2629,1,,,0,100,,2635,1,,,0,100,,2630,1,,,0,100,,2631,1,,,0,100,,2636,1,,,0,100,,2632,1,,,0,98,,2638,1,,,0,98,,2634,1,,,0,106,,2637,1,,,0,99,,2639,1,,,0,100,,2640,1,0,17 18 19,0
300,'5102',621,,2672,1,,,0,22,,2659,1,,,0,60,,2652,1,,,0,9,,2653,1,,,0,15,,2647,1,,,0,18,,2675,1,,,0,58,,2661,1,,,0,16,,2664,1,,,0,19,,2665,1,,,0,19,,2657,1,,,0,70,,2658,1,,,0,30,,2660,1,,,0,71,,2682,1,,,0,30,,2667,1,,,0,70,,2655,1,,,0,31,,2669,1,,,0,70,,2681,1,,,0,30,,2643,1,,,0,71,,2666,1,,,0,70,,2644,1,,,0,33,,2676,1,,,0,15,,2654,1,,,0,55,,2662,1,,,0,10,,2683,1,,,0,5,,2685,1,,,0,15,,2646,1,,,0,13,,2645,1,,,0,55,,2673,1,,,0,15,,2649,1,,,0,15,,2651,1,,,0,15,,2680,1,,,0,55,,2663,1,,,0,14,,2642,1,,,0,14,,2648,1,,,0,15,,2671,1,,,0,15,,2650,1,,,0,69,,2679,1,,,0,29,,2670,1,,,0,70,,2684,1,,,0,30,,2668,1,,,0,99,,2678,1,,,0,99,,2674,1,,,0,100,,2677,1,,,0,96,,2641,1,0,17 18 19,0
300,'5105',712,,2687,1,,,0,30,,4083,1,,,0,76,,2688,1,,,0,36,,2691,1,,,0,70,,2692,1,,,0,31,,2690,1,,,0,70,,2689,1,,,0,30,,4084,1,,,0,70,,2694,1,,,0,30,,2696,1,,,0,71,,2695,1,,,0,30,,2699,1,,,0,70,,2700,1,,,0,30,,4085,1,,,0,70,,2702,1,,,0,31,,2703,1,,,0,70,,2701,1,,,0,30,,2705,1,,,0,70,,2697,1,,,0,30,,2706,1,,,0,70,,2704,1,,,0,30,,2708,1,,,0,75,,2709,1,,,0,24,,2710,1,,,0,85,,4086,1,,,0,105,,2713,1,,,0,105,,2714,1,,,0,103,,2707,1,,,0,99,,2712,1,,,0
301,'5101',850,,2715,38,4,,0,100,,2716,38,4,,0,101,,2721,38,4,,0,103,,2717,38,4,,0,100,,2722,38,4,,0,100,,2718,38,4,,0,100,,2719,38,4,,0,100,,2724,38,4,,0,100,,2720,38,4,,0,98,,2726,38,4,,0,98,,2723,38,4,,0,106,,2725,38,4,,0,99,,2727,38,4,,0,100,,2728,38,4,,0
301,'5102',621,,2752,12,4,,0,22,,2747,12,4,,0,60,,2744,38,4,,0,9,,2743,38,4,,0,15,,2732,12,4,,0,18,,2736,38,4,,0,58,,2745,38,4,,0,16,,2755,38,4,,0,19,,2739,38,4,,0,19,,2746,38,4,,0,70,,2754,38,4,,0,30,,2751,38,4,,0,71,,2769,38,4,,0,30,,2733,38,4,,0,70,,2730,38,4,,0,31,,2756,38,4,,0,70,,2740,38,4,,0,30,,2768,38,4,,0,71,,2762,38,4,,0,70,,2761,38,4,,0,33,,2767,38,4,,0,15,,2760,38,4,,0,55,,2765,38,4,,0,10,,2770,38,4,,0,20,,2763,38,4,,0,13,,2758,38,4,,0,55,,2738,38,4,,0,15,,2737,38,4,,0,15,,2734,38,4,,0,15,,2766,38,4,,0,55,,2735,38,4,,0,14,,2749,38,4,,0,14,,2748,38,4,,0,15,,2741,38,4,,0,15,,2742,38,4,,0,69,,2764,38,4,,0,29,,2753,38,4,,0,70,,2771,38,4,,0,30,,2731,38,4,,0,99,,2759,38,4,,0,99,,2750,38,4,,0,100,,2757,38,4,,0,96,,2729,38,4,,0
301,'5105',712,,2774,12,4,,0,30,,4087,12,4,,0,76,,2775,12,4,,0,36,,2773,38,4,,0,70,,2777,38,4,,0,31,,2782,38,4,,0,70,,2779,38,4,,0,30,,4088,38,4,,0,70,,2781,38,4,,0,30,,2780,38,4,,0,71,,2776,38,4,,0,30,,2783,38,4,,0,70,,2785,38,4,,0,30,,4089,38,4,,0,70,,2787,38,4,,0,31,,2784,38,4,,0,70,,2788,38,4,,0,30,,2790,38,4,,0,70,,2791,38,4,,0,30,,2793,38,4,,0,70,,2789,38,4,,0,30,,2795,38,4,,0,75,,2792,38,4,,0,24,,2796,38,4,,0,85,,4090,38,4,,0,105,,2797,38,4,,0,105,,2798,38,4,,0,103,,2799,38,4,,0,99,,2800,38,4,,0
1400,'5102',814,,3749,34,0,7 8 2 9 2 10,0,690,,3751,34,4,,0
8100,'5102',809,,4074,44,,,0
8101,'5103',1518,,4075,6,,,0
8101,'5104',1407,,4076,6,,,0
