300,'5101',811,,2626,24,,,0,93,,2628,24,,,0,100,,2627,24,,,0,101,,2633,24,,,0,103,,2629,24,,,0,100,,2635,24,,,0,100,,2630,24,,,0,100,,2631,24,,,0,100,,2636,24,,,0,100,,2632,24,,,0,97,,2638,24,,,0,98,,2634,24,,,0,106,,2637,24,,,0,99,,2639,24,,,0,100,,2640,24,0,17 18 19,0
300,'5102',635,,2672,24,,,0,22,,2659,24,,,0,60,,2652,24,,,0,9,,2653,24,,,0,16,,2647,24,,,0,59,,2675,24,,,0,18,,2661,24,,,0,15,,2664,24,,,0,19,,2665,24,,,0,59,,2657,24,,,0,31,,2658,24,,,0,70,,2660,24,,,0,31,,2682,24,,,0,70,,2667,24,,,0,30,,2655,24,,,0,71,,2669,24,,,0,30,,2681,24,,,0,70,,2643,24,,,0,31,,2666,24,,,0,71,,2644,24,,,0,33,,2676,24,,,0,55,,2654,24,,,0,15,,2662,24,,,0,10,,2683,24,,,0,4,,2685,24,,,0,15,,2646,24,,,0,52,,2645,24,,,0,15,,2673,24,,,0,15,,2649,24,,,0,15,,2651,24,,,0,55,,2680,24,,,0,14,,2663,24,,,0,14,,2642,24,,,0,14,,2648,24,,,0,15,,2671,24,,,0,55,,2650,24,,,0,28,,2679,24,,,0,69,,2670,24,,,0,30,,2684,24,,,0,70,,2668,24,,,0,99,,2678,24,,,0,99,,2674,24,,,0,100,,2677,24,,,0,95,,2641,24,0,17 18 19,0
300,'5105',725,,2687,24,,,0,30,,4083,24,,,0,77,,2688,24,,,0,76,,2691,24,,,0,30,,2692,24,,,0,71,,2690,24,,,0,30,,2689,24,,,0,70,,4084,24,,,0,30,,2694,24,,,0,70,,2696,24,,,0,31,,2695,24,,,0,70,,2699,24,,,0,30,,2700,24,,,0,70,,4085,24,,,0,30,,2702,24,,,0,71,,2703,24,,,0,30,,2701,24,,,0,70,,2705,24,,,0,30,,2697,24,,,0,69,,2706,24,,,0,30,,2704,24,,,0,70,,2708,24,,,0,35,,2709,24,,,0,64,,2710,24,,,0,45,,4086,24,,,0,105,,2713,24,,,0,145,,2714,24,,,0,103,,2707,24,,,0,98,,2712,24,,,0
1300,'5101',845,,3690,18,,,0,363,,3691,18,,,0,325,,3689,18,,,0,271,,3692,18,,,0
1300,'5102',719,,3693,18,,,0,135,,3695,18,,,0,148,,3697,18,,,0,100,,3696,18,,,0,100,,3698,18,,,0,213,,3694,18,,,0,108,,3699,18,,,0,108,,3700,18,,,0,108,,3701,18,,,0,105,,3702,18,,,0,105,,3703,18,,,0
1300,'5105',756,,3705,18,,,0,102,,3706,18,,,0,145,,3704,18,,,0,100,,3707,18,,,0,102,,3708,18,,,0,197,,3711,18,,,0,146,,3712,18,,,0,100,,3709,18,,,0,99,,3713,18,,,0,100,,3714,18,,,0,99,,3710,18,,,0,99,,3715,18,,,0
1400,'5101',912,,3741,14,,,0,200,,3740,14,,,0,130,,3745,14,,,0,95,,3742,14,,,0,100,,3743,14,,,0,170,,3744,14,,,0,225,,3746,14,,,0
1400,'5102',620,,3755,14,,,0,31,,3754,14,,,0,89,,3747,14,,,0,87,,3749,57,0,7 8 2 9 2 10,0,22,,3752,14,,,0,91,,3750,14,,,0,114,,3748,14,,,0,185,,3756,14,,,0,372,,3757,14,,,0,39,,3758,14,,,0,75,,3759,14,,,0,79,,3760,14,,,0,105,,3753,14,,,0,114,,3761,14,,,0,30,,3762,14,,,0
1400,'5105',807,,3763,14,,,0,135,,4160,14,,,0,96,,3772,14,,,0,101,,3769,14,,,0,100,,3765,14,,,0,100,,3771,14,,,0,105,,3767,14,,,0,213,,3768,14,,,0,245,,3764,14,,,0,100,,3770,14,,,0
8100,'5102',820,,4074,67,,,0
8101,'5103',1548,,4075,50,,,0
8101,'5104',1437,,4076,50,,,0
