601,'5014',719,,5605,27,,,0,103,,5606,27,,,0,102,,5607,27,,,0,95,,5609,27,,,0,25,,5608,27,,,0,75,,5610,27,,,0,120,,5611,27,,,0,80,,5612,27,,,0,100,,5613,27,,,0,102,,5614,27,,,0,79,,5615,27,,,0,41,,5616,27,,,0,16,,5617,27,,,0,75,,5620,27,,,0,27,,5618,27,,,0,68,,5619,27,,,0,100,,5621,27,,,0,273,,5622,25,,,0
601,'5272',820,,5623,25,,,0,120,,5624,25,,,0,95,,5627,25,,,0,112,,5626,27,,,0,100,,5625,27,,,0,100,,5630,27,,,0,100,,5628,27,,,0,100,,5629,27,,,0,105,,5631,27,,,0,93,,5632,25,,,0,105,,5634,25,,,0,100,,5633,25,,,0
601,'5282',817,,5636,27,,,0,105,,5637,27,,,0,96,,5639,27,,,0,100,,5640,27,,,0,100,,5635,27,,,0,100,,5638,27,,,0,99,,5641,27,,,0,100,,5642,27,,,0,30,,5644,27,,,0,70,,5646,27,,,0,30,,5650,27,,,0,70,,5647,27,,,0,30,,5649,27,,,0,70,,5645,27,,,0,185,,5643,27,,,0,122,,5648,25,,,0
701,'5014',608,,5774,5,,,0,15,,5775,5,,,0,15,,5776,5,,,0,15,,5777,5,,,0,55,,5778,5,,,0,15,,5779,5,,,0,16,,5780,5,,,0,15,,5781,5,,,0,55,,5782,5,,,0,15,,5783,5,,,0,15,,5784,5,,,0,13,,5785,5,,,0,57,,5786,5,,,0,14,,5822,5,,,0,16,,5787,5,,,0,14,,5827,5,,,0,56,,5788,5,,,0,30,,5789,5,,,0,70,,5790,5,,,0,30,,5791,5,,,0,70,,5792,5,,,0,30,,5793,5,,,0,70,,5794,5,,,0,30,,5795,5,,,0,70,,5796,5,,,0,15,,5797,5,,,0,15,,5798,5,,,0,15,,5799,5,,,0,55,,5800,5,,,0,15,,5801,5,,,0,15,,5802,5,,,0,15,,5803,5,,,0,55,,5804,5,,,0,15,,5805,5,,,0,15,,5806,5,,,0,15,,5807,5,,,0,55,,5808,5,,,0,16,,5809,5,,,0,13,,5823,5,,,0,15,,5824,5,,,0,55,,5810,5,,,0,30,,5811,5,,,0,70,,5812,5,,,0,30,,5813,5,,,0,70,,5814,5,,,0,30,,5815,5,,,0,70,,5816,5,,,0,30,,5817,5,,,0,70,,5818,5,,,0,30,,5819,5,,,0,70,,5820,5,,,0,33,,5821,5,,,0,72,,5825,5,,,0,30,,5826,5,,,0
701,'5272',703,,5828,5,,,0,25,,5829,5,,,0,100,,5830,5,,,0,95,,5831,5,,,0,35,,5834,5,,,0,70,,5832,5,,,0,25,,5833,5,,,0,75,,5841,5,,,0,25,,5836,5,,,0,70,,5835,5,,,0,30,,5838,5,,,0,70,,5848,5,,,0,30,,5840,5,,,0,70,,5844,5,,,0,30,,5839,5,,,0,70,,5837,5,,,0,30,,5843,5,,,0,70,,5847,5,,,0,30,,5842,5,,,0,70,,5849,5,,,0,30,,5845,5,,,0,70,,5851,5,,,0,100,,5846,5,,,0,100,,5854,5,,,0,104,,5850,5,,,0,96,,5852,5,,,0,102,,5853,5,,,0
701,'5282',617,,5893,5,,,0,31,,5892,5,,,0,70,,5880,5,,,0,30,,5855,5,,,0,70,,5856,5,,,0,30,,5857,5,,,0,70,,5858,5,,,0,30,,5866,5,,,0,70,,5871,5,,,0,15,,5884,5,,,0,15,,5870,5,,,0,56,,5885,5,,,0,22,,5873,5,,,0,30,,5869,5,,,0,70,,5872,5,,,0,30,,5865,5,,,0,70,,5875,5,,,0,30,,5868,5,,,0,68,,5888,5,,,0,15,,5876,5,,,0,15,,5889,5,,,0,55,,5877,5,,,0,15,,5887,5,,,0,15,,5864,5,,,0,15,,5890,5,,,0,55,,5874,5,,,0,15,,5886,5,,,0,23,,5867,5,,,0,70,,5878,5,,,0,30,,5859,5,,,0,75,,5862,5,,,0,35,,5863,5,,,0,75,,5881,5,,,0,75,,5882,5,,,0,105,,5861,5,,,0,96,,5860,5,,,0,104,,5879,5,,,0,100,,5883,5,,,0,25,,5891,5,,,0,70,,5894,5,,,0
901,'5014',603,,6035,5,,,0,30,,6036,5,,,0,70,,6037,5,,,0,15,,6038,5,,,0,15,,6039,5,,,0,15,,6040,5,,,0,55,,6041,5,,,0,15,,6042,5,,,0,17,,6043,5,,,0,13,,6044,5,,,0,55,,6045,5,,,0,15,,6046,5,,,0,15,,6047,5,,,0,15,,6048,5,,,0,55,,6049,5,,,0,15,,6050,5,,,0,15,,6051,5,,,0,15,,6052,5,,,0,56,,6053,5,,,0,15,,6054,5,,,0,15,,6055,5,,,0,15,,6056,5,,,0,55,,6057,5,,,0,15,,6058,5,,,0,14,,6059,5,,,0,16,,6060,5,,,0,55,,6061,5,,,0,15,,6062,5,,,0,15,,6063,5,,,0,15,,6064,5,,,0,54,,6065,5,,,0,16,,6066,5,,,0,14,,6067,5,,,0,15,,6068,5,,,0,56,,6069,5,,,0,15,,6070,5,,,0,15,,6071,5,,,0,14,,6072,5,,,0,55,,6073,5,,,0,16,,6074,5,,,0,15,,6075,5,,,0,15,,6076,5,,,0,55,,6077,5,,,0,14,,6078,5,,,0,15,,6079,5,,,0,15,,6080,5,,,0,55,,6081,5,,,0,15,,6082,5,,,0,15,,6083,5,,,0,15,,6084,5,,,0,54,,6085,5,,,0,15,,6086,5,,,0,16,,6087,5,,,0,15,,6088,5,,,0,55,,6089,5,,,0,20,,6090,5,,,0,20,,6091,5,,,0,74,,6092,5,,,0,30,,6093,5,,,0,66,,6094,5,,,0,33,,6095,5,,,0,67,,6096,5,,,0,33,,6097,5,,,0,67,,6098,5,,,0,30,,6099,5,,,0
901,'5272',703,,6100,5,,,0,30,,6103,5,,,0,70,,6101,5,,,0,30,,6102,5,,,0,70,,6107,5,,,0,30,,6104,5,,,0,70,,6106,5,,,0,30,,6105,5,,,0,70,,6110,5,,,0,30,,6108,5,,,0,70,,6109,5,,,0,30,,6114,5,,,0,70,,6112,5,,,0,30,,6115,5,,,0,70,,6111,5,,,0,30,,6113,5,,,0,70,,6127,5,,,0,30,,6117,5,,,0,70,,6118,5,,,0,30,,6116,5,,,0,70,,6119,5,,,0,30,,6120,5,,,0,70,,6132,5,,,0,30,,6124,5,,,0,70,,6121,5,,,0,30,,6123,5,,,0,70,,6122,5,,,0,30,,6125,5,,,0,70,,6131,5,,,0,30,,6126,5,,,0,70,,6128,5,,,0,30,,6129,5,,,0,70,,6130,5,,,0,30,,6133,5,,,0
901,'5282',603,,6172,5,,,0,30,,6173,5,,,0,70,,6160,5,,,0,30,,6156,5,,,0,70,,6134,5,,,0,30,,6138,5,,,0,70,,6136,5,,,0,30,,6135,5,,,0,70,,6137,5,,,0,30,,6139,5,,,0,15,,6166,5,,,0,55,,6140,5,,,0,15,,6164,5,,,0,15,,6142,5,,,0,70,,6143,5,,,0,30,,6144,5,,,0,70,,6141,5,,,0,30,,6145,5,,,0,70,,6146,5,,,0,15,,6171,5,,,0,15,,6148,5,,,0,15,,6168,5,,,0,55,,6150,5,,,0,15,,6170,5,,,0,15,,6152,5,,,0,15,,6165,5,,,0,55,,6153,5,,,0,15,,6167,5,,,0,15,,6149,5,,,0,15,,6169,5,,,0,55,,6147,5,,,0,30,,6151,5,,,0,75,,6154,5,,,0,40,,6162,5,,,0,70,,6157,5,,,0,100,,6158,5,,,0,100,,6159,5,,,0,100,,6155,5,,,0,105,,6161,5,,,0,105,,6163,5,,,0,105,,6174,5,,,0
1600,'5014',705,,6335,28,,,0
