700,'5101',726,,3107,1,,,0,27,,3108,1,,,0,100,,3109,1,,,0,97,,3110,1,,,0,73,,3112,1,,,0,30,,3111,1,,,0,67,,3114,1,,,0,33,,3120,1,,,0,67,,3115,1,,,0,29,,3113,1,,,0,72,,3116,1,,,0,28,,3127,1,,,0,72,,3118,1,,,0,29,,3122,1,,,0,71,,3117,1,,,0,29,,3119,1,,,0,71,,3121,1,,,0,27,,3125,1,,,0,72,,3123,1,,,0,27,,3128,1,,,0,71,,3124,1,,,0,29,,3130,1,,,0,101,,3126,1,,,0,99,,3132,1,,,0,104,,3129,1,,,0,95,,3131,1,,,0,101,,3133,1,,,0
700,'5102',613,,3134,1,,,0,18,,3135,1,,,0,17,,3136,1,,,0,54,,3137,1,,,0,16,,3138,1,,,0,16,,3139,1,,,0,17,,3140,1,,,0,60,,3141,1,,,0,11,,3142,1,,,0,19,,3143,1,,,0,11,,3144,1,,,0,56,,3145,1,,,0,12,,3146,1,,,0,18,,3147,1,,,0,13,,3163,1,,,0,57,,3148,1,,,0,13,,3188,1,,,0,17,,3149,1,,,0,69,,3150,1,,,0,34,,3151,1,,,0,67,,3152,1,,,0,32,,3153,1,,,0,68,,3154,1,,,0,32,,3155,1,,,0,69,,3156,1,,,0,34,,3157,1,,,0,11,,3158,1,,,0,55,,3159,1,,,0,18,,3160,1,,,0,13,,3161,1,,,0,17,,3162,1,,,0,52,,3164,1,,,0,18,,3167,1,,,0,12,,3179,1,,,0,18,,3168,1,,,0,52,,3165,1,,,0,18,,3169,1,,,0,11,,3180,1,,,0,18,,3170,1,,,0,50,,3166,1,,,0,16,,3171,1,,,0,13,,3182,1,,,0,72,,3172,1,,,0,27,,3181,1,,,0,73,,3173,1,,,0,27,,3184,1,,,0,71,,3174,1,,,0,29,,3183,1,,,0,70,,3175,1,,,0,28,,3185,1,,,0,70,,3176,1,,,0,28,,3186,1,,,0,73,,3177,1,,,0,31,,3187,1,,,0,70,,3178,1,,,0
700,'5105',641,,3227,1,,,0,70,,3226,1,,,0,31,,3214,1,,,0,70,,3189,1,,,0,31,,3190,1,,,0,71,,3192,1,,,0,29,,3191,1,,,0,71,,3198,1,,,0,31,,3203,1,,,0,14,,3218,1,,,0,56,,3204,1,,,0,15,,3219,1,,,0,22,,3206,1,,,0,73,,3201,1,,,0,28,,3207,1,,,0,70,,3200,1,,,0,32,,3208,1,,,0,68,,3202,1,,,0,30,,3222,1,,,0,53,,3209,1,,,0,14,,3220,1,,,0,16,,3210,1,,,0,14,,3224,1,,,0,55,,3199,1,,,0,16,,3223,1,,,0,14,,3211,1,,,0,15,,3221,1,,,0,64,,3205,1,,,0,29,,3212,1,,,0,70,,3193,1,,,0,36,,3194,1,,,0,73,,3195,1,,,0,36,,3216,1,,,0,74,,3215,1,,,0,105,,3196,1,,,0,96,,3197,1,,,0,101,,3213,1,,,0,98,,3217,1,,,0,26,,3225,1,,,0,69,,3228,1,,,0
701,'5101',726,,3229,33,4,,0,27,,3230,36,4,,0,100,,3231,33,4,,0,97,,3232,36,4,,0,73,,3235,33,4,,0,30,,3233,33,4,,0,67,,3234,36,4,,0,33,,3242,33,4,,0,67,,3237,36,4,,0,29,,3236,33,4,,0,72,,3239,36,4,,0,28,,3249,33,4,,0,72,,3241,36,4,,0,29,,3245,33,4,,0,71,,3240,36,4,,0,29,,3238,33,4,,0,71,,3244,36,4,,0,27,,3248,33,4,,0,72,,3243,36,4,,0,27,,3250,33,4,,0,71,,3246,36,4,,0,29,,3252,33,4,,0,101,,3247,36,4,,0,99,,3255,33,4,,0,104,,3251,36,4,,0,95,,3253,33,4,,0,101,,3254,36,4,,0
701,'5102',613,,3256,16,4,,0,18,,3257,33,4,,0,17,,3258,36,4,,0,54,,3259,33,4,,0,16,,3260,36,4,,0,16,,3261,36,4,,0,17,,3262,33,4,,0,60,,3263,36,4,,0,11,,3264,33,4,,0,19,,3265,36,4,,0,11,,3266,33,4,,0,56,,3267,36,4,,0,12,,3268,33,4,,0,18,,3269,36,4,,0,13,,3305,33,4,,0,57,,3270,36,4,,0,13,,3310,33,4,,0,17,,3271,36,4,,0,69,,3272,33,4,,0,34,,3273,36,4,,0,67,,3274,33,4,,0,32,,3275,36,4,,0,68,,3276,33,4,,0,32,,3277,36,4,,0,69,,3278,33,4,,0,34,,3279,36,4,,0,11,,3280,33,4,,0,55,,3281,33,4,,0,18,,3282,36,4,,0,13,,3283,33,4,,0,17,,3284,36,4,,0,52,,3285,33,4,,0,18,,3286,36,4,,0,12,,3287,33,4,,0,18,,3288,36,4,,0,52,,3289,33,4,,0,18,,3290,36,4,,0,11,,3291,33,4,,0,18,,3292,36,4,,0,50,,3306,33,4,,0,16,,3307,36,4,,0,13,,3293,33,4,,0,72,,3294,36,4,,0,27,,3295,33,4,,0,73,,3296,36,4,,0,27,,3297,33,4,,0,71,,3298,36,4,,0,29,,3299,33,4,,0,70,,3300,36,4,,0,28,,3301,33,4,,0,70,,3302,36,4,,0,28,,3303,33,4,,0,73,,3304,36,4,,0,31,,3308,33,4,,0,70,,3309,36,4,,0
701,'5105',641,,3349,36,4,,0,70,,3348,33,4,,0,31,,3336,36,4,,0,70,,3312,33,4,,0,31,,3311,33,4,,0,71,,3313,36,4,,0,29,,3314,33,4,,0,71,,3322,33,4,,0,31,,3327,36,4,,0,14,,3340,33,4,,0,56,,3326,36,4,,0,15,,3341,33,4,,0,22,,3329,33,4,,0,73,,3325,36,4,,0,28,,3328,33,4,,0,70,,3321,33,4,,0,32,,3331,36,4,,0,68,,3324,33,4,,0,30,,3344,36,4,,0,53,,3332,33,4,,0,14,,3345,33,4,,0,16,,3333,36,4,,0,14,,3343,33,4,,0,55,,3320,33,4,,0,16,,3346,36,4,,0,14,,3330,33,4,,0,15,,3342,33,4,,0,64,,3323,36,4,,0,29,,3334,33,4,,0,70,,3315,33,4,,0,36,,3318,36,4,,0,73,,3319,33,4,,0,36,,3337,36,4,,0,74,,3338,33,4,,0,105,,3317,33,4,,0,96,,3316,36,4,,0,101,,3335,33,4,,0,98,,3339,33,4,,0,26,,3347,36,4,,0,69,,3350,33,4,,0
7300,'5102',740,,4060,9,,,0
7301,'5102',1528,,4061,23,,,0
7900,'5102',745,,4069,9,0,6,0
7901,'5103',1509,,4070,9,0,6,0
7901,'5104',1509,,4071,9,0,6,0
