700,'5101',728,,3107,6,,,0,27,,3108,6,,,0,100,,3109,6,,,0,97,,3110,6,,,0,73,,3112,6,,,0,30,,3111,6,,,0,67,,3114,6,,,0,33,,3120,6,,,0,67,,3115,6,,,0,29,,3113,6,,,0,72,,3116,6,,,0,28,,3127,6,,,0,72,,3118,6,,,0,29,,3122,6,,,0,71,,3117,6,,,0,29,,3119,6,,,0,71,,3121,6,,,0,27,,3125,6,,,0,72,,3123,6,,,0,27,,3128,6,,,0,71,,3124,6,,,0,29,,3130,6,,,0,101,,3126,6,,,0,99,,3132,6,,,0,104,,3129,6,,,0,95,,3131,6,,,0,101,,3133,6,,,0
700,'5102',615,,3134,6,,,0,18,,3135,6,,,0,17,,3136,6,,,0,54,,3137,6,,,0,16,,3138,6,,,0,16,,3139,6,,,0,17,,3140,6,,,0,60,,3141,6,,,0,11,,3142,6,,,0,19,,3143,6,,,0,11,,3144,6,,,0,56,,3145,6,,,0,12,,3146,6,,,0,18,,3147,6,,,0,13,,3163,6,,,0,57,,3148,6,,,0,13,,3188,6,,,0,17,,3149,6,,,0,69,,3150,6,,,0,34,,3151,6,,,0,67,,3152,6,,,0,32,,3153,6,,,0,68,,3154,6,,,0,32,,3155,6,,,0,69,,3156,6,,,0,34,,3157,6,,,0,11,,3158,6,,,0,55,,3159,6,,,0,18,,3160,6,,,0,13,,3161,6,,,0,17,,3162,6,,,0,52,,3164,6,,,0,18,,3167,6,,,0,12,,3179,6,,,0,18,,3168,6,,,0,52,,3165,6,,,0,18,,3169,6,,,0,11,,3180,6,,,0,18,,3170,6,,,0,50,,3166,6,,,0,16,,3171,6,,,0,13,,3182,6,,,0,72,,3172,6,,,0,27,,3181,6,,,0,73,,3173,6,,,0,27,,3184,6,,,0,71,,3174,6,,,0,29,,3183,6,,,0,70,,3175,6,,,0,28,,3185,6,,,0,70,,3176,6,,,0,28,,3186,6,,,0,73,,3177,6,,,0,31,,3187,6,,,0,70,,3178,6,,,0
700,'5105',643,,3227,6,,,0,70,,3226,6,,,0,31,,3214,6,,,0,70,,3189,6,,,0,31,,3190,6,,,0,71,,3192,6,,,0,29,,3191,6,,,0,71,,3198,6,,,0,31,,3203,6,,,0,54,,3218,6,,,0,16,,3204,6,,,0,15,,3219,6,,,0,22,,3206,6,,,0,73,,3201,6,,,0,28,,3207,6,,,0,70,,3200,6,,,0,32,,3208,6,,,0,68,,3202,6,,,0,30,,3222,6,,,0,53,,4142,6,,,0,14,,3220,6,,,0,16,,3210,6,,,0,14,,3224,6,,,0,55,,3199,6,,,0,16,,4143,6,,,0,14,,3211,6,,,0,15,,3221,6,,,0,64,,3205,6,,,0,29,,3212,6,,,0,70,,3193,6,,,0,36,,3194,6,,,0,73,,3195,6,,,0,76,,3216,6,,,0,34,,3215,6,,,0,105,,3196,6,,,0,96,,3197,6,,,0,101,,3213,6,,,0,98,,3217,6,,,0,66,,3225,6,,,0,29,,3228,6,,,0
7001,'5102',1534,,4057,25,,,0
7200,'5102',743,,4170,12,,,0
7300,'5102',742,,4060,14,,,0
7301,'5102',1530,,4061,28,,,0
7401,'5103',1543,,4171,22,,,0
7401,'5104',1443,,4172,22,,,0
7701,'5102',1549,,4174,25,,,0
7900,'5102',754,,4176,20,0,6,0
7901,'5103',1518,,4177,20,0,6,0
7901,'5104',1518,,4178,20,0,6,0
