401,'5101',814,,2873,2,,,0,117,,2870,2,,,0,120,,2871,2,,,0,160,,2872,2,,,0,94,,2876,2,,,0,125,,2874,2,,,0,127,,2875,2,,,0,166,,2877,2,,,0,120,,2878,2,,,0
401,'5102',607,,2879,2,,,0,25,,2883,2,,,0,87,,2881,2,,,0,30,,2885,2,,,0,70,,2882,2,,,0,30,,2886,2,,,0,70,,2907,2,,,0,30,,2880,2,,,0,70,,2889,2,,,0,30,,2890,2,,,0,70,,2888,2,,,0,30,,2887,2,,,0,70,,2896,2,,,0,30,,2908,2,,,0,70,,2895,2,,,0,30,,2884,2,,,0,70,,2905,2,,,0,30,,2894,2,,,0,60,,2909,2,,,0,10,,2904,2,,,0,30,,2901,2,,,0,70,,2892,2,,,0,30,,2891,2,,,0,70,,2900,2,,,0,30,,2893,2,,,0,70,,2902,2,,,0,97,,2903,2,,,0,97,,2898,2,,,0,100,,2897,2,,,0,100,,2899,2,,,0,118,,2906,2,,,0
401,'5105',801,,2910,2,,,0,25,,2911,2,,,0,25,,2913,2,,,0,65,,2912,2,,,0,25,,2914,2,,,0,65,,2916,2,,,0,25,,2917,2,,,0,26,,2918,2,,,0,65,,2915,2,,,0,26,,2920,2,,,0,65,,2922,2,,,0,28,,2919,2,,,0,67,,2921,2,,,0,28,,2923,2,,,0,67,,2925,2,,,0,30,,2927,2,,,0,67,,2928,2,,,0,29,,2926,2,,,0,27,,2930,2,,,0,67,,2931,2,,,0,27,,2929,2,,,0,67,,2924,2,,,0,27,,2932,2,,,0,67,,2934,2,,,0,35,,2933,2,,,0,100,,2935,2,,,0,100,,2936,2,,,0,100,,2937,2,,,0,100,,2938,2,,,0
501,'5101',901,,3002,2,,,0,119,,3003,2,,,0,120,,3000,2,,,0,162,,3001,2,,,0,55,,3005,2,,,0,167,,3004,2,,,0,127,,3006,2,,,0,161,,3007,2,,,0
501,'5102',656,,3008,2,,,0,55,,3020,2,,,0,15,,3011,2,,,0,33,,3010,2,,,0,73,,3009,2,,,0,73,,3017,2,,,0,33,,3019,2,,,0,73,,3018,2,,,0,33,,3013,2,,,0,73,,3012,2,,,0,33,,3021,2,,,0,73,,3014,2,,,0,36,,3016,2,,,0,76,,3015,2,,,0,76,,3034,2,,,0,36,,3032,2,,,0,76,,3029,2,,,0,36,,3023,2,,,0,76,,3024,2,,,0,77,,3025,2,,,0,35,,3027,2,,,0,75,,3030,2,,,0,35,,3028,2,,,0,85,,3026,2,,,0,100,,3022,2,,,0,100,,3031,2,,,0,116,,3033,2,,,0
501,'5105',746,,3049,2,,,0,70,,3037,2,,,0,30,,3035,2,,,0,70,,3051,2,,,0,30,,3038,2,,,0,70,,3052,2,,,0,30,,3036,2,,,0,70,,3050,2,,,0,30,,3039,2,,,0,70,,3053,2,,,0,30,,3040,2,,,0,71,,3048,2,,,0,30,,3042,2,,,0,70,,3054,2,,,0,30,,3041,2,,,0,71,,3059,2,,,0,30,,3045,2,,,0,69,,3055,2,,,0,30,,3044,2,,,0,70,,3057,2,,,0,30,,3043,2,,,0,70,,3058,2,,,0,119,,3046,2,,,0,95,,3056,2,,,0,103,,3047,2,,,0,100,,3060,2,,,0
701,'5101',714,,3229,19,,,0,27,,3230,22,,,0,99,,3231,19,,,0,97,,3232,22,,,0,73,,3235,19,,,0,30,,3233,19,,,0,67,,3234,22,,,0,33,,3242,19,,,0,67,,3237,22,,,0,28,,3236,19,,,0,72,,3239,22,,,0,28,,3249,19,,,0,72,,3241,22,,,0,29,,3245,19,,,0,71,,3240,22,,,0,29,,3238,19,,,0,71,,3244,22,,,0,28,,3248,19,,,0,72,,3243,22,,,0,28,,3250,19,,,0,71,,3246,22,,,0,29,,3252,19,,,0,101,,3247,22,,,0,99,,3255,19,,,0,104,,3251,22,,,0,96,,3253,19,,,0,101,,3254,22,,,0
701,'5102',601,,3256,2,,,0,18,,3257,19,,,0,17,,3258,22,,,0,14,,3259,19,,,0,56,,3260,22,,,0,16,,3261,22,,,0,15,,3262,19,,,0,19,,3263,22,,,0,52,,3264,19,,,0,19,,3265,22,,,0,11,,3266,19,,,0,16,,3267,22,,,0,52,,3268,19,,,0,18,,3269,22,,,0,13,,3305,19,,,0,17,,3270,22,,,0,53,,3310,19,,,0,17,,3271,22,,,0,29,,3272,19,,,0,73,,3273,22,,,0,27,,3274,19,,,0,72,,3275,22,,,0,28,,3276,19,,,0,72,,3277,22,,,0,28,,3278,19,,,0,74,,3279,22,,,0,11,,3280,19,,,0,15,,3281,19,,,0,58,,3282,22,,,0,13,,3283,19,,,0,17,,3284,22,,,0,12,,3285,19,,,0,58,,3286,22,,,0,12,,3287,19,,,0,18,,3288,22,,,0,12,,3289,19,,,0,58,,3290,22,,,0,12,,3291,19,,,0,18,,3292,22,,,0,11,,3306,19,,,0,56,,3307,22,,,0,13,,3293,19,,,0,32,,3294,22,,,0,67,,3295,19,,,0,33,,3296,22,,,0,67,,3297,19,,,0,31,,3298,22,,,0,69,,3299,19,,,0,31,,3300,22,,,0,69,,3301,19,,,0,30,,3302,22,,,0,69,,3303,19,,,0,33,,3304,22,,,0,72,,3308,19,,,0,30,,3309,22,,,0
701,'5105',629,,3349,22,,,0,30,,3348,19,,,0,71,,3336,22,,,0,70,,3312,19,,,0,30,,3311,19,,,0,71,,3313,22,,,0,29,,3314,19,,,0,70,,3322,19,,,0,31,,3327,22,,,0,14,,3340,19,,,0,56,,3326,22,,,0,15,,3341,19,,,0,22,,3329,19,,,0,72,,3325,22,,,0,28,,3328,19,,,0,70,,3321,19,,,0,32,,3331,22,,,0,68,,3324,19,,,0,30,,3344,22,,,0,13,,3332,19,,,0,55,,3345,19,,,0,16,,3333,22,,,0,14,,3343,19,,,0,15,,3320,19,,,0,56,,3346,22,,,0,14,,3330,19,,,0,15,,3342,19,,,0,64,,3323,22,,,0,29,,3334,19,,,0,30,,3315,19,,,0,76,,3318,22,,,0,74,,3319,19,,,0,36,,3337,22,,,0,74,,3338,19,,,0,105,,3317,19,,,0,97,,3316,22,,,0,102,,3335,19,,,0,99,,3339,19,,,0,26,,3347,22,,,0,69,,3350,19,,,0
901,'5101',711,,3493,14,,,0,30,,3496,14,,,0,70,,3494,14,,,0,30,,3495,14,,,0,70,,3500,14,,,0,30,,3497,14,,,0,70,,3499,14,,,0,30,,3498,14,,,0,70,,3503,14,,,0,30,,3501,14,,,0,70,,3502,14,,,0,31,,3507,14,,,0,70,,3505,14,,,0,30,,3508,14,,,0,70,,3504,14,,,0,30,,3506,14,,,0,71,,3520,14,,,0,30,,3510,14,,,0,70,,3511,14,,,0,29,,3509,14,,,0,70,,3512,14,,,0,30,,3513,14,,,0,70,,3525,14,,,0,30,,3517,14,,,0,70,,3514,14,,,0,29,,3516,14,,,0,70,,3515,14,,,0,30,,3518,14,,,0,70,,3524,14,,,0,30,,3519,14,,,0,70,,3521,14,,,0,29,,3522,14,,,0,70,,3523,14,,,0,30,,3526,14,,,0
901,'5102',611,,3527,14,,,0,30,,3528,14,,,0,71,,3529,14,,,0,16,,3530,14,,,0,15,,3531,14,,,0,16,,3532,14,,,0,55,,3533,14,,,0,15,,3534,14,,,0,7,,3535,14,,,0,9,,3536,14,,,0,13,,3537,14,,,0,55,,3538,14,,,0,15,,3539,14,,,0,15,,3540,14,,,0,15,,3541,14,,,0,55,,3542,14,,,0,15,,3543,14,,,0,15,,3544,14,,,0,15,,3545,14,,,0,56,,3546,14,,,0,15,,3547,14,,,0,15,,3548,14,,,0,15,,3549,14,,,0,55,,3550,14,,,0,15,,3551,14,,,0,14,,3552,14,,,0,16,,3553,14,,,0,55,,3554,14,,,0,15,,3555,14,,,0,15,,3556,14,,,0,15,,3557,14,,,0,54,,3558,14,,,0,16,,3559,14,,,0,14,,3560,14,,,0,15,,3561,14,,,0,56,,3562,14,,,0,7,,3563,14,,,0,8,,3564,14,,,0,16,,3565,14,,,0,14,,3566,14,,,0,55,,3567,14,,,0,16,,3568,14,,,0,15,,3569,14,,,0,55,,3570,14,,,0,15,,3571,14,,,0,14,,3572,14,,,0,15,,3573,14,,,0,15,,3574,14,,,0,54,,3575,14,,,0,15,,3576,14,,,0,15,,3577,14,,,0,15,,3578,14,,,0,54,,3579,14,,,0,15,,3580,14,,,0,16,,3581,14,,,0,14,,3582,14,,,0,55,,3583,14,,,0,20,,3584,14,,,0,20,,3585,14,,,0,74,,3586,14,,,0,30,,3587,14,,,0,65,,3588,14,,,0,33,,3589,14,,,0,67,,3590,14,,,0,33,,3591,14,,,0,66,,3592,14,,,0,30,,3593,14,,,0
901,'5105',610,,3632,14,,,0,30,,3633,14,,,0,72,,3620,14,,,0,30,,3616,14,,,0,70,,3594,14,,,0,30,,3598,14,,,0,71,,3596,14,,,0,30,,3595,14,,,0,70,,3597,14,,,0,29,,3599,14,,,0,15,,3626,14,,,0,55,,3600,14,,,0,15,,3624,14,,,0,15,,3602,14,,,0,72,,3603,14,,,0,30,,3604,14,,,0,70,,3601,14,,,0,30,,3605,14,,,0,70,,3606,14,,,0,14,,3631,14,,,0,15,,3608,14,,,0,15,,3628,14,,,0,55,,3610,14,,,0,15,,3630,14,,,0,15,,3612,14,,,0,15,,3625,14,,,0,55,,3613,14,,,0,15,,3627,14,,,0,15,,3609,14,,,0,15,,3629,14,,,0,55,,3607,14,,,0,30,,3611,14,,,0,75,,3614,14,,,0,40,,3622,14,,,0,70,,3617,14,,,0,100,,3618,14,,,0,100,,3619,14,,,0,99,,3615,14,,,0,105,,3621,14,,,0,104,,3623,14,,,0,104,,3634,14,,,0
