1700,'4528',715,,6418,31,,,0
1700,'5425',906,,6426,31,,,0,100,,6427,31,,,0,198,,6429,30,,,0
1700,'5426',649,,6410,31,,,0,167,,6416,31,,,0,88,,6422,31,,,0,99,,6409,31,,,0,100,,6413,31,,,0,100,,6408,31,,,0,726,,6423,31,,,0
1700,'5427',649,,7900,31,,,0,167,,7906,31,,,0,88,,7911,31,,,0,99,,7899,31,,,0,100,,7903,31,,,0,100,,7898,31,,,0,726,,7912,31,,,0
1700,'5428',757,,7915,31,,,0,143,,7916,31,,,0,50,,7917,31,,,0,172,,7918,31,,,0
1700,'5429',906,,7929,31,,,0,100,,7930,31,,,0,198,,7932,30,,,0
1701,'5425',1601,,6471,43,0,13 14,0,200,,6473,43,0,15 1 16,0,100,,6475,43,0,13 14,0,130,,6476,43,0,13 14,0
1701,'5426',1232,,6452,43,0,15 1 16,0,102,,6455,43,0,15 1 16,0,111,,6457,43,0,15 1 16,0,93,,6460,43,0,15 1 16,0,108,,6465,43,0,15 1 16,0,98,,6461,43,0,15 1 16,0,104,,6464,43,0,15 1 16,0,159,,6462,43,0,13 14,0,98,,6456,43,0,13 14,0,115,,6453,43,0,13 14,0,114,,6466,43,0,13 14,0
1701,'5427',1232,,7941,43,0,15 1 16,0,102,,7944,43,0,15 1 16,0,111,,7946,43,0,15 1 16,0,93,,7948,43,0,15 1 16,0,108,,7953,43,0,15 1 16,0,98,,7949,43,0,15 1 16,0,104,,7952,43,0,15 1 16,0,159,,7950,43,0,13 14,0,98,,7945,43,0,13 14,0,115,,7942,43,0,13 14,0,114,,7954,43,0,13 14,0
1701,'5428',1231,,7960,43,0,15 1 16,0,100,,7961,43,0,15 1 16,0,170,,7958,43,0,15 1 16,0,130,,7962,43,0,15 1 16,0,105,,7963,43,0,15 1 16,0,99,,7965,43,0,13 14,0,105,,7966,43,0,13 14,0,105,,7967,43,0,13 14,0,110,,7964,43,0,13 14,0,159,,7968,43,0,13 14,0
1701,'5429',1601,,7973,43,0,13 14,0,200,,7975,43,0,15 1 16,0,100,,7977,43,0,13 14,0,130,,7978,43,0,13 14,0
