401,'4327',826,,3347,15,,,0,118,,3344,15,,,0,160,,3345,15,,,0,120,,3346,15,,,0,95,,3350,15,,,0,126,,3348,15,,,0,167,,3349,15,,,0,124,,3351,15,,,0,120,,3352,15,,,0
401,'4795',618,,634,15,,,0,26,,638,15,,,0,87,,636,15,,,0,72,,640,15,,,0,30,,637,15,,,0,70,,641,15,,,0,30,,662,15,,,0,70,,635,15,,,0,30,,644,15,,,0,70,,645,15,,,0,32,,643,15,,,0,70,,642,15,,,0,30,,651,15,,,0,70,,663,15,,,0,30,,650,15,,,0,70,,639,15,,,0,30,,660,15,,,0,70,,649,15,,,0,7,,664,15,,,0,24,,659,15,,,0,70,,656,15,,,0,12,,665,15,,,0,18,,647,15,,,0,70,,646,15,,,0,29,,655,15,,,0,69,,648,15,,,0,28,,657,15,,,0,97,,658,15,,,0,97,,653,15,,,0,98,,652,15,,,0,100,,2412,15,,,0,118,,2413,15,,,0
401,'4800',814,,2423,15,,,0,25,,2424,15,,,0,65,,2426,15,,,0,25,,2425,15,,,0,26,,2427,15,,,0,65,,2429,15,,,0,25,,2430,15,,,0,66,,2431,15,,,0,25,,2428,15,,,0,67,,2432,15,,,0,26,,678,15,,,0,28,,675,15,,,0,67,,677,15,,,0,28,,679,15,,,0,67,,681,15,,,0,30,,683,15,,,0,67,,684,15,,,0,29,,682,15,,,0,67,,686,15,,,0,26,,687,15,,,0,67,,685,15,,,0,27,,680,15,,,0,27,,688,15,,,0,66,,690,15,,,0,34,,689,15,,,0,100,,691,15,,,0,100,,692,15,,,0,99,,693,15,,,0,100,,2433,15,,,0
401,'5102',618,,3353,15,,,0,26,,3357,15,,,0,87,,3355,15,,,0,72,,3359,15,,,0,30,,3356,15,,,0,70,,3360,15,,,0,30,,3381,15,,,0,70,,3354,15,,,0,30,,3363,15,,,0,70,,3364,15,,,0,32,,3362,15,,,0,70,,3361,15,,,0,30,,3370,15,,,0,70,,3382,15,,,0,30,,3369,15,,,0,70,,3358,15,,,0,30,,3379,15,,,0,70,,3368,15,,,0,21,,3383,15,,,0,10,,3378,15,,,0,70,,3375,15,,,0,30,,3366,15,,,0,70,,3365,15,,,0,29,,3374,15,,,0,69,,3367,15,,,0,28,,3376,15,,,0,97,,3377,15,,,0,97,,3372,15,,,0,98,,3371,15,,,0,100,,3373,15,,,0,118,,3380,15,,,0
401,'5105',814,,3384,15,,,0,25,,3385,15,,,0,65,,3387,15,,,0,25,,3386,15,,,0,26,,3388,15,,,0,65,,3390,15,,,0,25,,3391,15,,,0,66,,3392,15,,,0,25,,3389,15,,,0,67,,3394,15,,,0,26,,3396,15,,,0,28,,3393,15,,,0,67,,3395,15,,,0,28,,3397,15,,,0,67,,3399,15,,,0,30,,3401,15,,,0,67,,3402,15,,,0,29,,3400,15,,,0,67,,3404,15,,,0,26,,3405,15,,,0,67,,3403,15,,,0,27,,3398,15,,,0,27,,3406,15,,,0,66,,3408,15,,,0,34,,3407,15,,,0,100,,3409,15,,,0,100,,3410,15,,,0,99,,3411,15,,,0,100,,3412,15,,,0
7001,'4795',1523,,1825,13,,,0
7001,'5102',1523,,4531,13,,,0
7401,'5095',1535,,2714,10,,,0
7401,'5097',1435,,2713,10,,,0
7401,'5103',1535,,4536,10,,,0
7401,'5104',1435,,4537,10,,,0
7701,'4795',1540,,2716,13,,,0
7701,'5102',1540,,4540,13,,,0
