1700,'4528',652,,6418,1,,,0
1700,'5425',844,,6426,1,,,0,100,,6427,1,,,0,156,,6428,1,,,0,255,,6431,1,,,0,350,,6432,1,,,0,113,,6433,1,,,0
1700,'5426',627,,6410,1,,,0,123,,6416,1,,,0,90,,6422,1,,,0,100,,6409,1,,,0,100,,6413,1,,,0,100,,6408,1,,,0,113,,6411,1,,,0,101,,6414,1,,,0,155,,6417,1,,,0,93,,6419,1,,,0,107,,6424,1,,,0,98,,6420,1,,,0,101,,6423,1,,,0
1700,'5427',627,,7900,1,,,0,123,,7906,1,,,0,90,,7911,1,,,0,100,,7899,1,,,0,100,,7903,1,,,0,100,,7898,1,,,0,113,,7901,1,,,0,101,,7904,1,,,0,155,,7907,1,,,0,93,,7908,1,,,0,107,,7913,1,,,0,98,,7909,1,,,0,101,,7912,1,,,0
1700,'5428',736,,7915,1,,,0,103,,7916,1,,,0,90,,7917,1,,,0,171,,7918,1,,,0,143,,7919,1,,,0,103,,7920,1,,,0,170,,7921,1,,,0,131,,7922,1,,,0,105,,7923,1,,,0
1700,'5429',844,,7929,1,,,0,100,,7930,1,,,0,156,,7931,1,,,0,255,,7934,1,,,0,350,,7935,1,,,0,113,,7936,1,,,0
1701,'4528',650,,6459,5,4,,0
1701,'5425',840,,6467,41,4,,0,100,,6468,41,4,,0,116,,6469,41,4,,0,295,,6472,41,4,,0,350,,6474,41,4,,0,113,,6473,60,4,,0
1701,'5426',745,,6458,29,4,,0,90,,6463,41,4,,0,98,,6451,41,4,,0,100,,6454,41,4,,0,101,,6450,41,4,,0,112,,6452,60,4,,0,103,,6455,60,4,,0,154,,6457,60,4,,0,52,,6460,60,4,,0,147,,6465,60,4,,0,57,,6461,60,4,,0,143,,6464,60,4,,0
1701,'5427',745,,7947,29,4,,0,90,,7951,41,4,,0,98,,7940,41,4,,0,100,,7943,41,4,,0,101,,7939,41,4,,0,112,,7941,60,4,,0,103,,7944,60,4,,0,154,,7946,60,4,,0,52,,7948,60,4,,0,147,,7953,60,4,,0,57,,7949,60,4,,0,143,,7952,60,4,,0
1701,'5428',736,,7959,29,4,,0,103,,7956,41,4,,0,90,,7955,41,4,,0,171,,7957,41,4,,0,143,,7960,60,4,,0,103,,7961,60,4,,0,170,,7958,60,4,,0,131,,7962,60,4,,0,105,,7963,60,4,,0
1701,'5429',840,,7969,41,4,,0,100,,7970,41,4,,0,116,,7971,41,4,,0,295,,7974,41,4,,0,350,,7976,41,4,,0,113,,7975,60,4,,0
