700,'4687',1823,,928,4,,,0,112,,938,4,,,0,270,,932,4,,,0
700,'4795',614,,890,4,,,0,18,,891,4,,,0,17,,892,4,,,0,54,,893,4,,,0,16,,894,4,,,0,6,,895,4,,,0,10,,896,4,,,0,17,,897,4,,,0,60,,898,4,,,0,11,,899,4,,,0,19,,900,4,,,0,11,,901,4,,,0,56,,902,4,,,0,12,,903,4,,,0,18,,904,4,,,0,13,,920,4,,,0,57,,905,4,,,0,13,,945,4,,,0,17,,906,4,,,0,69,,907,4,,,0,34,,908,4,,,0,67,,909,4,,,0,32,,910,4,,,0,68,,911,4,,,0,32,,912,4,,,0,69,,913,4,,,0,34,,914,4,,,0,11,,915,4,,,0,55,,916,4,,,0,18,,917,4,,,0,13,,918,4,,,0,17,,919,4,,,0,52,,921,4,,,0,18,,924,4,,,0,12,,936,4,,,0,18,,925,4,,,0,52,,922,4,,,0,18,,926,4,,,0,11,,937,4,,,0,18,,927,4,,,0,50,,923,4,,,0,29,,939,4,,,0,72,,929,4,,,0,100,,930,4,,,0,27,,941,4,,,0,71,,931,4,,,0,29,,940,4,,,0,98,,942,4,,,0,70,,933,4,,,0,28,,943,4,,,0,73,,934,4,,,0,31,,944,4,,,0,70,,935,4,,,0
700,'4800',642,,984,4,,,0,70,,983,4,,,0,31,,971,4,,,0,70,,946,4,,,0,31,,947,4,,,0,71,,949,4,,,0,29,,948,4,,,0,71,,955,4,,,0,31,,960,4,,,0,54,,975,4,,,0,16,,961,4,,,0,15,,976,4,,,0,22,,963,4,,,0,73,,958,4,,,0,28,,964,4,,,0,70,,957,4,,,0,32,,965,4,,,0,68,,959,4,,,0,30,,979,4,,,0,53,,966,4,,,0,14,,977,4,,,0,16,,967,4,,,0,14,,981,4,,,0,55,,956,4,,,0,16,,980,4,,,0,14,,968,4,,,0,15,,978,4,,,0,64,,962,4,,,0,29,,969,4,,,0,70,,950,4,,,0,36,,951,4,,,0,73,,952,4,,,0,36,,973,4,,,0,74,,972,4,,,0,105,,953,4,,,0,96,,954,4,,,0,101,,970,4,,,0,98,,974,4,,,0,26,,982,4,,,0,69,,985,4,,,0
700,'5096',1823,,2018,4,,,0,112,,2020,4,,,0,270,,2019,4,,,0
700,'5100',727,,2021,4,,,0,27,,2022,4,,,0,100,,2023,4,,,0,97,,2024,4,,,0,73,,2026,4,,,0,30,,2025,4,,,0,67,,2028,4,,,0,33,,2034,4,,,0,67,,2029,4,,,0,29,,2027,4,,,0,72,,2031,4,,,0,28,,2041,4,,,0,72,,2032,4,,,0,29,,2036,4,,,0,71,,2030,4,,,0,29,,2033,4,,,0,71,,2035,4,,,0,27,,2040,4,,,0,72,,2037,4,,,0,27,,2042,4,,,0,71,,2038,4,,,0,29,,2044,4,,,0,101,,2039,4,,,0,99,,2046,4,,,0,104,,2043,4,,,0,95,,2045,4,,,0,101,,2047,4,,,0
7300,'4795',741,,1828,12,,,0
7301,'4795',1529,,1829,26,,,0
7900,'4795',747,,1837,12,0,6,0
7901,'5095',1511,,1838,12,0,6,0
7901,'5097',1511,,1839,12,0,6,0
