700,'4327',728,,3581,5,,,0,27,,3582,5,,,0,100,,3583,5,,,0,97,,3584,5,,,0,73,,3586,5,,,0,30,,3585,5,,,0,67,,3588,5,,,0,33,,3594,5,,,0,67,,3589,5,,,0,29,,3587,5,,,0,72,,3590,5,,,0,28,,3601,5,,,0,72,,3592,5,,,0,29,,3596,5,,,0,71,,3591,5,,,0,29,,3593,5,,,0,71,,3595,5,,,0,27,,3599,5,,,0,72,,3597,5,,,0,27,,3602,5,,,0,71,,3598,5,,,0,29,,3604,5,,,0,101,,3600,5,,,0,99,,3606,5,,,0,104,,3603,5,,,0,95,,3605,5,,,0,100,,3607,5,,,0
700,'4795',615,,890,5,,,0,18,,891,5,,,0,17,,892,5,,,0,54,,893,5,,,0,16,,894,5,,,0,6,,895,5,,,0,10,,896,5,,,0,17,,897,5,,,0,60,,898,5,,,0,11,,899,5,,,0,19,,900,5,,,0,11,,901,5,,,0,56,,902,5,,,0,12,,903,5,,,0,18,,904,5,,,0,13,,920,5,,,0,57,,905,5,,,0,13,,945,5,,,0,17,,906,5,,,0,69,,907,5,,,0,34,,2469,5,,,0,67,,909,5,,,0,32,,910,5,,,0,68,,911,5,,,0,32,,912,5,,,0,69,,913,5,,,0,34,,914,5,,,0,11,,915,5,,,0,55,,916,5,,,0,18,,917,5,,,0,13,,2470,5,,,0,17,,919,5,,,0,52,,921,5,,,0,18,,924,5,,,0,12,,936,5,,,0,18,,925,5,,,0,52,,922,5,,,0,18,,926,5,,,0,11,,937,5,,,0,18,,927,5,,,0,50,,923,5,,,0,16,,2018,5,,,0,13,,939,5,,,0,72,,929,5,,,0,27,,2020,5,,,0,73,,2471,5,,,0,27,,941,5,,,0,71,,931,5,,,0,29,,940,5,,,0,70,,2019,5,,,0,28,,942,5,,,0,70,,933,5,,,0,28,,943,5,,,0,73,,934,5,,,0,31,,944,5,,,0,70,,935,5,,,0
700,'4800',643,,984,5,,,0,70,,983,5,,,0,31,,971,5,,,0,70,,946,5,,,0,31,,947,5,,,0,71,,949,5,,,0,29,,948,5,,,0,71,,955,5,,,0,31,,960,5,,,0,54,,975,5,,,0,16,,961,5,,,0,15,,976,5,,,0,22,,963,5,,,0,73,,958,5,,,0,28,,964,5,,,0,70,,957,5,,,0,32,,965,5,,,0,68,,959,5,,,0,30,,979,5,,,0,53,,2499,5,,,0,14,,977,5,,,0,16,,967,5,,,0,14,,981,5,,,0,55,,956,5,,,0,16,,2500,5,,,0,14,,968,5,,,0,15,,978,5,,,0,64,,962,5,,,0,29,,969,5,,,0,70,,950,5,,,0,36,,951,5,,,0,73,,952,5,,,0,76,,973,5,,,0,34,,972,5,,,0,105,,953,5,,,0,96,,954,5,,,0,100,,970,5,,,0,98,,974,5,,,0,26,,982,5,,,0,69,,985,5,,,0
700,'5102',615,,3608,5,,,0,18,,3609,5,,,0,17,,3610,5,,,0,54,,3611,5,,,0,16,,3612,5,,,0,16,,3613,5,,,0,17,,3614,5,,,0,60,,3615,5,,,0,11,,3616,5,,,0,19,,3617,5,,,0,11,,3618,5,,,0,56,,3619,5,,,0,12,,3620,5,,,0,18,,3621,5,,,0,13,,3637,5,,,0,57,,3622,5,,,0,13,,3662,5,,,0,17,,3623,5,,,0,69,,3624,5,,,0,34,,3625,5,,,0,67,,3626,5,,,0,32,,3627,5,,,0,68,,3628,5,,,0,32,,3629,5,,,0,69,,3630,5,,,0,34,,3631,5,,,0,11,,3632,5,,,0,55,,3633,5,,,0,18,,3634,5,,,0,13,,3635,5,,,0,17,,3636,5,,,0,52,,3638,5,,,0,18,,3641,5,,,0,12,,3653,5,,,0,18,,3642,5,,,0,52,,3639,5,,,0,18,,3643,5,,,0,11,,3654,5,,,0,18,,3644,5,,,0,50,,3640,5,,,0,16,,3645,5,,,0,13,,3656,5,,,0,72,,3646,5,,,0,27,,3655,5,,,0,73,,3647,5,,,0,27,,3658,5,,,0,71,,3648,5,,,0,29,,3657,5,,,0,70,,3649,5,,,0,28,,3659,5,,,0,70,,3650,5,,,0,28,,3660,5,,,0,73,,3651,5,,,0,31,,3661,5,,,0,70,,3652,5,,,0
700,'5105',643,,3701,5,,,0,70,,3700,5,,,0,31,,3688,5,,,0,70,,3663,5,,,0,31,,3664,5,,,0,71,,3666,5,,,0,29,,3665,5,,,0,71,,3672,5,,,0,31,,3677,5,,,0,54,,3692,5,,,0,16,,3678,5,,,0,15,,3693,5,,,0,22,,3680,5,,,0,73,,3675,5,,,0,28,,3681,5,,,0,70,,3674,5,,,0,32,,3682,5,,,0,68,,3676,5,,,0,30,,3696,5,,,0,53,,3683,5,,,0,14,,3694,5,,,0,16,,3684,5,,,0,14,,3698,5,,,0,55,,3673,5,,,0,16,,3697,5,,,0,14,,3685,5,,,0,15,,3695,5,,,0,64,,3679,5,,,0,29,,3686,5,,,0,70,,3667,5,,,0,36,,3668,5,,,0,73,,3669,5,,,0,76,,3690,5,,,0,34,,3689,5,,,0,105,,3670,5,,,0,96,,3671,5,,,0,100,,3687,5,,,0,98,,3691,5,,,0,26,,3699,5,,,0,69,,3702,5,,,0
7001,'4795',1534,,1825,24,,,0
7001,'5102',1534,,4531,24,,,0
7200,'4795',743,,2712,11,,,0
7200,'5102',743,,4533,11,,,0
7300,'4795',742,,1828,13,,,0
7300,'5102',742,,4534,13,,,0
7301,'4795',1530,,1829,27,,,0
7301,'5102',1530,,4535,27,,,0
7401,'5095',1543,,2714,21,,,0
7401,'5097',1443,,2713,21,,,0
7401,'5103',1543,,4536,21,,,0
7401,'5104',1443,,4537,21,,,0
7701,'4795',1549,,2716,24,,,0
7701,'5102',1549,,4540,24,,,0
7900,'4795',754,,2718,19,0,6,0
7900,'5102',754,,4543,19,0,6,0
7901,'5095',1518,,2720,19,0,6,0
7901,'5097',1518,,2719,19,0,6,0
7901,'5103',1518,,4544,19,0,6,0
7901,'5104',1518,,4545,19,0,6,0
