700,'5425',752,,5706,36,,,0,167,,5708,36,,,0,130,,5711,36,,,0,70,,5710,36,,,0,100,,5719,36,,,0,97,,5712,36,,,0,101,,5726,36,,,0,102,,5721,36,,,0,100,,5718,36,,,0,99,,5724,36,,,0,97,,5727,36,,,0,99,,5729,36,,,0,200,,5731,36,,,0,197,,5730,36,,,0
700,'5426',657,,5652,36,,,0,71,,5654,36,,,0,95,,5657,36,,,0,27,,5659,36,,,0,69,,5661,36,,,0,28,,5663,36,,,0,71,,5680,36,,,0,30,,5705,36,,,0,90,,5667,36,,,0,101,,5669,36,,,0,100,,5671,36,,,0,103,,5673,36,,,0,84,,5675,36,,,0,15,,5676,36,,,0,71,,5678,36,,,0,29,,5681,36,,,0,69,,5696,36,,,0,31,,5682,36,,,0,65,,5697,36,,,0,28,,5683,36,,,0,69,,5699,36,,,0,99,,5698,36,,,0,99,,5701,36,,,0,99,,5700,36,,,0,56,,5702,36,,,0,96,,5703,36,,,0,104,,5704,36,,,0
700,'5427',657,,7300,36,,,0,71,,7302,36,,,0,95,,7305,36,,,0,27,,7307,36,,,0,69,,7309,36,,,0,28,,7311,36,,,0,71,,7328,36,,,0,30,,7353,36,,,0,90,,7315,36,,,0,101,,7317,36,,,0,100,,7319,36,,,0,103,,7321,36,,,0,84,,7323,36,,,0,15,,7324,36,,,0,71,,7326,36,,,0,29,,7329,36,,,0,69,,7344,36,,,0,31,,7330,36,,,0,65,,7345,36,,,0,28,,7331,36,,,0,69,,7347,36,,,0,99,,7346,36,,,0,99,,7349,36,,,0,99,,7348,36,,,0,56,,7350,36,,,0,96,,7351,36,,,0,104,,7352,36,,,0
700,'5428',736,,7391,36,,,0,101,,7354,36,,,0,71,,7355,36,,,0,100,,7356,36,,,0,31,,7363,36,,,0,85,,7383,36,,,0,31,,7384,36,,,0,63,,7371,36,,,0,103,,7372,36,,,0,30,,7365,36,,,0,100,,7367,36,,,0,83,,7374,36,,,0,14,,7386,36,,,0,70,,7389,36,,,0,15,,7364,36,,,0,70,,7376,36,,,0,15,,7387,36,,,0,93,,7377,36,,,0,30,,7358,36,,,0,108,,7360,36,,,0,110,,7380,36,,,0,145,,7361,36,,,0,153,,7378,36,,,0,96,,7382,36,,,0,95,,7392,36,,,0
700,'5429',752,,7394,36,,,0,167,,7396,36,,,0,130,,7399,36,,,0,70,,7398,36,,,0,100,,7407,36,,,0,97,,7400,36,,,0,101,,7414,36,,,0,102,,7409,36,,,0,100,,7406,36,,,0,99,,7412,36,,,0,97,,7415,36,,,0,99,,7417,36,,,0,200,,7419,36,,,0,197,,7418,36,,,0
1600,'4528',747,,6344,27,0,5,0,70,,6336,27,0,5,0,97,,6331,27,0,5,0,100,,6332,27,0,5,0,200,,6339,27,0,5,0
1600,'4532',1613,,6360,27,0,5,0,105,,6364,27,0,5,0
1600,'5425',914,,6345,27,0,5,0,100,,6348,27,0,5,0,100,,6346,27,0,5,0,101,,6347,27,0,5,0,102,,6349,27,0,5,0,100,,6352,27,0,5,0,99,,6355,27,0,5,0,100,,6353,27,0,5,0,105,,6350,27,0,5,0,99,,6351,27,0,5,0,97,,6354,27,0,5,0,100,,6356,27,0,5,0
1600,'5426',1114,,6333,27,0,5,0,200,,6334,27,0,5,0,103,,6330,27,0,5,0,105,,6337,27,0,5,0,108,,6338,27,0,5,0,100,,6341,27,0,5,0,94,,6343,27,0,5,0,98,,6342,27,0,5,0,99,,6340,27,0,5,0
1600,'5427',1114,,7837,27,0,5,0,200,,7838,27,0,5,0,103,,7836,27,0,5,0,105,,7839,27,0,5,0,108,,7840,27,0,5,0,100,,7842,27,0,5,0,94,,7844,27,0,5,0,98,,7843,27,0,5,0,99,,7841,27,0,5,0
1600,'5428',854,,7848,27,0,5,0,157,,7847,27,0,5,0,95,,7846,27,0,5,0,111,,7849,27,0,5,0,95,,7850,27,0,5,0,101,,7845,27,0,5,0,100,,7851,27,0,5,0,300,,7852,27,0,5,0,97,,7853,27,0,5,0,100,,7854,27,0,5,0
1600,'5429',914,,7855,27,0,5,0,100,,7858,27,0,5,0,100,,7856,27,0,5,0,101,,7857,27,0,5,0,102,,7859,27,0,5,0,100,,7862,27,0,5,0,99,,7865,27,0,5,0,100,,7863,27,0,5,0,105,,7860,27,0,5,0,99,,7861,27,0,5,0,97,,7864,27,0,5,0,100,,7866,27,0,5,0
