101,'4528',605,,4930,6,,,0,31,,4931,6,,,0,70,,4932,6,,,0,30,,4934,6,,,0,15,,4933,6,,,0,55,,4936,6,,,0,100,,4976,6,,,0,41,,4980,6,,,0,260,,4942,6,,,0,30,,4944,6,,,0,190,,4948,6,,,0,110,,4952,6,,,0,15,,4950,6,,,0,155,,4953,6,,,0,45,,4958,6,,,0,159,,4979,6,,,0,100,,4962,6,,,0,100,,4964,6,,,0,100,,4967,6,,,0,100,,4968,6,,,0
101,'4532',911,,5016,6,,,0,100,,5018,6,,,0,100,,5020,6,,,0,100,,5022,6,,,0,100,,5024,6,,,0
101,'5221',705,,4981,6,,,0,100,,4985,6,,,0,200,,4986,6,,,0,101,,4987,6,,,0,100,,4990,6,,,0,330,,4996,6,,,0,100,,5009,6,,,0,100,,5011,6,,,0
101,'5425',735,,4982,6,,,0,100,,4984,6,,,0,70,,4983,6,,,0,30,,4989,6,,,0,100,,4988,6,,,0,101,,5000,6,,,0,100,,4991,6,,,0,70,,4992,6,,,0,30,,4993,6,,,0,70,,4994,6,,,0,30,,4999,6,,,0,70,,4995,6,,,0,100,,4998,6,,,0,100,,4997,6,,,0,105,,5002,6,,,0,25,,5001,6,,,0,70,,5003,6,,,0,30,,5012,6,,,0,70,,5007,6,,,0,30,,5004,6,,,0,70,,5006,6,,,0,30,,5005,6,,,0,70,,5008,6,,,0,30,,5013,6,,,0,78,,5010,6,,,0,22,,5014,6,,,0
101,'5426',721,,4938,6,,,0,100,,4935,6,,,0,15,,4937,6,,,0,15,,4939,6,,,0,75,,4940,6,,,0,81,,4974,6,,,0,30,,4943,6,,,0,70,,4973,6,,,0,30,,4941,6,,,0,170,,4946,6,,,0,30,,4947,6,,,0,70,,4972,6,,,0,40,,4975,6,,,0,60,,4945,6,,,0,15,,4951,6,,,0,85,,4977,6,,,0,15,,4949,6,,,0,15,,4954,6,,,0,15,,4955,6,,,0,70,,4957,6,,,0,15,,4978,6,,,0,70,,4956,6,,,0,20,,4959,6,,,0,19,,4960,6,,,0,95,,4961,6,,,0,100,,4963,6,,,0,100,,4965,6,,,0,100,,4966,6,,,0,100,,4969,6,,,0,70,,4970,6,,,0,30,,4971,6,,,0
101,'5427',721,,6676,6,,,0,100,,6674,6,,,0,15,,6675,6,,,0,15,,6677,6,,,0,75,,6678,6,,,0,81,,6701,6,,,0,30,,6680,6,,,0,70,,6700,6,,,0,30,,6679,6,,,0,170,,6682,6,,,0,30,,6683,6,,,0,70,,6699,6,,,0,40,,6702,6,,,0,60,,6681,6,,,0,15,,6685,6,,,0,85,,6703,6,,,0,15,,6684,6,,,0,15,,6686,6,,,0,15,,6687,6,,,0,70,,6689,6,,,0,15,,6704,6,,,0,70,,6688,6,,,0,20,,6690,6,,,0,19,,6691,6,,,0,95,,6692,6,,,0,100,,6693,6,,,0,100,,6694,6,,,0,100,,6695,6,,,0,100,,6696,6,,,0,70,,6697,6,,,0,30,,6698,6,,,0
101,'5428',625,,6728,6,,,0,30,,6729,6,,,0,70,,6726,6,,,0,25,,6731,6,,,0,60,,6725,6,,,0,15,,6732,6,,,0,16,,6705,6,,,0,15,,6733,6,,,0,85,,6706,6,,,0,100,,6707,6,,,0,100,,6708,6,,,0,100,,6709,6,,,0,100,,6710,6,,,0,70,,6711,6,,,0,30,,6712,6,,,0,70,,6713,6,,,0,30,,6715,6,,,0,15,,6734,6,,,0,55,,6716,6,,,0,15,,6735,6,,,0,15,,6717,6,,,0,15,,6736,6,,,0,55,,6718,6,,,0,15,,6737,6,,,0,15,,6719,6,,,0,15,,6738,6,,,0,55,,6720,6,,,0,30,,6714,6,,,0,85,,6721,6,,,0,100,,6722,6,,,0,105,,6723,6,,,0,105,,6724,6,,,0,105,,6727,6,,,0,100,,6730,6,,,0
101,'5429',735,,6739,6,,,0,100,,6741,6,,,0,70,,6740,6,,,0,30,,6743,6,,,0,100,,6742,6,,,0,101,,6752,6,,,0,100,,6744,6,,,0,70,,6745,6,,,0,30,,6746,6,,,0,70,,6747,6,,,0,30,,6751,6,,,0,70,,6748,6,,,0,100,,6750,6,,,0,100,,6749,6,,,0,105,,6754,6,,,0,25,,6753,6,,,0,70,,6755,6,,,0,30,,6762,6,,,0,70,,6759,6,,,0,30,,6756,6,,,0,70,,6758,6,,,0,30,,6757,6,,,0,70,,6760,6,,,0,30,,6763,6,,,0,78,,6761,6,,,0,22,,6764,6,,,0
201,'4528',750,,5135,6,,,0,155,,5140,6,,,0,100,,5137,6,,,0,100,,5143,6,,,0,101,,5145,6,,,0,100,,5147,6,,,0,99,,5148,6,,,0,101,,5151,6,,,0,111,,5120,6,,,0,99,,5122,6,,,0
201,'4532',840,,5164,6,,,0
201,'5425',825,,5152,6,,,0,110,,5153,6,,,0,100,,5154,6,,,0,100,,5156,6,,,0,105,,5155,6,,,0,95,,5158,6,,,0,100,,5157,6,,,0,100,,5161,6,,,0,105,,5163,6,,,0,100,,5162,6,,,0,166,,5159,6,,,0,100,,5160,6,,,0
201,'5426',735,,5136,6,,,0,70,,5138,6,,,0,30,,5134,6,,,0,100,,5141,6,,,0,100,,5142,6,,,0,101,,5144,6,,,0,100,,5146,6,,,0,99,,5150,6,,,0,101,,5149,6,,,0,111,,5124,6,,,0,100,,5128,6,,,0,99,,5119,6,,,0,75,,5129,6,,,0,80,,5123,6,,,0,30,,5126,6,,,0,75,,5130,6,,,0,25,,5127,6,,,0,70,,5121,6,,,0,30,,5125,6,,,0
201,'5427',735,,6831,6,,,0,70,,6832,6,,,0,30,,6830,6,,,0,100,,6834,6,,,0,100,,6835,6,,,0,101,,6836,6,,,0,100,,6837,6,,,0,99,,6839,6,,,0,101,,6838,6,,,0,111,,6821,6,,,0,100,,6825,6,,,0,99,,6818,6,,,0,75,,6826,6,,,0,80,,6820,6,,,0,30,,6823,6,,,0,75,,6827,6,,,0,25,,6824,6,,,0,70,,6819,6,,,0,30,,6822,6,,,0
201,'5428',940,,6841,6,,,0,100,,6844,6,,,0,100,,6845,6,,,0,100,,6846,6,,,0,100,,6843,6,,,0,100,,6840,6,,,0,70,,6851,6,,,0,30,,6847,6,,,0,70,,6850,6,,,0,30,,6842,6,,,0,70,,6848,6,,,0,30,,6849,6,,,0,90,,6852,6,,,0,80,,6854,6,,,0,91,,6855,6,,,0,54,,6853,6,,,0,100,,6856,6,,,0
201,'5429',825,,6857,6,,,0,110,,6858,6,,,0,100,,6859,6,,,0,100,,6861,6,,,0,105,,6860,6,,,0,95,,6863,6,,,0,100,,6862,6,,,0,100,,6866,6,,,0,105,,6868,6,,,0,100,,6867,6,,,0,166,,6864,6,,,0,100,,6865,6,,,0
