1601,'4528',743,,6374,17,,,0,100,,6370,17,,,0,100,,6371,17,,,0,200,,6378,17,,,0
1601,'4532',1542,,6404,17,,,0,105,,6402,17,,,0
1601,'5425',846,,6384,17,,,0,100,,6387,17,,,0,100,,6385,17,,,0,100,,6386,17,,,0,101,,6388,17,,,0,100,,6390,17,,,0,99,,6395,17,,,0,100,,6392,17,,,0,105,,6389,17,,,0,100,,6391,17,,,0,100,,6393,17,,,0,100,,6394,17,,,0
1601,'5426',1043,,6369,17,,,0,200,,6372,17,,,0,101,,6373,17,,,0,100,,6376,17,,,0,111,,6377,17,,,0,102,,6380,17,,,0,97,,6382,17,,,0,98,,6381,17,,,0,100,,6379,17,,,0
1601,'5427',1043,,7867,17,,,0,200,,7868,17,,,0,101,,7869,17,,,0,100,,7870,17,,,0,111,,7871,17,,,0,102,,7873,17,,,0,97,,7875,17,,,0,98,,7874,17,,,0,100,,7872,17,,,0
1601,'5428',827,,7877,17,,,0,115,,7876,17,,,0,95,,7878,17,,,0,110,,7880,17,,,0,95,,7881,17,,,0,100,,7879,17,,,0,100,,7882,17,,,0,300,,7883,17,,,0,99,,7884,17,,,0,100,,7885,17,,,0
1601,'5429',846,,7886,17,,,0,100,,7889,17,,,0,100,,7887,17,,,0,100,,7888,17,,,0,101,,7890,17,,,0,100,,7892,17,,,0,99,,7897,17,,,0,100,,7894,17,,,0,105,,7891,17,,,0,100,,7893,17,,,0,100,,7895,17,,,0,100,,7896,17,,,0
1701,'5425',821,,6467,17,0,11 12,0,100,,6468,17,0,11 12,0,116,,6469,17,0,11 12,0,95,,6470,17,0,13 14,0,200,,6472,17,0,11 12,0,210,,6471,17,0,13 14,0,100,,6474,17,0,11 12,0,100,,6473,17,0,15 1 16,0,100,,6475,17,0,13 14,0,170,,6476,17,0,13 14,0
1701,'5426',728,,6458,17,0,11 12,0,87,,6463,17,0,11 12,0,98,,6451,17,0,11 12,0,100,,6454,17,0,11 12,0,101,,6450,17,0,11 12,0,100,,6452,17,0,15 1 16,0,100,,6455,17,0,15 1 16,0,110,,6457,17,0,15 1 16,0,92,,6460,17,0,15 1 16,0,110,,6465,17,0,15 1 16,0,98,,6461,17,0,15 1 16,0,104,,6464,17,0,15 1 16,0,119,,6462,17,0,13 14,0,100,,6456,17,0,13 14,0,155,,6453,17,0,13 14,0,114,,6466,17,0,13 14,0
1701,'5427',728,,7947,17,0,11 12,0,87,,7951,17,0,11 12,0,98,,7940,17,0,11 12,0,100,,7943,17,0,11 12,0,101,,7939,17,0,11 12,0,100,,7941,17,0,15 1 16,0,100,,7944,17,0,15 1 16,0,110,,7946,17,0,15 1 16,0,92,,7948,17,0,15 1 16,0,110,,7953,17,0,15 1 16,0,98,,7949,17,0,15 1 16,0,104,,7952,17,0,15 1 16,0,119,,7950,17,0,13 14,0,100,,7945,17,0,13 14,0,155,,7942,17,0,13 14,0,114,,7954,17,0,13 14,0
1701,'5428',721,,7959,17,0,11 12,0,100,,7956,17,0,11 12,0,90,,7955,17,0,11 12,0,131,,7957,17,0,11 12,0,170,,7960,17,0,15 1 16,0,100,,7961,17,0,15 1 16,0,130,,7958,17,0,15 1 16,0,170,,7962,17,0,15 1 16,0,105,,7963,17,0,15 1 16,0,99,,7965,17,0,13 14,0,105,,7966,17,0,13 14,0,105,,7967,17,0,13 14,0,110,,7964,17,0,13 14,0,120,,7968,17,0,13 14,0
1701,'5429',821,,7969,17,0,11 12,0,100,,7970,17,0,11 12,0,116,,7971,17,0,11 12,0,95,,7972,17,0,13 14,0,200,,7974,17,0,11 12,0,210,,7973,17,0,13 14,0,100,,7976,17,0,11 12,0,100,,7975,17,0,15 1 16,0,100,,7977,17,0,13 14,0,170,,7978,17,0,13 14,0
