700,'4783',1613,,918,37,,,0
700,'4795',657,,891,37,,,0,71,,893,37,,,0,25,,895,37,,,0,71,,897,37,,,0,27,,899,37,,,0,69,,901,37,,,0,28,,903,37,,,0,71,,920,37,,,0,30,,945,37,,,0,90,,907,37,,,0,101,,909,37,,,0,100,,911,37,,,0,103,,913,37,,,0,84,,915,37,,,0,15,,916,37,,,0,100,,921,37,,,0,69,,936,37,,,0,31,,922,37,,,0,65,,937,37,,,0,28,,923,37,,,0,69,,939,37,,,0,99,,2020,37,,,0,98,,941,37,,,0,100,,940,37,,,0,56,,942,37,,,0,96,,943,37,,,0,104,,944,37,,,0
700,'4800',736,,983,37,,,0,101,,946,37,,,0,71,,947,37,,,0,100,,948,37,,,0,31,,955,37,,,0,85,,975,37,,,0,31,,976,37,,,0,64,,963,37,,,0,103,,964,37,,,0,30,,957,37,,,0,100,,959,37,,,0,97,,977,37,,,0,70,,981,37,,,0,15,,956,37,,,0,70,,968,37,,,0,15,,978,37,,,0,93,,969,37,,,0,30,,950,37,,,0,107,,952,37,,,0,110,,972,37,,,0,145,,953,37,,,0,154,,970,37,,,0,96,,974,37,,,0,95,,985,37,,,0
700,'5125',1613,,2470,37,,,0
700,'5127',752,,2472,37,,,0,167,,2474,37,,,0,130,,2477,37,,,0,70,,2476,37,,,0,100,,2485,37,,,0,97,,2478,37,,,0,101,,2492,37,,,0,102,,2487,37,,,0,100,,2484,37,,,0,99,,2491,37,,,0,97,,2493,37,,,0,99,,2495,37,,,0,200,,2497,37,,,0,198,,2496,37,,,0
700,'5128',1535,,2499,37,,,0
1600,'4795',746,,1600,28,0,5,0,71,,1592,28,0,5,0,98,,1587,28,0,5,0,100,,1588,28,0,5,0,100,,1589,28,0,5,0,100,,1595,28,0,5,0,100,,1590,28,0,5,0,103,,1586,28,0,5,0,104,,1593,28,0,5,0,109,,1594,28,0,5,0,100,,1597,28,0,5,0,93,,1599,28,0,5,0,98,,1598,28,0,5,0,99,,1596,28,0,5,0
1600,'4800',1011,,1603,28,0,5,0,95,,1602,28,0,5,0,111,,1606,28,0,5,0,95,,1607,28,0,5,0,101,,1601,28,0,5,0,100,,1609,28,0,5,0,100,,1604,28,0,5,0,105,,1608,28,0,5,0,95,,1610,28,0,5,0,97,,1611,28,0,5,0,100,,1612,28,0,5,0
1600,'5127',914,,2634,28,0,5,0,100,,2637,28,0,5,0,100,,2635,28,0,5,0,101,,2636,28,0,5,0,102,,2638,28,0,5,0,100,,2641,28,0,5,0,99,,2644,28,0,5,0,100,,2642,28,0,5,0,105,,2639,28,0,5,0,99,,2640,28,0,5,0,97,,2643,28,0,5,0,100,,2645,28,0,5,0
1600,'5128',854,,2646,28,0,5,0
7601,'4783',1513,,1833,2,,,0
7601,'5125',1513,,2715,2,,,0
