301,'4327',836,,3189,15,,,0,100,,3190,15,,,0,101,,3195,15,,,0,103,,3191,15,,,0,97,,3196,15,,,0,200,,3193,15,,,0,398,,3197,15,,,0,106,,3199,15,,,0,100,,3201,15,,,0,100,,3202,15,,,0
301,'4332',839,,3247,15,,,0,70,,3251,15,,,0,31,,3256,15,,,0,70,,3253,15,,,0,30,,3252,15,,,0,70,,3255,15,,,0,30,,3254,15,,,0,70,,3250,15,,,0,30,,3257,15,,,0,70,,3259,15,,,0,30,,3260,15,,,0,70,,3261,15,,,0,100,,3262,15,,,0,30,,3264,15,,,0,70,,3265,15,,,0,30,,3267,15,,,0,70,,3263,15,,,0,30,,3269,15,,,0,75,,3266,15,,,0,25,,3270,15,,,0,85,,3268,15,,,0,105,,3271,15,,,0,105,,3272,15,,,0,105,,3273,15,,,0,100,,3274,15,,,0
301,'4480',648,,3218,15,,,0,9,,3217,15,,,0,71,,3210,15,,,0,16,,3219,15,,,0,56,,3229,15,,,0,20,,3213,15,,,0,20,,3220,15,,,0,70,,3228,15,,,0,30,,3225,15,,,0,71,,3243,15,,,0,30,,3207,15,,,0,70,,3204,15,,,0,30,,3230,15,,,0,70,,3214,15,,,0,30,,3242,15,,,0,71,,3236,15,,,0,30,,3235,15,,,0,71,,3241,15,,,0,15,,3234,15,,,0,15,,3239,15,,,0,10,,3244,15,,,0,60,,3237,15,,,0,15,,3232,15,,,0,15,,3212,15,,,0,15,,3211,15,,,0,55,,3208,15,,,0,15,,3240,15,,,0,15,,3209,15,,,0,14,,3223,15,,,0,55,,3222,15,,,0,15,,3215,15,,,0,15,,3216,15,,,0,70,,3238,15,,,0,29,,3227,15,,,0,70,,3245,15,,,0,30,,3205,15,,,0,99,,3233,15,,,0,100,,3224,15,,,0,100,,3231,15,,,0,99,,3203,15,,,0
301,'5010',1337,,3192,15,,,0,200,,3198,15,,,0,100,,3194,15,,,0,98,,3200,15,,,0
301,'5196',1337,,4574,15,,,0,200,,4576,15,,,0,100,,4575,15,,,0,98,,4577,15,,,0
301,'5244',1440,,4578,15,,,0
1301,'5010',1121,,4192,4,,,0,325,,4190,4,,,0,270,,4191,4,,,0
1301,'5196',1121,,4649,4,,,0,325,,4647,4,,,0,270,,4648,4,,,0
1301,'5244',811,,4651,4,,,0,105,,4652,4,,,0,100,,4656,4,,,0,100,,4650,4,,,0,195,,4654,4,,,0,145,,4653,4,,,0,100,,4657,4,,,0,100,,4658,4,,,0,100,,4659,4,,,0,100,,4655,4,,,0,100,,4660,4,,,0
1301,'5246',806,,4194,4,,,0,108,,4197,4,,,0,100,,4196,4,,,0,100,,4195,4,,,0,210,,4193,4,,,0,103,,4198,4,,,0,108,,4199,4,,,0,108,,4200,4,,,0,108,,4201,4,,,0,105,,4202,4,,,0
1301,'5247',806,,4662,4,,,0,108,,4665,4,,,0,100,,4664,4,,,0,100,,4663,4,,,0,210,,4661,4,,,0,103,,4666,4,,,0,108,,4667,4,,,0,108,,4668,4,,,0,108,,4669,4,,,0,105,,4670,4,,,0
1401,'4327',1052,,4247,4,,,0,265,,4250,4,,,0,495,,4253,4,,,0
1401,'4332',747,,4270,4,,,0,175,,4274,4,,,0,95,,4278,4,,,0,100,,4276,4,,,0,200,,4279,4,,,0,315,,4275,4,,,0,210,,4273,4,,,0,100,,4277,4,,,0
1401,'4480',717,,4254,4,,,0,315,,4255,4,,,0,515,,4265,4,,,0,80,,4264,4,,,0,75,,4266,4,,,0,40,,4267,4,,,0,105,,4260,4,,,0
1401,'5010',852,,4248,4,,,0,370,,4252,4,,,0,195,,4249,4,,,0,130,,4251,4,,,0
1401,'5196',852,,4686,4,,,0,370,,4689,4,,,0,195,,4687,4,,,0,130,,4688,4,,,0
1401,'5244',1217,,4691,4,,,0,205,,4690,4,,,0
1401,'5246',601,,4261,4,,,0,31,,4262,4,,,0,110,,4256,4,,,0,84,,4259,4,,,0,91,,4257,4,,,0,300,,4263,4,,,0,215,,4258,4,,,0,570,,4268,4,,,0,30,,4269,4,,,0
1401,'5247',601,,4696,4,,,0,31,,4697,4,,,0,110,,4692,4,,,0,84,,4695,4,,,0,91,,4693,4,,,0,300,,4698,4,,,0,215,,4694,4,,,0,570,,4699,4,,,0,30,,4700,4,,,0
