701,'4327',723,,3703,30,,,0,27,,3704,33,,,0,100,,3705,30,,,0,97,,3706,33,,,0,73,,3709,30,,,0,30,,3707,30,,,0,67,,3708,33,,,0,33,,3716,30,,,0,67,,3711,33,,,0,29,,3710,30,,,0,72,,3713,33,,,0,28,,3723,30,,,0,72,,3715,33,,,0,29,,3719,30,,,0,71,,3714,33,,,0,29,,3712,30,,,0,71,,3718,33,,,0,27,,3722,30,,,0,72,,3717,33,,,0,27,,3724,30,,,0,71,,3720,33,,,0,29,,3726,30,,,0,101,,3721,33,,,0,99,,3729,30,,,0,104,,3725,33,,,0,95,,3727,30,,,0,101,,3728,33,,,0
701,'4795',610,,1013,13,,,0,18,,1014,30,,,0,17,,1015,33,,,0,14,,1016,30,,,0,56,,1017,33,,,0,6,,1018,30,,,0,10,,1019,33,,,0,16,,1020,30,,,0,60,,1021,33,,,0,11,,1022,30,,,0,19,,1023,33,,,0,11,,1024,30,,,0,56,,1025,33,,,0,12,,1026,30,,,0,18,,1027,33,,,0,13,,1063,30,,,0,57,,1028,33,,,0,13,,1068,30,,,0,17,,1029,33,,,0,69,,1030,30,,,0,34,,2501,33,,,0,67,,1032,30,,,0,32,,1033,33,,,0,68,,1034,30,,,0,32,,1035,33,,,0,69,,1036,30,,,0,34,,1037,33,,,0,11,,1038,30,,,0,55,,1039,30,,,0,18,,1040,33,,,0,13,,2502,30,,,0,17,,1042,33,,,0,52,,1043,30,,,0,18,,1044,33,,,0,12,,1045,30,,,0,18,,1046,33,,,0,52,,1047,30,,,0,18,,1048,33,,,0,11,,1049,30,,,0,18,,1050,33,,,0,50,,1064,30,,,0,16,,2050,33,,,0,13,,1051,30,,,0,72,,1052,33,,,0,27,,2048,30,,,0,73,,2503,33,,,0,27,,1055,30,,,0,71,,1056,33,,,0,29,,1057,30,,,0,70,,2049,33,,,0,29,,1059,30,,,0,30,,1060,33,,,0,68,,1061,30,,,0,73,,1062,33,,,0,31,,1066,30,,,0,70,,1067,33,,,0
701,'4800',638,,1107,33,,,0,70,,1106,30,,,0,31,,1094,33,,,0,70,,1070,30,,,0,31,,1069,30,,,0,71,,1071,33,,,0,29,,1072,30,,,0,71,,1080,30,,,0,31,,1085,33,,,0,14,,1098,30,,,0,56,,1084,33,,,0,15,,1099,30,,,0,22,,1087,30,,,0,72,,1083,33,,,0,28,,1086,30,,,0,70,,1079,30,,,0,32,,1089,33,,,0,68,,1082,30,,,0,30,,1102,33,,,0,53,,2531,30,,,0,15,,1103,30,,,0,16,,1091,33,,,0,14,,1101,30,,,0,55,,1078,30,,,0,16,,2532,33,,,0,14,,1088,30,,,0,15,,1100,30,,,0,64,,1081,33,,,0,29,,1092,30,,,0,70,,1073,30,,,0,36,,1076,33,,,0,73,,1077,30,,,0,36,,1095,33,,,0,74,,1096,30,,,0,105,,1075,30,,,0,96,,1074,33,,,0,101,,1093,30,,,0,98,,1097,30,,,0,26,,1105,33,,,0,69,,1108,30,,,0
701,'5102',610,,3730,13,,,0,18,,3731,30,,,0,17,,3732,33,,,0,14,,3733,30,,,0,56,,3734,33,,,0,16,,3735,33,,,0,16,,3736,30,,,0,60,,3737,33,,,0,11,,3738,30,,,0,19,,3739,33,,,0,11,,3740,30,,,0,56,,3741,33,,,0,12,,3742,30,,,0,18,,3743,33,,,0,13,,3779,30,,,0,57,,3744,33,,,0,13,,3784,30,,,0,17,,3745,33,,,0,69,,3746,30,,,0,34,,3747,33,,,0,67,,3748,30,,,0,32,,3749,33,,,0,68,,3750,30,,,0,32,,3751,33,,,0,69,,3752,30,,,0,34,,3753,33,,,0,11,,3754,30,,,0,55,,3755,30,,,0,18,,3756,33,,,0,13,,3757,30,,,0,17,,3758,33,,,0,52,,3759,30,,,0,18,,3760,33,,,0,12,,3761,30,,,0,18,,3762,33,,,0,52,,3763,30,,,0,18,,3764,33,,,0,11,,3765,30,,,0,18,,3766,33,,,0,50,,3780,30,,,0,16,,3781,33,,,0,13,,3767,30,,,0,72,,3768,33,,,0,27,,3769,30,,,0,73,,3770,33,,,0,27,,3771,30,,,0,71,,3772,33,,,0,29,,3773,30,,,0,70,,3774,33,,,0,29,,3775,30,,,0,30,,3776,33,,,0,68,,3777,30,,,0,73,,3778,33,,,0,31,,3782,30,,,0,70,,3783,33,,,0
701,'5105',638,,3823,33,,,0,70,,3822,30,,,0,31,,3810,33,,,0,70,,3786,30,,,0,31,,3785,30,,,0,71,,3787,33,,,0,29,,3788,30,,,0,71,,3796,30,,,0,31,,3801,33,,,0,14,,3814,30,,,0,56,,3800,33,,,0,15,,3815,30,,,0,22,,3803,30,,,0,72,,3799,33,,,0,28,,3802,30,,,0,70,,3795,30,,,0,32,,3805,33,,,0,68,,3798,30,,,0,30,,3818,33,,,0,53,,3806,30,,,0,15,,3819,30,,,0,16,,3807,33,,,0,14,,3817,30,,,0,55,,3794,30,,,0,16,,3820,33,,,0,14,,3804,30,,,0,15,,3816,30,,,0,64,,3797,33,,,0,29,,3808,30,,,0,70,,3789,30,,,0,36,,3792,33,,,0,73,,3793,30,,,0,36,,3811,33,,,0,74,,3812,30,,,0,105,,3791,30,,,0,96,,3790,33,,,0,101,,3809,30,,,0,98,,3813,30,,,0,26,,3821,33,,,0,69,,3824,30,,,0
7300,'4795',738,,1828,6,,,0
7300,'5102',738,,4534,6,,,0
7301,'4795',1525,,1829,20,,,0
7301,'5102',1525,,4535,20,,,0
7900,'4795',743,,2718,6,0,6,0
7900,'5102',743,,4543,6,0,6,0
7901,'5095',1507,,2720,6,0,6,0
7901,'5097',1507,,2719,6,0,6,0
7901,'5103',1507,,4544,6,0,6,0
7901,'5104',1507,,4545,6,0,6,0
