1600,'4528',654,,6335,13,,,0,82,,6344,13,0,5,0,67,,6336,13,0,5,0,99,,6331,13,0,5,0,100,,6332,13,0,5,0,200,,6339,13,0,5,0
1600,'4532',1602,,6360,13,0,5,0,105,,6364,13,0,5,0
1600,'5425',904,,6345,13,0,5,0,100,,6348,13,0,5,0,100,,6346,13,0,5,0,100,,6347,13,0,5,0,102,,6349,13,0,5,0,100,,6352,13,0,5,0,99,,6355,13,0,5,0,100,,6353,13,0,5,0,105,,6350,13,0,5,0,99,,6351,13,0,5,0,99,,6354,13,0,5,0,100,,6356,13,0,5,0
1600,'5426',1102,,6333,13,0,5,0,200,,6334,13,0,5,0,102,,6330,13,0,5,0,101,,6337,13,0,5,0,112,,6338,13,0,5,0,101,,6341,13,0,5,0,95,,6343,13,0,5,0,98,,6342,13,0,5,0,100,,6340,13,0,5,0
1600,'5427',1102,,7837,13,0,5,0,200,,7838,13,0,5,0,102,,7836,13,0,5,0,101,,7839,13,0,5,0,112,,7840,13,0,5,0,101,,7842,13,0,5,0,95,,7844,13,0,5,0,98,,7843,13,0,5,0,100,,7841,13,0,5,0
1600,'5428',845,,7848,13,0,5,0,155,,7847,13,0,5,0,55,,7846,13,0,5,0,151,,7849,13,0,5,0,95,,7850,13,0,5,0,101,,7845,13,0,5,0,100,,7851,13,0,5,0,300,,7852,13,0,5,0,98,,7853,13,0,5,0,100,,7854,13,0,5,0
1600,'5429',904,,7855,13,0,5,0,100,,7858,13,0,5,0,100,,7856,13,0,5,0,100,,7857,13,0,5,0,102,,7859,13,0,5,0,100,,7862,13,0,5,0,99,,7865,13,0,5,0,100,,7863,13,0,5,0,105,,7860,13,0,5,0,99,,7861,13,0,5,0,99,,7864,13,0,5,0,100,,7866,13,0,5,0
1700,'4528',728,,6418,44,,,0
1700,'5425',917,,6426,44,,,0,100,,6427,44,,,0,102,,6428,25,,,0,96,,6429,43,,,0,200,,6431,25,,,0,208,,6430,13,,,0,102,,6432,25,,,0,112,,6433,25,,,0,85,,6434,13,,,0,130,,6435,13,,,0
1700,'5426',701,,6410,44,,,0,129,,6416,44,,,0,86,,6422,44,,,0,99,,6409,44,,,0,100,,6413,44,,,0,100,,6408,44,,,0,99,,6411,25,,,0,101,,6414,25,,,0,115,,6417,25,,,0,93,,6419,25,,,0,107,,6424,25,,,0,97,,6420,25,,,0,113,,6423,44,,,0,87,,6421,13,,,0,98,,6415,13,,,0,115,,6412,13,,,0,114,,6425,13,,,0
1700,'5427',701,,7900,44,,,0,129,,7906,44,,,0,86,,7911,44,,,0,99,,7899,44,,,0,100,,7903,44,,,0,100,,7898,44,,,0,99,,7901,25,,,0,101,,7904,25,,,0,115,,7907,25,,,0,93,,7908,25,,,0,107,,7913,25,,,0,97,,7909,25,,,0,113,,7912,44,,,0,87,,7910,13,,,0,98,,7905,13,,,0,115,,7902,13,,,0,114,,7914,13,,,0
1700,'5428',809,,7915,44,,,0,103,,7916,44,,,0,90,,7917,44,,,0,132,,7918,44,,,0,169,,7919,25,,,0,103,,7920,25,,,0,130,,7921,25,,,0,171,,7922,25,,,0,104,,7923,25,,,0,45,,7924,13,,,0,145,,7925,13,,,0,105,,7926,13,,,0,110,,7927,13,,,0,119,,7928,13,,,0
1700,'5429',917,,7929,44,,,0,100,,7930,44,,,0,102,,7931,25,,,0,96,,7932,43,,,0,200,,7934,25,,,0,208,,7933,13,,,0,102,,7935,25,,,0,112,,7936,25,,,0,85,,7937,13,,,0,130,,7938,13,,,0
