1700,'4528',708,,6418,19,,,0
1700,'5425',859,,6426,19,,,0,100,,6427,19,,,0,198,,6429,18,,,0
1700,'5426',642,,6410,19,,,0,165,,6416,19,,,0,50,,6422,19,,,0,99,,6409,19,,,0,100,,6413,19,,,0,100,,6408,19,,,0,767,,6423,19,,,0
1700,'5427',642,,7900,19,,,0,165,,7906,19,,,0,50,,7911,19,,,0,99,,7899,19,,,0,100,,7903,19,,,0,100,,7898,19,,,0,767,,7912,19,,,0
1700,'5428',751,,7915,19,,,0,103,,7916,19,,,0,90,,7917,19,,,0,171,,7918,19,,,0
1700,'5429',859,,7929,19,,,0,100,,7930,19,,,0,198,,7932,18,,,0
1701,'5425',1554,,6471,31,0,13 14,0,200,,6473,31,0,15 1 16,0,100,,6475,31,0,13 14,0,170,,6476,31,0,13 14,0
1701,'5426',1225,,6452,31,0,15 1 16,0,102,,6455,31,0,15 1 16,0,111,,6457,31,0,15 1 16,0,93,,6460,31,0,15 1 16,0,108,,6465,31,0,15 1 16,0,98,,6461,31,0,15 1 16,0,104,,6464,31,0,15 1 16,0,159,,6462,31,0,13 14,0,58,,6456,31,0,13 14,0,155,,6453,31,0,13 14,0,114,,6466,31,0,13 14,0
1701,'5427',1225,,7941,31,0,15 1 16,0,102,,7944,31,0,15 1 16,0,111,,7946,31,0,15 1 16,0,93,,7948,31,0,15 1 16,0,108,,7953,31,0,15 1 16,0,98,,7949,31,0,15 1 16,0,104,,7952,31,0,15 1 16,0,159,,7950,31,0,13 14,0,58,,7945,31,0,13 14,0,155,,7942,31,0,13 14,0,114,,7954,31,0,13 14,0
1701,'5428',1224,,7960,31,0,15 1 16,0,100,,7961,31,0,15 1 16,0,130,,7958,31,0,15 1 16,0,170,,7962,31,0,15 1 16,0,105,,7963,31,0,15 1 16,0,99,,7965,31,0,13 14,0,105,,7966,31,0,13 14,0,105,,7967,31,0,13 14,0,110,,7964,31,0,13 14,0,159,,7968,31,0,13 14,0
1701,'5429',1554,,7973,31,0,13 14,0,200,,7975,31,0,15 1 16,0,100,,7977,31,0,13 14,0,170,,7978,31,0,13 14,0
