301,'4327',839,,3189,19,,,0,100,,3190,19,,,0,101,,3195,19,,,0,103,,3191,19,,,0,98,,3196,19,,,0,100,,3192,19,,,0,100,,3193,19,,,0,100,,3198,19,,,0,100,,3194,19,,,0,98,,3200,19,,,0,99,,3197,19,,,0,106,,3199,19,,,0,99,,3201,19,,,0,100,,3202,19,,,0
301,'4795',650,,498,19,,,0,9,,2371,19,,,0,71,,490,19,,,0,17,,499,19,,,0,56,,509,19,,,0,20,,493,19,,,0,20,,500,19,,,0,70,,508,19,,,0,30,,505,19,,,0,71,,523,19,,,0,30,,487,19,,,0,70,,484,19,,,0,31,,510,19,,,0,70,,494,19,,,0,30,,522,19,,,0,71,,516,19,,,0,30,,515,19,,,0,71,,521,19,,,0,15,,514,19,,,0,15,,519,19,,,0,10,,1957,19,,,0,60,,517,19,,,0,15,,512,19,,,0,15,,492,19,,,0,55,,491,19,,,0,15,,488,19,,,0,15,,520,19,,,0,15,,489,19,,,0,54,,503,19,,,0,14,,502,19,,,0,15,,495,19,,,0,15,,496,19,,,0,70,,518,19,,,0,29,,507,19,,,0,70,,525,19,,,0,30,,485,19,,,0,99,,1956,19,,,0,100,,504,19,,,0,100,,511,19,,,0,98,,483,19,,,0
301,'4800',842,,527,19,,,0,70,,531,19,,,0,31,,536,19,,,0,70,,533,19,,,0,30,,2387,19,,,0,70,,535,19,,,0,30,,534,19,,,0,71,,530,19,,,0,30,,537,19,,,0,70,,539,19,,,0,30,,2388,19,,,0,70,,541,19,,,0,30,,538,19,,,0,70,,542,19,,,0,30,,544,19,,,0,70,,545,19,,,0,30,,547,19,,,0,70,,543,19,,,0,30,,549,19,,,0,75,,546,19,,,0,24,,550,19,,,0,85,,2389,19,,,0,105,,551,19,,,0,105,,552,19,,,0,104,,553,19,,,0,100,,554,19,,,0
301,'5102',650,,3218,19,,,0,9,,3217,19,,,0,71,,3210,19,,,0,17,,3219,19,,,0,56,,3229,19,,,0,20,,3213,19,,,0,20,,3220,19,,,0,70,,3228,19,,,0,30,,3225,19,,,0,71,,3243,19,,,0,30,,3207,19,,,0,70,,3204,19,,,0,31,,3230,19,,,0,70,,3214,19,,,0,30,,3242,19,,,0,71,,3236,19,,,0,30,,3235,19,,,0,71,,3241,19,,,0,15,,3234,19,,,0,15,,3239,19,,,0,10,,3244,19,,,0,60,,3237,19,,,0,15,,3232,19,,,0,15,,3212,19,,,0,55,,3211,19,,,0,15,,3208,19,,,0,15,,3240,19,,,0,15,,3209,19,,,0,54,,3223,19,,,0,14,,3222,19,,,0,15,,3215,19,,,0,15,,3216,19,,,0,70,,3238,19,,,0,29,,3227,19,,,0,70,,3245,19,,,0,30,,3205,19,,,0,99,,3233,19,,,0,100,,3224,19,,,0,100,,3231,19,,,0,98,,3203,19,,,0
301,'5105',842,,3247,19,,,0,70,,3251,19,,,0,31,,3256,19,,,0,70,,3253,19,,,0,30,,3252,19,,,0,70,,3255,19,,,0,30,,3254,19,,,0,71,,3250,19,,,0,30,,3257,19,,,0,70,,3259,19,,,0,30,,3260,19,,,0,70,,3261,19,,,0,30,,3258,19,,,0,70,,3262,19,,,0,30,,3264,19,,,0,70,,3265,19,,,0,30,,3267,19,,,0,70,,3263,19,,,0,30,,3269,19,,,0,75,,3266,19,,,0,24,,3270,19,,,0,85,,3268,19,,,0,105,,3271,19,,,0,105,,3272,19,,,0,104,,3273,19,,,0,100,,3274,19,,,0
1400,'4795',804,,1517,16,0,7 8 2 9 2 10,0,650,,1519,16,0,9,0
1400,'5102',804,,4223,16,0,7 8 2 9 2 10,0,650,,4225,16,0,9,0
8001,'5095',1450,,1840,1,,,0
8001,'5097',1450,,1841,1,,,0
8001,'5103',1450,,4546,1,,,0
8001,'5104',1450,,4547,1,,,0
8100,'4795',755,,1842,25,,,0
8100,'5102',755,,4548,25,,,0
