401,'4783',2215,,654,4,,,0,118,,661,4,,,0
401,'4795',609,,634,4,,,0,25,,638,4,,,0,87,,636,4,,,0,30,,640,4,,,0,70,,637,4,,,0,30,,641,4,,,0,70,,662,4,,,0,30,,635,4,,,0,70,,644,4,,,0,30,,645,4,,,0,71,,643,4,,,0,30,,642,4,,,0,70,,651,4,,,0,30,,663,4,,,0,70,,650,4,,,0,30,,639,4,,,0,70,,660,4,,,0,30,,649,4,,,0,7,,664,4,,,0,63,,659,4,,,0,30,,656,4,,,0,52,,665,4,,,0,18,,647,4,,,0,30,,646,4,,,0,70,,655,4,,,0,30,,648,4,,,0,69,,657,4,,,0,97,,658,4,,,0,97,,653,4,,,0,100,,652,4,,,0
401,'4800',1216,,678,4,,,0,28,,675,4,,,0,67,,677,4,,,0,28,,679,4,,,0,67,,681,4,,,0,30,,683,4,,,0,67,,684,4,,,0,29,,682,4,,,0,27,,686,4,,,0,66,,687,4,,,0,27,,685,4,,,0,67,,680,4,,,0,27,,688,4,,,0,67,,690,4,,,0,35,,689,4,,,0,100,,691,4,,,0,100,,692,4,,,0,100,,693,4,,,0
401,'5125',2215,,2412,4,,,0,118,,2413,4,,,0
401,'5127',816,,2417,4,,,0,117,,2414,4,,,0,120,,2415,4,,,0,160,,2416,4,,,0,94,,2420,4,,,0,126,,2418,4,,,0,167,,2419,4,,,0,125,,2421,4,,,0,120,,2422,4,,,0
401,'5128',803,,2423,4,,,0,25,,2424,4,,,0,25,,2426,4,,,0,65,,2425,4,,,0,25,,2427,4,,,0,65,,2429,4,,,0,25,,2430,4,,,0,26,,2431,4,,,0,65,,2428,4,,,0,26,,2432,4,,,0,1098,,2433,4,,,0
901,'4783',1246,,1311,16,,,0,156,,1316,16,,,0,248,,1328,16,,,0,166,,1335,16,,,0
901,'4795',612,,1286,16,,,0,31,,1287,16,,,0,71,,1288,16,,,0,16,,1289,16,,,0,16,,1290,16,,,0,56,,1291,16,,,0,15,,1292,16,,,0,15,,1293,16,,,0,7,,1294,16,,,0,9,,1295,16,,,0,53,,1296,16,,,0,15,,1297,16,,,0,15,,1298,16,,,0,15,,1299,16,,,0,55,,1300,16,,,0,15,,1301,16,,,0,15,,1302,16,,,0,15,,1303,16,,,0,55,,1304,16,,,0,16,,1305,16,,,0,15,,1306,16,,,0,15,,1307,16,,,0,55,,1308,16,,,0,15,,1309,16,,,0,15,,1310,16,,,0,70,,1312,16,,,0,15,,1313,16,,,0,15,,1314,16,,,0,15,,1315,16,,,0,69,,1317,16,,,0,16,,1318,16,,,0,14,,1319,16,,,0,55,,1320,16,,,0,17,,1321,16,,,0,7,,1322,16,,,0,8,,1323,16,,,0,16,,1324,16,,,0,54,,1325,16,,,0,15,,1326,16,,,0,17,,1327,16,,,0,70,,1329,16,,,0,7,,1330,16,,,0,6,,1331,16,,,0,14,,1332,16,,,0,15,,1333,16,,,0,55,,1334,16,,,0,29,,1336,16,,,0,15,,1337,16,,,0,55,,1338,16,,,0,14,,1339,16,,,0,15,,1340,16,,,0,16,,1341,16,,,0,54,,1342,16,,,0,15,,1343,16,,,0,20,,1344,16,,,0,20,,1345,16,,,0,74,,1346,16,,,0,30,,1347,16,,,0,66,,1348,16,,,0,33,,2115,16,,,0,67,,1350,16,,,0,32,,2116,16,,,0,66,,1352,16,,,0,30,,2117,16,,,0
901,'4800',612,,1392,16,,,0,30,,1393,16,,,0,72,,1380,16,,,0,30,,1376,16,,,0,71,,1354,16,,,0,30,,1358,16,,,0,71,,1356,16,,,0,30,,1355,16,,,0,70,,1357,16,,,0,29,,1359,16,,,0,55,,1386,16,,,0,15,,1360,16,,,0,15,,1384,16,,,0,15,,1362,16,,,0,72,,1363,16,,,0,30,,1364,16,,,0,70,,1361,16,,,0,31,,1365,16,,,0,70,,1366,16,,,0,13,,1391,16,,,0,15,,1368,16,,,0,55,,1388,16,,,0,15,,1370,16,,,0,15,,1390,16,,,0,15,,1372,16,,,0,55,,1385,16,,,0,15,,1373,16,,,0,15,,1387,16,,,0,15,,1369,16,,,0,55,,1389,16,,,0,15,,1367,16,,,0,30,,1371,16,,,0,75,,1374,16,,,0,80,,1382,16,,,0,30,,1377,16,,,0,100,,1378,16,,,0,100,,1379,16,,,0,99,,1375,16,,,0,105,,1381,16,,,0,103,,1383,16,,,0,103,,1394,16,,,0
901,'5125',1246,,2571,16,,,0,156,,2572,16,,,0,248,,2573,16,,,0,166,,2574,16,,,0
901,'5127',713,,2575,16,,,0,30,,2578,16,,,0,70,,2576,16,,,0,30,,2577,16,,,0,70,,2582,16,,,0,31,,2579,16,,,0,70,,2581,16,,,0,30,,2580,16,,,0,70,,2585,16,,,0,30,,2583,16,,,0,70,,2584,16,,,0,31,,2588,16,,,0,70,,2590,16,,,0,30,,2589,16,,,0,70,,2586,16,,,0,30,,2587,16,,,0,71,,2602,16,,,0,30,,2592,16,,,0,70,,2593,16,,,0,29,,2591,16,,,0,70,,2594,16,,,0,30,,2595,16,,,0,70,,2607,16,,,0,30,,2599,16,,,0,70,,2596,16,,,0,29,,2598,16,,,0,70,,2597,16,,,0,30,,2600,16,,,0,70,,2606,16,,,0,30,,2601,16,,,0,70,,2603,16,,,0,29,,2604,16,,,0,70,,2605,16,,,0,30,,2608,16,,,0
