301,'4528',756,,5291,8,,,0,150,,5290,8,,,0,401,,5297,8,,,0,230,,5275,8,,,0,115,,5285,8,,,0,155,,5299,8,,,0
301,'4532',1306,,5333,8,,,0,130,,5332,8,,,0,100,,5338,8,,,0,100,,5342,8,,,0
301,'5221',1533,,5315,8,,,0,298,,5314,8,,,0,106,,5316,8,,,0
301,'5425',833,,5306,8,,,0,100,,5307,8,,,0,100,,5312,8,,,0,103,,5308,8,,,0,97,,5313,8,,,0,100,,5309,8,,,0,100,,5310,8,,,0,200,,5311,8,,,0,98,,5317,8,,,0,306,,5318,8,,,0,100,,5319,8,,,0
301,'5426',654,,5280,8,,,0,70,,5273,8,,,0,16,,5281,8,,,0,76,,5276,8,,,0,20,,5282,8,,,0,100,,5287,8,,,0,70,,5304,8,,,0,30,,5270,8,,,0,70,,5268,8,,,0,30,,5292,8,,,0,70,,5277,8,,,0,30,,5303,8,,,0,101,,5296,8,,,0,70,,5302,8,,,0,30,,5300,8,,,0,70,,5298,8,,,0,15,,5294,8,,,0,30,,5274,8,,,0,55,,5271,8,,,0,15,,5301,8,,,0,15,,5272,8,,,0,70,,5284,8,,,0,15,,5278,8,,,0,15,,5279,8,,,0,99,,5289,8,,,0,70,,5305,8,,,0,30,,5269,8,,,0,100,,5295,8,,,0,100,,5286,8,,,0,100,,5293,8,,,0,100,,5267,8,,,0
301,'5427',654,,6951,8,,,0,70,,6945,8,,,0,16,,6952,8,,,0,76,,6947,8,,,0,20,,6953,8,,,0,100,,6957,8,,,0,70,,6969,8,,,0,30,,6942,8,,,0,70,,6940,8,,,0,30,,6959,8,,,0,70,,6948,8,,,0,30,,6968,8,,,0,101,,6963,8,,,0,70,,6967,8,,,0,30,,6965,8,,,0,70,,6964,8,,,0,15,,6961,8,,,0,30,,6946,8,,,0,55,,6943,8,,,0,15,,6966,8,,,0,15,,6944,8,,,0,70,,6955,8,,,0,15,,6949,8,,,0,15,,6950,8,,,0,99,,6958,8,,,0,70,,6970,8,,,0,30,,6941,8,,,0,100,,6962,8,,,0,100,,6956,8,,,0,100,,6960,8,,,0,100,,6939,8,,,0
301,'5428',836,,6973,8,,,0,70,,6975,8,,,0,30,,6980,8,,,0,70,,6978,8,,,0,30,,6977,8,,,0,70,,6976,8,,,0,30,,6979,8,,,0,70,,6972,8,,,0,30,,6981,8,,,0,100,,6982,8,,,0,70,,6983,8,,,0,100,,6984,8,,,0,100,,6986,8,,,0,100,,6985,8,,,0,30,,6990,8,,,0,75,,6987,8,,,0,25,,6988,8,,,0,85,,6989,8,,,0,105,,6991,8,,,0,105,,6992,8,,,0,105,,6993,8,,,0,100,,6994,8,,,0
301,'5429',833,,6995,8,,,0,100,,6996,8,,,0,100,,7001,8,,,0,103,,6997,8,,,0,97,,7002,8,,,0,100,,6998,8,,,0,100,,6999,8,,,0,200,,7000,8,,,0,98,,7003,8,,,0,306,,7004,8,,,0,100,,7005,8,,,0
1000,'4528',744,,6179,7,,,0,303,,6190,7,,,0,160,,6191,7,,,0,40,,6188,7,,,0,80,,6192,7,,,0,81,,6185,7,,,0,40,,6186,7,,,0,79,,6187,7,,,0,80,,6183,7,,,0,40,,6184,7,,,0,79,,6182,7,,,0,80,,6181,7,,,0,38,,6178,7,,,0,80,,6180,7,,,0
1000,'5426',729,,6175,7,,,0,74,,6176,7,,,0,37,,6177,7,,,0,92,,6189,7,,,0,1179,,6193,7,,,0
1000,'5427',729,,7785,7,,,0,74,,7786,7,,,0,37,,7787,7,,,0,92,,7788,7,,,0,1179,,7789,7,,,0
