1600,'4528',657,,6335,17,,,0,82,,6344,17,0,5,0,68,,6336,17,0,5,0,99,,6331,17,0,5,0,100,,6332,17,0,5,0,200,,6339,17,0,5,0
1600,'4532',1605,,6360,17,0,5,0,105,,6364,17,0,5,0
1600,'5425',907,,6345,17,0,5,0,100,,6348,17,0,5,0,100,,6346,17,0,5,0,100,,6347,17,0,5,0,102,,6349,17,0,5,0,100,,6352,17,0,5,0,99,,6355,17,0,5,0,100,,6353,17,0,5,0,105,,6350,17,0,5,0,99,,6351,17,0,5,0,98,,6354,17,0,5,0,100,,6356,17,0,5,0
1600,'5426',1106,,6333,17,0,5,0,200,,6334,17,0,5,0,103,,6330,17,0,5,0,101,,6337,17,0,5,0,112,,6338,17,0,5,0,100,,6341,17,0,5,0,94,,6343,17,0,5,0,98,,6342,17,0,5,0,99,,6340,17,0,5,0
1600,'5427',1106,,7837,17,0,5,0,200,,7838,17,0,5,0,103,,7836,17,0,5,0,101,,7839,17,0,5,0,112,,7840,17,0,5,0,100,,7842,17,0,5,0,94,,7844,17,0,5,0,98,,7843,17,0,5,0,99,,7841,17,0,5,0
1600,'5428',847,,7848,17,0,5,0,156,,7847,17,0,5,0,55,,7846,17,0,5,0,151,,7849,17,0,5,0,95,,7850,17,0,5,0,101,,7845,17,0,5,0,100,,7851,17,0,5,0,300,,7852,17,0,5,0,97,,7853,17,0,5,0,100,,7854,17,0,5,0
1600,'5429',907,,7855,17,0,5,0,100,,7858,17,0,5,0,100,,7856,17,0,5,0,100,,7857,17,0,5,0,102,,7859,17,0,5,0,100,,7862,17,0,5,0,99,,7865,17,0,5,0,100,,7863,17,0,5,0,105,,7860,17,0,5,0,99,,7861,17,0,5,0,98,,7864,17,0,5,0,100,,7866,17,0,5,0
1700,'4528',731,,6418,48,,,0
1700,'5425',919,,6426,48,,,0,100,,6427,48,,,0,102,,6428,29,,,0,96,,6429,47,,,0,200,,6431,29,,,0,208,,6430,17,,,0,102,,6432,29,,,0,112,,6433,29,,,0,85,,6434,17,,,0,130,,6435,17,,,0
1700,'5426',704,,6410,48,,,0,130,,6416,48,,,0,86,,6422,48,,,0,99,,6409,48,,,0,100,,6413,48,,,0,100,,6408,48,,,0,99,,6411,29,,,0,101,,6414,29,,,0,115,,6417,29,,,0,93,,6419,29,,,0,107,,6424,29,,,0,96,,6420,29,,,0,113,,6423,48,,,0,87,,6421,17,,,0,98,,6415,17,,,0,115,,6412,17,,,0,114,,6425,17,,,0
1700,'5427',704,,7900,48,,,0,130,,7906,48,,,0,86,,7911,48,,,0,99,,7899,48,,,0,100,,7903,48,,,0,100,,7898,48,,,0,99,,7901,29,,,0,101,,7904,29,,,0,115,,7907,29,,,0,93,,7908,29,,,0,107,,7913,29,,,0,96,,7909,29,,,0,113,,7912,48,,,0,87,,7910,17,,,0,98,,7905,17,,,0,115,,7902,17,,,0,114,,7914,17,,,0
1700,'5428',812,,7915,48,,,0,103,,7916,48,,,0,90,,7917,48,,,0,133,,7918,48,,,0,169,,7919,29,,,0,103,,7920,29,,,0,130,,7921,29,,,0,171,,7922,29,,,0,104,,7923,29,,,0,85,,7924,17,,,0,105,,7925,17,,,0,105,,7926,17,,,0,110,,7927,17,,,0,119,,7928,17,,,0
1700,'5429',919,,7929,48,,,0,100,,7930,48,,,0,102,,7931,29,,,0,96,,7932,47,,,0,200,,7934,29,,,0,208,,7933,17,,,0,102,,7935,29,,,0,112,,7936,29,,,0,85,,7937,17,,,0,130,,7938,17,,,0
