401,'5425',818,,5450,6,,,0,117,,5447,6,,,0,120,,5448,6,,,0,160,,5449,6,,,0,94,,5453,6,,,0,126,,5451,6,,,0,167,,5452,6,,,0,125,,5454,6,,,0,120,,5455,6,,,0
401,'5426',611,,5417,6,,,0,25,,5421,6,,,0,87,,5419,6,,,0,30,,5423,6,,,0,70,,5420,6,,,0,30,,5424,6,,,0,70,,5445,6,,,0,30,,5418,6,,,0,70,,5427,6,,,0,30,,5428,6,,,0,71,,5426,6,,,0,30,,5425,6,,,0,70,,5434,6,,,0,30,,5446,6,,,0,70,,5433,6,,,0,30,,5422,6,,,0,70,,5443,6,,,0,30,,5432,6,,,0,71,,5442,6,,,0,30,,5439,6,,,0,70,,5430,6,,,0,30,,5429,6,,,0,69,,5438,6,,,0,30,,5431,6,,,0,69,,5440,6,,,0,97,,5441,6,,,0,97,,5436,6,,,0,100,,5435,6,,,0,100,,5437,6,,,0,118,,5444,6,,,0
401,'5427',611,,7074,6,,,0,25,,7078,6,,,0,87,,7076,6,,,0,30,,7080,6,,,0,70,,7077,6,,,0,30,,7081,6,,,0,70,,7102,6,,,0,30,,7075,6,,,0,70,,7084,6,,,0,30,,7085,6,,,0,71,,7083,6,,,0,30,,7082,6,,,0,70,,7091,6,,,0,30,,7103,6,,,0,70,,7090,6,,,0,30,,7079,6,,,0,70,,7100,6,,,0,30,,7089,6,,,0,71,,7099,6,,,0,30,,7096,6,,,0,70,,7087,6,,,0,30,,7086,6,,,0,69,,7095,6,,,0,30,,7088,6,,,0,69,,7097,6,,,0,97,,7098,6,,,0,97,,7093,6,,,0,100,,7092,6,,,0,100,,7094,6,,,0,118,,7101,6,,,0
401,'5428',805,,7104,6,,,0,25,,7105,6,,,0,25,,7107,6,,,0,65,,7106,6,,,0,25,,7108,6,,,0,65,,7110,6,,,0,25,,7111,6,,,0,66,,7112,6,,,0,25,,7109,6,,,0,26,,7114,6,,,0,66,,7116,6,,,0,28,,7113,6,,,0,67,,7115,6,,,0,28,,7117,6,,,0,67,,7119,6,,,0,30,,7122,6,,,0,67,,7123,6,,,0,29,,7121,6,,,0,67,,7124,6,,,0,26,,7125,6,,,0,27,,7120,6,,,0,67,,7118,6,,,0,27,,7126,6,,,0,67,,7128,6,,,0,35,,7127,6,,,0,100,,7129,6,,,0,100,,7130,6,,,0,100,,7131,6,,,0,100,,7132,6,,,0
401,'5429',818,,7136,6,,,0,117,,7133,6,,,0,120,,7134,6,,,0,160,,7135,6,,,0,94,,7139,6,,,0,126,,7137,6,,,0,167,,7138,6,,,0,125,,7140,6,,,0,120,,7141,6,,,0
901,'4528',716,,6037,18,,,0,118,,6042,18,,,0,114,,6047,18,,,0,155,,6052,18,,,0,332,,6066,18,,,0
901,'4532',644,,6173,18,,,0,102,,6156,18,,,0,203,,6135,18,,,0,154,,6166,18,,,0,117,,6143,18,,,0,131,,6145,18,,,0,70,,6146,18,,,0,13,,6171,18,,,0,70,,6168,18,,,0,30,,6170,18,,,0,70,,6165,18,,,0,15,,6153,18,,,0,100,,6147,18,,,0
901,'5221',915,,6107,18,,,0
901,'5425',715,,6100,18,,,0,30,,6103,18,,,0,70,,6101,18,,,0,30,,6102,18,,,0,101,,6104,18,,,0,70,,6106,18,,,0,30,,6105,18,,,0,70,,6110,18,,,0,31,,6108,18,,,0,70,,6109,18,,,0,31,,6114,18,,,0,70,,6112,18,,,0,30,,6115,18,,,0,70,,6111,18,,,0,30,,6113,18,,,0,71,,6127,18,,,0,30,,6117,18,,,0,70,,6118,18,,,0,29,,6116,18,,,0,70,,6119,18,,,0,30,,6120,18,,,0,70,,6132,18,,,0,30,,6124,18,,,0,70,,6121,18,,,0,28,,6123,18,,,0,70,,6122,18,,,0,30,,6125,18,,,0,70,,6131,18,,,0,30,,6126,18,,,0,70,,6128,18,,,0,29,,6129,18,,,0,70,,6130,18,,,0,30,,6133,18,,,0
901,'5426',614,,6035,18,,,0,31,,6036,18,,,0,87,,6038,18,,,0,16,,6039,18,,,0,57,,6040,18,,,0,15,,6041,18,,,0,30,,6043,18,,,0,53,,6044,18,,,0,15,,6045,18,,,0,15,,6046,18,,,0,70,,6048,18,,,0,15,,6049,18,,,0,15,,6050,18,,,0,15,,6051,18,,,0,71,,6053,18,,,0,15,,6054,18,,,0,15,,6055,18,,,0,55,,6056,18,,,0,15,,6057,18,,,0,15,,6058,18,,,0,15,,6059,18,,,0,56,,6060,18,,,0,15,,6061,18,,,0,15,,6062,18,,,0,15,,6063,18,,,0,55,,6064,18,,,0,14,,6065,18,,,0,30,,6067,18,,,0,55,,6068,18,,,0,17,,6069,18,,,0,15,,6070,18,,,0,16,,6071,18,,,0,54,,6072,18,,,0,15,,6073,18,,,0,17,,6074,18,,,0,15,,6075,18,,,0,55,,6076,18,,,0,13,,6077,18,,,0,14,,6078,18,,,0,15,,6079,18,,,0,55,,6080,18,,,0,13,,6081,18,,,0,15,,6082,18,,,0,15,,6083,18,,,0,55,,6084,18,,,0,14,,6085,18,,,0,15,,6086,18,,,0,16,,6087,18,,,0,54,,6088,18,,,0,15,,6089,18,,,0,20,,6090,18,,,0,20,,6091,18,,,0,74,,6092,18,,,0,70,,6093,18,,,0,25,,6094,18,,,0,33,,6095,18,,,0,67,,6096,18,,,0,32,,6097,18,,,0,65,,6098,18,,,0,30,,6099,18,,,0
901,'5427',614,,7664,18,,,0,31,,7665,18,,,0,87,,7666,18,,,0,16,,7667,18,,,0,57,,7668,18,,,0,15,,7669,18,,,0,30,,7670,18,,,0,53,,7671,18,,,0,15,,7672,18,,,0,15,,7673,18,,,0,70,,7674,18,,,0,15,,7675,18,,,0,15,,7676,18,,,0,15,,7677,18,,,0,71,,7678,18,,,0,15,,7679,18,,,0,15,,7680,18,,,0,55,,7681,18,,,0,15,,7682,18,,,0,15,,7683,18,,,0,15,,7684,18,,,0,56,,7685,18,,,0,15,,7686,18,,,0,15,,7687,18,,,0,15,,7688,18,,,0,55,,7689,18,,,0,14,,7690,18,,,0,30,,7691,18,,,0,55,,7692,18,,,0,17,,7693,18,,,0,15,,7694,18,,,0,16,,7695,18,,,0,54,,7696,18,,,0,15,,7697,18,,,0,17,,7698,18,,,0,15,,7699,18,,,0,55,,7700,18,,,0,13,,7701,18,,,0,14,,7702,18,,,0,15,,7703,18,,,0,55,,7704,18,,,0,13,,7705,18,,,0,15,,7706,18,,,0,15,,7707,18,,,0,55,,7708,18,,,0,14,,7709,18,,,0,15,,7710,18,,,0,16,,7711,18,,,0,54,,7712,18,,,0,15,,7713,18,,,0,20,,7714,18,,,0,20,,7715,18,,,0,74,,7716,18,,,0,70,,7717,18,,,0,25,,7718,18,,,0,33,,7719,18,,,0,67,,7720,18,,,0,32,,7721,18,,,0,65,,7722,18,,,0,30,,7723,18,,,0
901,'5428',614,,7750,18,,,0,102,,7743,18,,,0,101,,7724,18,,,0,30,,7727,18,,,0,72,,7725,18,,,0,100,,7726,18,,,0,29,,7728,18,,,0,70,,7729,18,,,0,15,,7747,18,,,0,15,,7731,18,,,0,102,,7732,18,,,0,70,,7730,18,,,0,129,,7733,18,,,0,70,,7735,18,,,0,30,,7737,18,,,0,85,,7748,18,,,0,15,,7734,18,,,0,55,,7749,18,,,0,45,,7736,18,,,0,75,,7738,18,,,0,80,,7745,18,,,0,30,,7740,18,,,0,100,,7741,18,,,0,100,,7742,18,,,0,99,,7739,18,,,0,104,,7744,18,,,0,103,,7746,18,,,0,103,,7751,18,,,0
901,'5429',715,,7752,18,,,0,30,,7755,18,,,0,70,,7753,18,,,0,30,,7754,18,,,0,101,,7756,18,,,0,70,,7758,18,,,0,30,,7757,18,,,0,70,,7761,18,,,0,31,,7759,18,,,0,70,,7760,18,,,0,31,,7765,18,,,0,70,,7763,18,,,0,30,,7766,18,,,0,70,,7762,18,,,0,30,,7764,18,,,0,71,,7778,18,,,0,30,,7768,18,,,0,70,,7769,18,,,0,29,,7767,18,,,0,70,,7770,18,,,0,30,,7771,18,,,0,70,,7783,18,,,0,30,,7775,18,,,0,70,,7772,18,,,0,28,,7774,18,,,0,70,,7773,18,,,0,30,,7776,18,,,0,70,,7782,18,,,0,30,,7777,18,,,0,70,,7779,18,,,0,29,,7780,18,,,0,70,,7781,18,,,0,30,,7784,18,,,0
