1800,'5425',756,,6511,11,4,,0,101,,6509,11,4,,0,101,,6508,11,4,,0,101,,6510,11,4,,0,141,,6514,11,4,,0,103,,6515,11,4,,0,52,,6513,11,4,,0,99,,6519,11,4,,0,105,,6520,11,4,,0,145,,6512,11,4,,0,101,,6517,11,4,,0,100,,6516,11,4,,0,101,,6518,11,4,,0
1800,'5426',553,,6491,11,4,,0,101,,6492,11,4,,0,103,,6493,11,4,,0,102,,6494,11,4,,0,100,,6495,11,4,,0,141,,6496,11,4,,0,101,,6497,11,4,,0,103,,6498,11,4,,0,50,,6499,11,4,,0,103,,6500,11,4,,0,146,,6501,11,4,,0,105,,6502,11,4,,0,99,,6503,11,4,,0,99,,6504,11,4,,0,101,,6505,11,4,,0,101,,6506,11,4,,0,101,,6507,11,4,,0
1800,'5427',553,,7979,11,4,,0,101,,7980,11,4,,0,103,,7981,11,4,,0,102,,7982,11,4,,0,100,,7983,11,4,,0,141,,7984,11,4,,0,101,,7985,11,4,,0,103,,7986,11,4,,0,50,,7987,11,4,,0,103,,7988,11,4,,0,146,,7989,11,4,,0,105,,7990,11,4,,0,99,,7991,11,4,,0,99,,7992,11,4,,0,101,,7993,11,4,,0,101,,7994,11,4,,0,101,,7995,11,4,,0
1800,'5428',757,,7996,11,4,,0,101,,7997,11,4,,0,101,,7998,11,4,,0,141,,7999,11,4,,0,101,,8000,11,4,,0,103,,8001,11,4,,0,51,,8002,11,4,,0,102,,8003,11,4,,0,146,,8004,11,4,,0,105,,8005,11,4,,0,98,,8006,11,4,,0,100,,8007,11,4,,0,101,,8008,11,4,,0,101,,8009,11,4,,0,101,,8010,11,4,,0
1800,'5429',756,,8014,11,4,,0,101,,8012,11,4,,0,101,,8011,11,4,,0,101,,8013,11,4,,0,141,,8017,11,4,,0,103,,8018,11,4,,0,52,,8016,11,4,,0,99,,8022,11,4,,0,105,,8023,11,4,,0,145,,8015,11,4,,0,101,,8020,11,4,,0,100,,8019,11,4,,0,101,,8021,11,4,,0
1801,'5425',756,,6559,1,,,0,101,,6563,1,,,0,101,,6558,1,,,0,101,,6565,1,,,0,141,,6557,1,,,0,103,,6564,1,,,0,52,,6554,1,,,0,99,,6556,1,,,0,105,,6560,1,,,0,145,,6562,1,,,0,101,,6553,1,,,0,100,,6561,1,,,0,101,,6555,1,,,0
1801,'5426',553,,6536,1,,,0,101,,6537,1,,,0,103,,6538,1,,,0,102,,6539,1,,,0,100,,6540,1,,,0,141,,6541,1,,,0,101,,6542,1,,,0,103,,6543,1,,,0,50,,6544,1,,,0,103,,6545,1,,,0,146,,6546,1,,,0,105,,6547,1,,,0,99,,6548,1,,,0,99,,6549,1,,,0,101,,6550,1,,,0,101,,6551,1,,,0,101,,6552,1,,,0
1801,'5427',553,,8024,1,,,0,101,,8025,1,,,0,103,,8026,1,,,0,102,,8027,1,,,0,100,,8028,1,,,0,141,,8029,1,,,0,101,,8030,1,,,0,103,,8031,1,,,0,50,,8032,1,,,0,103,,8033,1,,,0,146,,8034,1,,,0,105,,8035,1,,,0,99,,8036,1,,,0,99,,8037,1,,,0,101,,8038,1,,,0,101,,8039,1,,,0,101,,8040,1,,,0
1801,'5428',757,,8041,1,,,0,101,,8042,1,,,0,101,,8043,1,,,0,141,,8044,1,,,0,101,,8045,1,,,0,103,,8046,1,,,0,51,,8047,1,,,0,102,,8048,1,,,0,146,,8049,1,,,0,105,,8050,1,,,0,98,,8051,1,,,0,100,,8052,1,,,0,101,,8053,1,,,0,101,,8054,1,,,0,101,,8055,1,,,0
1801,'5429',756,,8062,1,,,0,101,,8066,1,,,0,101,,8061,1,,,0,101,,8068,1,,,0,141,,8060,1,,,0,103,,8067,1,,,0,52,,8057,1,,,0,99,,8059,1,,,0,105,,8063,1,,,0,145,,8065,1,,,0,101,,8056,1,,,0,100,,8064,1,,,0,101,,8058,1,,,0
