601,'4783',809,,830,12,,,0,1108,,845,12,,,0
601,'4795',708,,829,12,,,0,205,,831,12,,,0,95,,833,12,,,0,25,,832,12,,,0,75,,834,12,,,0,120,,835,12,,,0,80,,836,12,,,0,100,,837,12,,,0,104,,838,14,,,0,37,,839,12,,,0,80,,840,12,,,0,16,,841,12,,,0,76,,844,12,,,0,27,,842,12,,,0,69,,843,12,,,0,334,,846,12,,,0
601,'4800',807,,847,12,,,0,105,,848,12,,,0,195,,852,12,,,0,100,,849,12,,,0,100,,850,12,,,0,100,,853,12,,,0,100,,854,12,,,0,30,,856,12,,,0,70,,857,12,,,0,30,,862,12,,,0,70,,858,12,,,0,30,,861,12,,,0,70,,860,12,,,0,145,,855,12,,,0,164,,859,12,,,0
601,'5125',809,,2454,12,,,0,1108,,2455,12,,,0
601,'5127',812,,2456,12,,,0,120,,2457,12,,,0,95,,2460,12,,,0,110,,2458,12,,,0,100,,2459,12,,,0,100,,2463,12,,,0,100,,2461,12,,,0,100,,2462,12,,,0,105,,2464,12,,,0,95,,2465,12,,,0,105,,2467,12,,,0,100,,2466,12,,,0
601,'5128',1007,,2468,12,,,0
7200,'4783',805,,1827,36,4,,0
7200,'5125',805,,2712,36,4,,0
7300,'4795',802,,1828,29,4,,0
7601,'4783',1508,,1833,1,,,0
7601,'5125',1508,,2715,1,,,0
7801,'4783',830,,1836,5,4,,0
7801,'4795',820,,1835,5,4,,0
7801,'5125',830,,2717,5,4,,0
