401,'4783',2228,,654,20,,,0,117,,661,20,,,0
401,'4795',622,,634,20,,,0,26,,638,20,,,0,87,,636,20,,,0,73,,640,20,,,0,30,,637,20,,,0,69,,641,20,,,0,30,,662,20,,,0,70,,635,20,,,0,31,,644,20,,,0,70,,645,20,,,0,32,,643,20,,,0,70,,642,20,,,0,30,,651,20,,,0,70,,663,20,,,0,30,,650,20,,,0,70,,639,20,,,0,30,,660,20,,,0,70,,649,20,,,0,7,,664,20,,,0,25,,659,20,,,0,70,,656,20,,,0,12,,665,20,,,0,18,,647,20,,,0,70,,646,20,,,0,28,,655,20,,,0,69,,648,20,,,0,28,,657,20,,,0,97,,658,20,,,0,96,,653,20,,,0,98,,652,20,,,0
401,'4800',1234,,678,20,,,0,68,,675,20,,,0,27,,677,20,,,0,28,,679,20,,,0,67,,681,20,,,0,29,,683,20,,,0,67,,684,20,,,0,29,,682,20,,,0,67,,686,20,,,0,26,,687,20,,,0,67,,685,20,,,0,27,,680,20,,,0,67,,688,20,,,0,26,,690,20,,,0,74,,689,20,,,0,100,,691,20,,,0,100,,692,20,,,0,99,,693,20,,,0
401,'5125',2228,,2412,20,,,0,118,,2413,20,,,0
401,'5127',830,,2417,20,,,0,119,,2414,20,,,0,160,,2415,20,,,0,120,,2416,20,,,0,95,,2420,20,,,0,126,,2418,20,,,0,167,,2419,20,,,0,124,,2421,20,,,0,160,,2422,20,,,0
401,'5128',818,,2423,20,,,0,25,,2424,20,,,0,65,,2426,20,,,0,25,,2425,20,,,0,26,,2427,20,,,0,65,,2429,20,,,0,25,,2430,20,,,0,66,,2431,20,,,0,25,,2428,20,,,0,67,,2432,20,,,0,1095,,2433,20,,,0
7001,'4795',1528,,1825,18,,,0
7100,'4795',732,,1826,5,,,0
7200,'4783',738,,1827,5,,,0
7200,'5125',738,,2712,5,,,0
7401,'4783',1538,,1830,15,,,0
7401,'5097',1438,,2713,15,,,0
7401,'5126',1538,,2714,15,,,0
7701,'4783',1543,,1834,18,,,0
7701,'5125',1544,,2716,18,,,0
