300,'4327',759,,3100,6,,,0,93,,3102,6,,,0,100,,3101,6,,,0,101,,3107,6,,,0,103,,3103,6,,,0,100,,3109,6,,,0,100,,3104,6,,,0,100,,3105,6,,,0,100,,3110,6,,,0,100,,3106,6,,,0,98,,3112,6,,,0,98,,3108,6,,,0,106,,3111,6,,,0,99,,3113,6,,,0,100,,3114,6,0,17 18 19,0
300,'4795',624,,426,6,,,0,22,,413,6,,,0,60,,406,6,,,0,9,,2351,6,,,0,15,,401,6,,,0,18,,429,6,,,0,58,,415,6,,,0,16,,418,6,,,0,19,,419,6,,,0,59,,411,6,,,0,30,,412,6,,,0,70,,414,6,,,0,31,,436,6,,,0,70,,421,6,,,0,30,,409,6,,,0,71,,423,6,,,0,30,,435,6,,,0,70,,397,6,,,0,31,,420,6,,,0,70,,398,6,,,0,33,,430,6,,,0,15,,408,6,,,0,55,,416,6,,,0,10,,1940,6,,,0,5,,439,6,,,0,15,,400,6,,,0,13,,399,6,,,0,55,,427,6,,,0,15,,403,6,,,0,15,,405,6,,,0,15,,434,6,,,0,54,,417,6,,,0,14,,396,6,,,0,14,,402,6,,,0,15,,425,6,,,0,55,,404,6,,,0,29,,433,6,,,0,29,,424,6,,,0,70,,438,6,,,0,30,,422,6,,,0,99,,1939,6,,,0,99,,428,6,,,0,100,,431,6,,,0,96,,395,6,0,17 18 19,0
300,'4800',714,,441,6,,,0,30,,2367,6,,,0,76,,442,6,,,0,36,,445,6,,,0,70,,446,6,,,0,31,,444,6,,,0,70,,443,6,,,0,30,,2368,6,,,0,70,,448,6,,,0,30,,450,6,,,0,71,,449,6,,,0,30,,453,6,,,0,70,,454,6,,,0,30,,2369,6,,,0,70,,456,6,,,0,31,,457,6,,,0,70,,455,6,,,0,30,,459,6,,,0,70,,451,6,,,0,30,,460,6,,,0,70,,458,6,,,0,30,,462,6,,,0,75,,463,6,,,0,24,,464,6,,,0,85,,2370,6,,,0,105,,467,6,,,0,105,,468,6,,,0,103,,461,6,,,0,99,,466,6,,,0
300,'5102',624,,3146,6,,,0,22,,3133,6,,,0,60,,3126,6,,,0,9,,3127,6,,,0,15,,3121,6,,,0,18,,3149,6,,,0,58,,3135,6,,,0,16,,3138,6,,,0,19,,3139,6,,,0,59,,3131,6,,,0,30,,3132,6,,,0,70,,3134,6,,,0,31,,3156,6,,,0,70,,3141,6,,,0,30,,3129,6,,,0,71,,3143,6,,,0,30,,3155,6,,,0,70,,3117,6,,,0,31,,3140,6,,,0,70,,3118,6,,,0,33,,3150,6,,,0,15,,3128,6,,,0,55,,3136,6,,,0,10,,3157,6,,,0,5,,3159,6,,,0,15,,3120,6,,,0,13,,3119,6,,,0,55,,3147,6,,,0,15,,3123,6,,,0,15,,3125,6,,,0,15,,3154,6,,,0,54,,3137,6,,,0,14,,3116,6,,,0,14,,3122,6,,,0,15,,3145,6,,,0,55,,3124,6,,,0,29,,3153,6,,,0,29,,3144,6,,,0,70,,3158,6,,,0,30,,3142,6,,,0,99,,3152,6,,,0,99,,3148,6,,,0,100,,3151,6,,,0,96,,3115,6,0,17 18 19,0
300,'5105',714,,3161,6,,,0,30,,3160,6,,,0,76,,3162,6,,,0,36,,3165,6,,,0,70,,3166,6,,,0,31,,3164,6,,,0,70,,3163,6,,,0,30,,3167,6,,,0,70,,3168,6,,,0,30,,3170,6,,,0,71,,3169,6,,,0,30,,3173,6,,,0,70,,3174,6,,,0,30,,3172,6,,,0,70,,3176,6,,,0,31,,3177,6,,,0,70,,3175,6,,,0,30,,3179,6,,,0,70,,3171,6,,,0,30,,3180,6,,,0,70,,3178,6,,,0,30,,3182,6,,,0,75,,3183,6,,,0,24,,3184,6,,,0,85,,3185,6,,,0,105,,3187,6,,,0,105,,3188,6,,,0,103,,3181,6,,,0,99,,3186,6,,,0
1400,'4795',816,,1517,39,0,7 8 2 9 2 10,0
1400,'5102',816,,4223,39,0,7 8 2 9 2 10,0
8100,'4795',811,,1842,49,,,0
8100,'5102',811,,4548,49,,,0
8101,'5095',1521,,1843,11,,,0
8101,'5097',1410,,1844,11,,,0
8101,'5103',1521,,4549,11,,,0
8101,'5104',1410,,4550,11,,,0
