1300,'4528',855,,6215,23,4,,0,148,,6217,23,4,,0,100,,6216,23,4,,0,100,,6218,23,4,,0,214,,6214,23,4,,0,108,,6219,23,4,,0,108,,6220,23,4,,0,108,,6221,23,4,,0,105,,6222,23,4,,0,105,,6223,23,4,,0
1300,'4532',757,,6229,23,4,,0,102,,6230,23,4,,0,145,,6228,23,4,,0,100,,6231,23,4,,0,102,,6232,23,4,,0,197,,6235,23,4,,0,147,,6236,23,4,,0,100,,6233,23,4,,0,98,,6237,23,4,,0,100,,6238,23,4,,0,99,,6234,23,4,,0,99,,6239,23,4,,0
1300,'5221',1805,,6227,23,4,,0
1300,'5425',846,,6225,23,4,,0,363,,6226,23,4,,0,325,,6224,23,4,,0
1300,'5426',720,,6213,23,4,,0
1300,'5427',720,,7794,23,4,,0
1300,'5429',846,,7796,23,4,,0,363,,7797,23,4,,0,325,,7795,23,4,,0
1301,'4528',805,,6241,1,,,0,108,,6244,1,,,0,100,,6243,1,,,0,100,,6242,1,,,0,210,,6240,1,,,0,103,,6245,1,,,0,108,,6246,1,,,0,108,,6247,1,,,0,108,,6248,1,,,0,105,,6249,1,,,0
1301,'4532',810,,6254,1,,,0,105,,6255,1,,,0,100,,6259,1,,,0,100,,6253,1,,,0,195,,6257,1,,,0,145,,6256,1,,,0,100,,6260,1,,,0,100,,6261,1,,,0,100,,6262,1,,,0,100,,6258,1,,,0,100,,6263,1,,,0
1301,'5221',1715,,6251,1,,,0
1301,'5425',1120,,6252,1,,,0,325,,6250,1,,,0
1301,'5429',1120,,7799,1,,,0,325,,7798,1,,,0
1400,'4528',623,,6272,19,4,,0,31,,6271,19,4,,0,198,,6269,19,4,,0,390,,6273,19,4,,0,217,,6268,19,4,,0,155,,6274,19,4,,0,39,,6275,19,4,,0,75,,6276,19,4,,0,79,,6277,19,4,,0,219,,6278,19,4,,0,30,,6279,19,4,,0
1400,'4532',1242,,6289,19,4,,0,205,,6291,19,4,,0,253,,6292,19,4,,0
1400,'5221',1340,,6282,19,4,,0
1400,'5425',915,,6281,19,4,,0,200,,6280,19,4,,0,130,,6285,19,4,,0,195,,6283,19,4,,0,170,,6284,19,4,,0,225,,6286,19,4,,0
1400,'5426',743,,6264,19,4,,0,67,,6266,19,4,,0,133,,6267,19,4,,0,114,,6265,19,4,,0,855,,6270,19,4,,0
1400,'5427',743,,7800,19,4,,0,67,,7802,19,4,,0,133,,7803,19,4,,0,114,,7801,19,4,,0,855,,7804,19,4,,0
1400,'5428',810,,7805,19,4,,0,135,,7807,19,4,,0,96,,7811,19,4,,0,101,,7808,19,4,,0,200,,7809,19,4,,0,563,,7806,19,4,,0,100,,7810,19,4,,0
1400,'5429',915,,7813,19,4,,0,200,,7812,19,4,,0,130,,7816,19,4,,0,195,,7814,19,4,,0,170,,7815,19,4,,0,225,,7817,19,4,,0
1401,'4528',600,,6304,1,,,0,30,,6305,1,,,0,194,,6302,1,,,0,391,,6306,1,,,0,215,,6301,1,,,0,115,,6308,1,,,0,80,,6307,1,,,0,75,,6309,1,,,0,40,,6310,1,,,0,260,,6311,1,,,0,30,,6312,1,,,0
1401,'4532',1215,,6322,1,,,0,205,,6321,1,,,0,210,,6325,1,,,0
1401,'5221',1315,,6316,1,,,0
1401,'5425',850,,6314,1,,,0,200,,6313,1,,,0,170,,6318,1,,,0,195,,6315,1,,,0,130,,6317,1,,,0,265,,6319,1,,,0
1401,'5426',715,,6297,1,,,0,25,,6299,1,,,0,175,,6300,1,,,0,115,,6298,1,,,0,815,,6303,1,,,0
1401,'5427',715,,7818,1,,,0,25,,7820,1,,,0,175,,7821,1,,,0,115,,7819,1,,,0,815,,7822,1,,,0
1401,'5428',745,,7823,1,,,0,175,,7825,1,,,0,95,,7828,1,,,0,100,,7826,1,,,0,200,,7829,1,,,0,525,,7824,1,,,0,100,,7827,1,,,0
1401,'5429',850,,7831,1,,,0,200,,7830,1,,,0,170,,7834,1,,,0,195,,7832,1,,,0,130,,7833,1,,,0,265,,7835,1,,,0
