1700,'4528',706,,6418,15,,,0
1700,'5425',857,,6426,15,,,0,100,,6427,15,,,0,198,,6429,14,,,0
1700,'5426',641,,6410,15,,,0,164,,6416,15,,,0,50,,6422,15,,,0,99,,6409,15,,,0,100,,6413,15,,,0,100,,6408,15,,,0,768,,6423,15,,,0
1700,'5427',641,,7900,15,,,0,164,,7906,15,,,0,50,,7911,15,,,0,99,,7899,15,,,0,100,,7903,15,,,0,100,,7898,15,,,0,768,,7912,15,,,0
1700,'5428',750,,7915,15,,,0,103,,7916,15,,,0,90,,7917,15,,,0,171,,7918,15,,,0
1700,'5429',857,,7929,15,,,0,100,,7930,15,,,0,198,,7932,14,,,0
1701,'5425',1552,,6471,27,0,13 14,0,200,,6473,27,0,15 1 16,0,100,,6475,27,0,13 14,0,170,,6476,27,0,13 14,0
1701,'5426',1224,,6452,27,0,15 1 16,0,101,,6455,27,0,15 1 16,0,111,,6457,27,0,15 1 16,0,93,,6460,27,0,15 1 16,0,108,,6465,27,0,15 1 16,0,98,,6461,27,0,15 1 16,0,104,,6464,27,0,15 1 16,0,119,,6462,27,0,13 14,0,99,,6456,27,0,13 14,0,155,,6453,27,0,13 14,0,114,,6466,27,0,13 14,0
1701,'5427',1224,,7941,27,0,15 1 16,0,101,,7944,27,0,15 1 16,0,111,,7946,27,0,15 1 16,0,93,,7948,27,0,15 1 16,0,108,,7953,27,0,15 1 16,0,98,,7949,27,0,15 1 16,0,104,,7952,27,0,15 1 16,0,119,,7950,27,0,13 14,0,99,,7945,27,0,13 14,0,155,,7942,27,0,13 14,0,114,,7954,27,0,13 14,0
1701,'5428',1222,,7960,27,0,15 1 16,0,100,,7961,27,0,15 1 16,0,130,,7958,27,0,15 1 16,0,170,,7962,27,0,15 1 16,0,105,,7963,27,0,15 1 16,0,99,,7965,27,0,13 14,0,105,,7966,27,0,13 14,0,105,,7967,27,0,13 14,0,110,,7964,27,0,13 14,0,159,,7968,27,0,13 14,0
1701,'5429',1552,,7973,27,0,13 14,0,200,,7975,27,0,15 1 16,0,100,,7977,27,0,13 14,0,170,,7978,27,0,13 14,0
