300,'4327',757,,3100,2,,,0,93,,3102,2,,,0,100,,3101,2,,,0,101,,3107,2,,,0,103,,3103,2,,,0,100,,3109,2,,,0,100,,3104,2,,,0,100,,3105,2,,,0,100,,3110,2,,,0,100,,3106,2,,,0,98,,3112,2,,,0,98,,3108,2,,,0,106,,3111,2,,,0,99,,3113,2,,,0,100,,3114,2,0,17 18 19,0
300,'4795',621,,426,2,,,0,22,,413,2,,,0,60,,406,2,,,0,9,,2351,2,,,0,15,,401,2,,,0,18,,429,2,,,0,58,,415,2,,,0,16,,418,2,,,0,19,,419,2,,,0,19,,411,2,,,0,70,,412,2,,,0,30,,414,2,,,0,71,,436,2,,,0,30,,421,2,,,0,70,,409,2,,,0,31,,423,2,,,0,70,,435,2,,,0,30,,397,2,,,0,71,,420,2,,,0,70,,398,2,,,0,33,,430,2,,,0,15,,408,2,,,0,55,,416,2,,,0,10,,1940,2,,,0,5,,439,2,,,0,15,,400,2,,,0,13,,399,2,,,0,55,,427,2,,,0,15,,403,2,,,0,15,,405,2,,,0,15,,434,2,,,0,55,,417,2,,,0,14,,396,2,,,0,14,,402,2,,,0,15,,425,2,,,0,15,,404,2,,,0,69,,433,2,,,0,29,,424,2,,,0,70,,438,2,,,0,30,,422,2,,,0,99,,1939,2,,,0,99,,428,2,,,0,100,,431,2,,,0,96,,395,2,0,17 18 19,0
300,'4800',712,,441,2,,,0,30,,2367,2,,,0,76,,442,2,,,0,36,,445,2,,,0,70,,446,2,,,0,31,,444,2,,,0,70,,443,2,,,0,30,,2368,2,,,0,70,,448,2,,,0,30,,450,2,,,0,71,,449,2,,,0,30,,453,2,,,0,70,,454,2,,,0,30,,2369,2,,,0,70,,456,2,,,0,31,,457,2,,,0,70,,455,2,,,0,30,,459,2,,,0,70,,451,2,,,0,30,,460,2,,,0,70,,458,2,,,0,30,,462,2,,,0,75,,463,2,,,0,24,,464,2,,,0,85,,2370,2,,,0,105,,467,2,,,0,105,,468,2,,,0,103,,461,2,,,0,99,,466,2,,,0
300,'5102',621,,3146,2,,,0,22,,3133,2,,,0,60,,3126,2,,,0,9,,3127,2,,,0,15,,3121,2,,,0,18,,3149,2,,,0,58,,3135,2,,,0,16,,3138,2,,,0,19,,3139,2,,,0,19,,3131,2,,,0,70,,3132,2,,,0,30,,3134,2,,,0,71,,3156,2,,,0,30,,3141,2,,,0,70,,3129,2,,,0,31,,3143,2,,,0,70,,3155,2,,,0,30,,3117,2,,,0,71,,3140,2,,,0,70,,3118,2,,,0,33,,3150,2,,,0,15,,3128,2,,,0,55,,3136,2,,,0,10,,3157,2,,,0,5,,3159,2,,,0,15,,3120,2,,,0,13,,3119,2,,,0,55,,3147,2,,,0,15,,3123,2,,,0,15,,3125,2,,,0,15,,3154,2,,,0,55,,3137,2,,,0,14,,3116,2,,,0,14,,3122,2,,,0,15,,3145,2,,,0,15,,3124,2,,,0,69,,3153,2,,,0,29,,3144,2,,,0,70,,3158,2,,,0,30,,3142,2,,,0,99,,3152,2,,,0,99,,3148,2,,,0,100,,3151,2,,,0,96,,3115,2,0,17 18 19,0
300,'5105',712,,3161,2,,,0,30,,3160,2,,,0,76,,3162,2,,,0,36,,3165,2,,,0,70,,3166,2,,,0,31,,3164,2,,,0,70,,3163,2,,,0,30,,3167,2,,,0,70,,3168,2,,,0,30,,3170,2,,,0,71,,3169,2,,,0,30,,3173,2,,,0,70,,3174,2,,,0,30,,3172,2,,,0,70,,3176,2,,,0,31,,3177,2,,,0,70,,3175,2,,,0,30,,3179,2,,,0,70,,3171,2,,,0,30,,3180,2,,,0,70,,3178,2,,,0,30,,3182,2,,,0,75,,3183,2,,,0,24,,3184,2,,,0,85,,3185,2,,,0,105,,3187,2,,,0,105,,3188,2,,,0,103,,3181,2,,,0,99,,3186,2,,,0
1400,'4795',814,,1517,35,0,7 8 2 9 2 10,0
1400,'5102',814,,4223,35,0,7 8 2 9 2 10,0
8100,'4795',809,,1842,45,,,0
8100,'5102',809,,4548,45,,,0
8101,'5095',1518,,1843,7,,,0
8101,'5097',1407,,1844,7,,,0
8101,'5103',1518,,4549,7,,,0
8101,'5104',1407,,4550,7,,,0
