200,'4528',711,,5068,1,,,0,99,,5070,1,,,0,114,,5074,1,,,0,100,,5078,1,,,0,100,,5077,1,,,0,101,,5080,1,,,0,100,,5082,1,,,0,100,,5083,1,,,0,103,,5086,1,,,0,109,,5056,1,,,0,99,,5059,1,,,0
200,'4532',854,,5103,1,,,0
200,'5425',759,,5088,1,,,0,81,,5087,1,,,0,111,,5090,1,,,0,100,,5089,1,,,0,101,,5091,1,,,0,105,,5092,1,,,0,96,,5094,1,,,0,100,,5093,1,,,0,100,,5097,1,,,0,106,,5099,1,,,0,99,,5098,1,,,0,164,,5095,1,,,0,100,,5096,1,,,0
200,'5426',607,,5067,1,,,0,36,,5066,1,,,0,83,,5071,1,,,0,28,,5069,1,,,0,73,,5072,1,,,0,27,,5075,1,,,0,100,,5073,1,,,0,100,,5076,1,,,0,101,,5079,1,,,0,100,,5081,1,,,0,100,,5084,1,,,0,103,,5085,1,,,0,149,,5062,1,,,0,100,,5058,1,,,0,99,,5065,1,,,0,34,,5057,1,,,0,80,,5061,1,,,0,29,,5055,1,,,0,74,,5060,1,,,0,25,,5054,1,,,0,70,,5063,1,,,0,30,,5064,1,0,17 18 19,0
200,'5427',607,,6776,1,,,0,36,,6775,1,,,0,83,,6778,1,,,0,28,,6777,1,,,0,73,,6779,1,,,0,27,,6781,1,,,0,100,,6780,1,,,0,100,,6782,1,,,0,101,,6783,1,,,0,100,,6784,1,,,0,100,,6785,1,,,0,103,,6786,1,,,0,149,,6771,1,,,0,100,,6768,1,,,0,99,,6774,1,,,0,34,,6767,1,,,0,80,,6770,1,,,0,29,,6766,1,,,0,74,,6769,1,,,0,25,,6765,1,,,0,70,,6772,1,,,0,30,,6773,1,0,17 18 19,0
200,'5428',741,,6788,1,,,0,214,,6787,1,,,0,101,,6790,1,,,0,100,,6789,1,,,0,101,,6791,1,,,0,100,,6792,1,,,0,100,,6795,1,,,0,70,,6796,1,,,0,30,,6794,1,,,0,70,,6793,1,,,0,30,,6797,1,,,0,70,,6798,1,,,0,30,,6799,1,,,0,89,,6804,1,,,0,80,,6802,1,,,0,91,,6800,1,,,0,93,,6801,1,,,0,100,,6803,1,,,0
200,'5429',759,,6806,1,,,0,81,,6805,1,,,0,111,,6808,1,,,0,100,,6807,1,,,0,101,,6809,1,,,0,105,,6810,1,,,0,96,,6812,1,,,0,100,,6811,1,,,0,100,,6815,1,,,0,106,,6817,1,,,0,99,,6816,1,,,0,164,,6813,1,,,0,100,,6814,1,,,0
201,'4528',711,,5133,14,4,,0,99,,5135,33,4,,0,114,,5140,33,4,,0,100,,5137,33,4,,0,100,,5143,33,4,,0,101,,5145,33,4,,0,100,,5147,33,4,,0,100,,5148,33,4,,0,103,,5151,33,4,,0,109,,5120,33,4,,0,99,,5122,33,4,,0
201,'4532',854,,5164,33,4,,0
201,'5425',840,,5152,33,4,,0,111,,5153,33,4,,0,100,,5154,33,4,,0,101,,5156,33,4,,0,105,,5155,33,4,,0,96,,5158,33,4,,0,100,,5157,33,4,,0,100,,5161,33,4,,0,106,,5163,33,4,,0,99,,5162,33,4,,0,164,,5159,33,4,,0,100,,5160,33,4,,0
201,'5426',607,,5131,14,4,,0,36,,5132,14,4,,0,83,,5139,14,4,,0,28,,5136,33,4,,0,73,,5138,33,4,,0,27,,5134,33,4,,0,100,,5141,33,4,,0,100,,5142,33,4,,0,101,,5144,33,4,,0,100,,5146,33,4,,0,100,,5150,33,4,,0,103,,5149,33,4,,0,149,,5124,33,4,,0,100,,5128,33,4,,0,99,,5119,33,4,,0,34,,5129,33,4,,0,80,,5123,33,4,,0,29,,5126,33,4,,0,74,,5130,33,4,,0,25,,5127,33,4,,0,70,,5121,33,4,,0,30,,5125,33,4,,0
201,'5427',607,,6828,14,4,,0,36,,6829,14,4,,0,83,,6833,14,4,,0,28,,6831,33,4,,0,73,,6832,33,4,,0,27,,6830,33,4,,0,100,,6834,33,4,,0,100,,6835,33,4,,0,101,,6836,33,4,,0,100,,6837,33,4,,0,100,,6839,33,4,,0,103,,6838,33,4,,0,149,,6821,33,4,,0,100,,6825,33,4,,0,99,,6818,33,4,,0,34,,6826,33,4,,0,80,,6820,33,4,,0,29,,6823,33,4,,0,74,,6827,33,4,,0,25,,6824,33,4,,0,70,,6819,33,4,,0,30,,6822,33,4,,0
201,'5428',955,,6841,33,4,,0,101,,6844,33,4,,0,100,,6845,33,4,,0,101,,6846,33,4,,0,100,,6843,33,4,,0,100,,6840,33,4,,0,70,,6851,33,4,,0,30,,6847,33,4,,0,70,,6850,33,4,,0,30,,6842,33,4,,0,70,,6848,33,4,,0,30,,6849,33,4,,0,89,,6852,33,4,,0,80,,6854,33,4,,0,91,,6855,33,4,,0,93,,6853,33,4,,0,100,,6856,33,4,,0
201,'5429',840,,6857,33,4,,0,111,,6858,33,4,,0,100,,6859,33,4,,0,101,,6861,33,4,,0,105,,6860,33,4,,0,96,,6863,33,4,,0,100,,6862,33,4,,0,100,,6866,33,4,,0,106,,6868,33,4,,0,99,,6867,33,4,,0,164,,6864,33,4,,0,100,,6865,33,4,,0
