300,'4327',806,,3100,17,,,0,53,,3102,17,,,0,100,,3101,17,,,0,141,,3107,17,,,0,103,,3103,17,,,0,100,,3109,17,,,0,100,,3104,17,,,0,100,,3105,17,,,0,100,,3110,17,,,0,100,,3106,17,,,0,98,,3112,17,,,0,58,,3108,17,,,0,146,,3111,17,,,0,99,,3113,17,,,0,100,,3114,17,0,17 18 19,0
300,'4795',631,,426,17,,,0,22,,413,17,,,0,60,,406,17,,,0,9,,2351,17,,,0,15,,401,17,,,0,18,,429,17,,,0,58,,415,17,,,0,16,,418,17,,,0,19,,419,17,,,0,59,,411,17,,,0,30,,412,17,,,0,70,,414,17,,,0,31,,436,17,,,0,70,,421,17,,,0,30,,409,17,,,0,71,,423,17,,,0,30,,435,17,,,0,70,,397,17,,,0,31,,420,17,,,0,71,,398,17,,,0,33,,430,17,,,0,15,,408,17,,,0,55,,416,17,,,0,10,,1940,17,,,0,4,,439,17,,,0,15,,400,17,,,0,13,,399,17,,,0,55,,427,17,,,0,15,,403,17,,,0,15,,405,17,,,0,15,,434,17,,,0,54,,417,17,,,0,14,,396,17,,,0,14,,402,17,,,0,15,,425,17,,,0,55,,404,17,,,0,29,,433,17,,,0,69,,424,17,,,0,30,,438,17,,,0,70,,422,17,,,0,99,,1939,17,,,0,99,,428,17,,,0,100,,431,17,,,0,96,,395,17,0,17 18 19,0
300,'4800',721,,441,17,,,0,30,,2367,17,,,0,76,,442,17,,,0,76,,445,17,,,0,30,,446,17,,,0,71,,444,17,,,0,30,,443,17,,,0,70,,2368,17,,,0,30,,448,17,,,0,70,,450,17,,,0,31,,449,17,,,0,70,,453,17,,,0,30,,454,17,,,0,70,,2369,17,,,0,30,,456,17,,,0,71,,457,17,,,0,30,,455,17,,,0,70,,459,17,,,0,30,,451,17,,,0,70,,460,17,,,0,30,,458,17,,,0,70,,462,17,,,0,35,,463,17,,,0,64,,464,17,,,0,45,,2370,17,,,0,105,,467,17,,,0,145,,468,17,,,0,103,,461,17,,,0,98,,466,17,,,0
300,'5102',631,,3146,17,,,0,22,,3133,17,,,0,60,,3126,17,,,0,9,,3127,17,,,0,15,,3121,17,,,0,18,,3149,17,,,0,58,,3135,17,,,0,16,,3138,17,,,0,19,,3139,17,,,0,59,,3131,17,,,0,30,,3132,17,,,0,70,,3134,17,,,0,31,,3156,17,,,0,70,,3141,17,,,0,30,,3129,17,,,0,71,,3143,17,,,0,30,,3155,17,,,0,70,,3117,17,,,0,31,,3140,17,,,0,71,,3118,17,,,0,33,,3150,17,,,0,15,,3128,17,,,0,55,,3136,17,,,0,10,,3157,17,,,0,4,,3159,17,,,0,15,,3120,17,,,0,13,,3119,17,,,0,55,,3147,17,,,0,15,,3123,17,,,0,15,,3125,17,,,0,15,,3154,17,,,0,54,,3137,17,,,0,14,,3116,17,,,0,14,,3122,17,,,0,15,,3145,17,,,0,55,,3124,17,,,0,29,,3153,17,,,0,69,,3144,17,,,0,30,,3158,17,,,0,70,,3142,17,,,0,99,,3152,17,,,0,99,,3148,17,,,0,100,,3151,17,,,0,96,,3115,17,0,17 18 19,0
300,'5105',721,,3161,17,,,0,30,,3160,17,,,0,76,,3162,17,,,0,76,,3165,17,,,0,30,,3166,17,,,0,71,,3164,17,,,0,30,,3163,17,,,0,70,,3167,17,,,0,30,,3168,17,,,0,70,,3170,17,,,0,31,,3169,17,,,0,70,,3173,17,,,0,30,,3174,17,,,0,70,,3172,17,,,0,30,,3176,17,,,0,71,,3177,17,,,0,30,,3175,17,,,0,70,,3179,17,,,0,30,,3171,17,,,0,70,,3180,17,,,0,30,,3178,17,,,0,70,,3182,17,,,0,35,,3183,17,,,0,64,,3184,17,,,0,45,,3185,17,,,0,105,,3187,17,,,0,145,,3188,17,,,0,103,,3181,17,,,0,98,,3186,17,,,0
1400,'4795',823,,1517,50,0,7 8 2 9 2 10,0
1400,'5102',823,,4223,50,0,7 8 2 9 2 10,0
8100,'4795',817,,1842,60,,,0
8100,'5102',817,,4548,60,,,0
8101,'5095',1527,,1843,22,,,0
8101,'5097',1416,,1844,22,,,0
8101,'5103',1527,,4549,22,,,0
8101,'5104',1416,,4550,22,,,0
