300,'4327',800,,3100,7,,,0,53,,3102,7,,,0,100,,3101,7,,,0,101,,3107,7,,,0,103,,3103,7,,,0,100,,3109,7,,,0,100,,3104,7,,,0,100,,3105,7,,,0,100,,3110,7,,,0,100,,3106,7,,,0,98,,3112,7,,,0,98,,3108,7,,,0,106,,3111,7,,,0,99,,3113,7,,,0,100,,3114,7,0,17 18 19,0
300,'4795',624,,426,7,,,0,22,,413,7,,,0,60,,406,7,,,0,9,,2351,7,,,0,15,,401,7,,,0,18,,429,7,,,0,58,,415,7,,,0,16,,418,7,,,0,19,,419,7,,,0,59,,411,7,,,0,30,,412,7,,,0,70,,414,7,,,0,31,,436,7,,,0,70,,421,7,,,0,30,,409,7,,,0,71,,423,7,,,0,30,,435,7,,,0,70,,397,7,,,0,31,,420,7,,,0,70,,398,7,,,0,33,,430,7,,,0,15,,408,7,,,0,55,,416,7,,,0,10,,1940,7,,,0,5,,439,7,,,0,15,,400,7,,,0,13,,399,7,,,0,55,,427,7,,,0,15,,403,7,,,0,15,,405,7,,,0,15,,434,7,,,0,55,,417,7,,,0,14,,396,7,,,0,14,,402,7,,,0,15,,425,7,,,0,55,,404,7,,,0,29,,433,7,,,0,69,,424,7,,,0,30,,438,7,,,0,70,,422,7,,,0,59,,1939,7,,,0,99,,428,7,,,0,100,,431,7,,,0,96,,395,7,0,17 18 19,0
300,'4800',715,,441,7,,,0,30,,2367,7,,,0,76,,442,7,,,0,36,,445,7,,,0,70,,446,7,,,0,31,,444,7,,,0,70,,443,7,,,0,30,,2368,7,,,0,70,,448,7,,,0,30,,450,7,,,0,71,,449,7,,,0,30,,453,7,,,0,70,,454,7,,,0,30,,2369,7,,,0,70,,456,7,,,0,71,,457,7,,,0,30,,455,7,,,0,70,,459,7,,,0,30,,451,7,,,0,70,,460,7,,,0,30,,458,7,,,0,70,,462,7,,,0,35,,463,7,,,0,24,,464,7,,,0,85,,2370,7,,,0,105,,467,7,,,0,105,,468,7,,,0,103,,461,7,,,0,98,,466,7,,,0
300,'5102',624,,3146,7,,,0,22,,3133,7,,,0,60,,3126,7,,,0,9,,3127,7,,,0,15,,3121,7,,,0,18,,3149,7,,,0,58,,3135,7,,,0,16,,3138,7,,,0,19,,3139,7,,,0,59,,3131,7,,,0,30,,3132,7,,,0,70,,3134,7,,,0,31,,3156,7,,,0,70,,3141,7,,,0,30,,3129,7,,,0,71,,3143,7,,,0,30,,3155,7,,,0,70,,3117,7,,,0,31,,3140,7,,,0,70,,3118,7,,,0,33,,3150,7,,,0,15,,3128,7,,,0,55,,3136,7,,,0,10,,3157,7,,,0,5,,3159,7,,,0,15,,3120,7,,,0,13,,3119,7,,,0,55,,3147,7,,,0,15,,3123,7,,,0,15,,3125,7,,,0,15,,3154,7,,,0,55,,3137,7,,,0,14,,3116,7,,,0,14,,3122,7,,,0,15,,3145,7,,,0,55,,3124,7,,,0,29,,3153,7,,,0,69,,3144,7,,,0,30,,3158,7,,,0,70,,3142,7,,,0,59,,3152,7,,,0,99,,3148,7,,,0,100,,3151,7,,,0,96,,3115,7,0,17 18 19,0
300,'5105',715,,3161,7,,,0,30,,3160,7,,,0,76,,3162,7,,,0,36,,3165,7,,,0,70,,3166,7,,,0,31,,3164,7,,,0,70,,3163,7,,,0,30,,3167,7,,,0,70,,3168,7,,,0,30,,3170,7,,,0,71,,3169,7,,,0,30,,3173,7,,,0,70,,3174,7,,,0,30,,3172,7,,,0,70,,3176,7,,,0,71,,3177,7,,,0,30,,3175,7,,,0,70,,3179,7,,,0,30,,3171,7,,,0,70,,3180,7,,,0,30,,3178,7,,,0,70,,3182,7,,,0,35,,3183,7,,,0,24,,3184,7,,,0,85,,3185,7,,,0,105,,3187,7,,,0,105,,3188,7,,,0,103,,3181,7,,,0,98,,3186,7,,,0
1400,'4795',817,,1517,40,0,7 8 2 9 2 10,0
1400,'5102',817,,4223,40,0,7 8 2 9 2 10,0
8100,'4795',812,,1842,50,,,0
8100,'5102',812,,4548,50,,,0
8101,'5095',1521,,1843,12,,,0
8101,'5097',1410,,1844,12,,,0
8101,'5103',1521,,4549,12,,,0
8101,'5104',1410,,4550,12,,,0
