500,'5425',911,,5513,1,,,0,119,,5512,1,,,0,120,,5511,1,,,0,162,,5514,1,,,0,96,,5515,1,,,0,127,,5516,1,,,0,167,,5517,1,,,0,120,,5518,1,,,0
500,'5426',706,,5485,1,,,0,30,,5487,1,,,0,74,,5488,1,,,0,33,,5486,1,,,0,73,,5494,1,,,0,33,,5495,1,,,0,73,,5496,1,,,0,33,,5489,1,,,0,73,,5490,1,,,0,73,,5497,1,,,0,35,,5492,1,,,0,76,,5493,1,,,0,36,,5491,1,,,0,76,,5498,1,,,0,76,,5508,1,,,0,36,,5501,1,,,0,76,,5503,1,,,0,36,,5509,1,,,0,76,,5504,1,,,0,35,,5505,1,,,0,73,,5502,1,,,0,75,,5506,1,,,0,45,,5507,1,,,0,100,,5499,1,,,0,100,,5500,1,,,0,156,,5510,1,,,0
500,'5427',706,,7142,1,,,0,30,,7144,1,,,0,74,,7145,1,,,0,33,,7143,1,,,0,73,,7151,1,,,0,33,,7152,1,,,0,73,,7153,1,,,0,33,,7146,1,,,0,73,,7147,1,,,0,73,,7154,1,,,0,35,,7149,1,,,0,76,,7150,1,,,0,36,,7148,1,,,0,76,,7155,1,,,0,76,,7165,1,,,0,36,,7158,1,,,0,76,,7160,1,,,0,36,,7166,1,,,0,76,,7161,1,,,0,35,,7162,1,,,0,73,,7159,1,,,0,75,,7163,1,,,0,45,,7164,1,,,0,100,,7156,1,,,0,100,,7157,1,,,0,156,,7167,1,,,0
500,'5428',756,,7169,1,,,0,70,,7170,1,,,0,30,,7171,1,,,0,70,,7192,1,,,0,30,,7168,1,,,0,70,,7173,1,,,0,30,,7174,1,,,0,70,,7172,1,,,0,30,,7177,1,,,0,70,,7178,1,,,0,31,,7176,1,,,0,71,,7175,1,,,0,30,,7179,1,,,0,70,,7180,1,,,0,30,,7181,1,,,0,71,,7184,1,,,0,30,,7185,1,,,0,69,,7182,1,,,0,29,,7183,1,,,0,70,,7186,1,,,0,30,,7187,1,,,0,70,,7190,1,,,0,119,,7191,1,,,0,95,,7188,1,,,0,103,,7189,1,,,0,100,,7193,1,,,0
500,'5429',911,,7196,1,,,0,119,,7195,1,,,0,120,,7194,1,,,0,162,,7197,1,,,0,96,,7198,1,,,0,127,,7199,1,,,0,167,,7200,1,,,0,120,,7201,1,,,0
501,'5425',911,,5573,14,4,,0,119,,5574,14,4,,0,120,,5571,14,4,,0,162,,5572,14,4,,0,96,,5576,14,4,,0,127,,5575,14,4,,0,167,,5577,14,4,,0,120,,5578,14,4,,0
501,'5426',706,,5545,14,4,,0,30,,5548,14,4,,0,74,,5547,14,4,,0,33,,5546,14,4,,0,73,,5554,14,4,,0,33,,5556,14,4,,0,73,,5555,14,4,,0,33,,5550,14,4,,0,73,,5549,14,4,,0,73,,5557,14,4,,0,35,,5552,14,4,,0,76,,5553,14,4,,0,36,,5551,14,4,,0,76,,5570,14,4,,0,76,,5568,14,4,,0,36,,5565,14,4,,0,76,,5559,14,4,,0,36,,5560,14,4,,0,76,,5561,14,4,,0,35,,5563,14,4,,0,73,,5566,14,4,,0,75,,5564,14,4,,0,45,,5562,14,4,,0,100,,5558,14,4,,0,100,,5567,14,4,,0,156,,5569,14,4,,0
501,'5427',706,,7202,14,4,,0,30,,7205,14,4,,0,74,,7204,14,4,,0,33,,7203,14,4,,0,73,,7211,14,4,,0,33,,7213,14,4,,0,73,,7212,14,4,,0,33,,7207,14,4,,0,73,,7206,14,4,,0,73,,7214,14,4,,0,35,,7209,14,4,,0,76,,7210,14,4,,0,36,,7208,14,4,,0,76,,7227,14,4,,0,76,,7225,14,4,,0,36,,7222,14,4,,0,76,,7216,14,4,,0,36,,7217,14,4,,0,76,,7218,14,4,,0,35,,7220,14,4,,0,73,,7223,14,4,,0,75,,7221,14,4,,0,45,,7219,14,4,,0,100,,7215,14,4,,0,100,,7224,14,4,,0,156,,7226,14,4,,0
501,'5428',756,,7242,14,4,,0,70,,7230,14,4,,0,30,,7228,14,4,,0,70,,7244,14,4,,0,30,,7231,14,4,,0,70,,7245,14,4,,0,30,,7229,14,4,,0,70,,7243,14,4,,0,30,,7232,14,4,,0,70,,7246,14,4,,0,31,,7233,14,4,,0,71,,7241,14,4,,0,30,,7235,14,4,,0,70,,7247,14,4,,0,30,,7234,14,4,,0,71,,7252,14,4,,0,30,,7238,14,4,,0,69,,7248,14,4,,0,29,,7237,14,4,,0,70,,7251,14,4,,0,30,,7236,14,4,,0,70,,7249,14,4,,0,119,,7239,14,4,,0,95,,7250,14,4,,0,103,,7240,14,4,,0,100,,7253,14,4,,0
501,'5429',911,,7256,14,4,,0,119,,7257,14,4,,0,120,,7254,14,4,,0,162,,7255,14,4,,0,96,,7259,14,4,,0,127,,7258,14,4,,0,167,,7260,14,4,,0,120,,7261,14,4,,0
