1400,'4327',1106,,4214,7,,,0,225,,4216,7,,,0,495,,4220,7,,,0
1400,'4332',801,,4237,7,,,0,135,,4240,7,,,0,95,,4246,7,,,0,101,,4243,7,,,0,200,,4245,7,,,0,316,,4242,7,,,0,208,,4238,7,,,0,100,,4244,7,,,0
1400,'4480',731,,4221,7,,,0,316,,4222,7,,,0,557,,4231,7,,,0,39,,4232,7,,,0,75,,4233,7,,,0,39,,4234,7,,,0,145,,4227,7,,,0
1400,'5010',906,,4215,7,,,0,330,,4219,7,,,0,195,,4217,7,,,0,170,,4218,7,,,0
1400,'5196',906,,4671,7,,,0,330,,4674,7,,,0,195,,4672,7,,,0,170,,4673,7,,,0
1400,'5244',1232,,4675,7,,,0,205,,4676,7,,,0
1400,'5246',614,,4229,7,,,0,31,,4228,7,,,0,113,,4223,7,0,7 8 2 9 2 10,0,84,,4226,7,,,0,91,,4224,7,,,0,299,,4230,7,,,0,217,,4225,7,0,9,0,567,,4235,7,,,0,30,,4236,7,,,0
1400,'5247',614,,4682,7,,,0,31,,4681,7,,,0,113,,4677,7,0,7 8 2 9 2 10,0,84,,4680,7,,,0,91,,4678,7,,,0,299,,4683,7,,,0,217,,4679,7,0,9,0,567,,4684,7,,,0,30,,4685,7,,,0
8001,'4675',1454,,4547,6,,,0,3,,4547,13,,,0
8001,'5103',1454,,4546,6,,,0,3,,4546,13,,,0
8100,'4480',748,,4548,15,,,0
8101,'4675',1431,,4550,42,,,0
8101,'5103',1542,,4549,42,,,0
