101,'4528',601,,4930,3,,,0,30,,4931,3,,,0,70,,4932,3,,,0,30,,4934,3,,,0,15,,4933,3,,,0,55,,4936,3,,,0,100,,4976,3,,,0,41,,4980,3,,,0,260,,4942,3,,,0,30,,4944,3,,,0,190,,4948,3,,,0,110,,4952,3,,,0,15,,4950,3,,,0,155,,4953,3,,,0,45,,4958,3,,,0,159,,4979,3,,,0,100,,4962,3,,,0,100,,4964,3,,,0,100,,4967,3,,,0,100,,4968,3,,,0
101,'4532',906,,5016,3,,,0,100,,5018,3,,,0,100,,5020,3,,,0,100,,5022,3,,,0,100,,5024,3,,,0
101,'5221',701,,4981,3,,,0,100,,4985,3,,,0,200,,4986,3,,,0,100,,4987,3,,,0,100,,4990,3,,,0,330,,4996,3,,,0,100,,5009,3,,,0,100,,5011,3,,,0
101,'5425',731,,4982,3,,,0,100,,4984,3,,,0,70,,4983,3,,,0,30,,4989,3,,,0,100,,4988,3,,,0,100,,5000,3,,,0,100,,4991,3,,,0,70,,4992,3,,,0,30,,4993,3,,,0,70,,4994,3,,,0,30,,4999,3,,,0,70,,4995,3,,,0,100,,4998,3,,,0,100,,4997,3,,,0,105,,5002,3,,,0,25,,5001,3,,,0,70,,5003,3,,,0,30,,5012,3,,,0,70,,5007,3,,,0,30,,5004,3,,,0,70,,5006,3,,,0,30,,5005,3,,,0,70,,5008,3,,,0,30,,5013,3,,,0,78,,5010,3,,,0,22,,5014,3,,,0
101,'5426',716,,4938,3,,,0,100,,4935,3,,,0,15,,4937,3,,,0,15,,4939,3,,,0,75,,4940,3,,,0,81,,4974,3,,,0,30,,4943,3,,,0,70,,4973,3,,,0,30,,4941,3,,,0,170,,4946,3,,,0,30,,4947,3,,,0,70,,4972,3,,,0,40,,4975,3,,,0,60,,4945,3,,,0,15,,4951,3,,,0,85,,4977,3,,,0,15,,4949,3,,,0,15,,4954,3,,,0,15,,4955,3,,,0,70,,4957,3,,,0,15,,4978,3,,,0,70,,4956,3,,,0,20,,4959,3,,,0,19,,4960,3,,,0,95,,4961,3,,,0,100,,4963,3,,,0,100,,4965,3,,,0,100,,4966,3,,,0,100,,4969,3,,,0,70,,4970,3,,,0,30,,4971,3,,,0
101,'5427',716,,6676,3,,,0,100,,6674,3,,,0,15,,6675,3,,,0,15,,6677,3,,,0,75,,6678,3,,,0,81,,6701,3,,,0,30,,6680,3,,,0,70,,6700,3,,,0,30,,6679,3,,,0,170,,6682,3,,,0,30,,6683,3,,,0,70,,6699,3,,,0,40,,6702,3,,,0,60,,6681,3,,,0,15,,6685,3,,,0,85,,6703,3,,,0,15,,6684,3,,,0,15,,6686,3,,,0,15,,6687,3,,,0,70,,6689,3,,,0,15,,6704,3,,,0,70,,6688,3,,,0,20,,6690,3,,,0,19,,6691,3,,,0,95,,6692,3,,,0,100,,6693,3,,,0,100,,6694,3,,,0,100,,6695,3,,,0,100,,6696,3,,,0,70,,6697,3,,,0,30,,6698,3,,,0
101,'5428',621,,6728,3,,,0,30,,6729,3,,,0,70,,6726,3,,,0,25,,6731,3,,,0,60,,6725,3,,,0,15,,6732,3,,,0,15,,6705,3,,,0,15,,6733,3,,,0,85,,6706,3,,,0,100,,6707,3,,,0,100,,6708,3,,,0,100,,6709,3,,,0,100,,6710,3,,,0,70,,6711,3,,,0,30,,6712,3,,,0,70,,6713,3,,,0,30,,6715,3,,,0,15,,6734,3,,,0,55,,6716,3,,,0,15,,6735,3,,,0,15,,6717,3,,,0,15,,6736,3,,,0,55,,6718,3,,,0,15,,6737,3,,,0,15,,6719,3,,,0,15,,6738,3,,,0,55,,6720,3,,,0,30,,6714,3,,,0,85,,6721,3,,,0,100,,6722,3,,,0,105,,6723,3,,,0,105,,6724,3,,,0,105,,6727,3,,,0,100,,6730,3,,,0
101,'5429',731,,6739,3,,,0,100,,6741,3,,,0,70,,6740,3,,,0,30,,6743,3,,,0,100,,6742,3,,,0,100,,6752,3,,,0,100,,6744,3,,,0,70,,6745,3,,,0,30,,6746,3,,,0,70,,6747,3,,,0,30,,6751,3,,,0,70,,6748,3,,,0,100,,6750,3,,,0,100,,6749,3,,,0,105,,6754,3,,,0,25,,6753,3,,,0,70,,6755,3,,,0,30,,6762,3,,,0,70,,6759,3,,,0,30,,6756,3,,,0,70,,6758,3,,,0,30,,6757,3,,,0,70,,6760,3,,,0,30,,6763,3,,,0,78,,6761,3,,,0,22,,6764,3,,,0
201,'4528',746,,5135,3,,,0,155,,5140,3,,,0,100,,5137,3,,,0,100,,5143,3,,,0,100,,5145,3,,,0,100,,5147,3,,,0,99,,5148,3,,,0,101,,5151,3,,,0,111,,5120,3,,,0,99,,5122,3,,,0
201,'4532',836,,5164,3,,,0
201,'5425',821,,5152,3,,,0,110,,5153,3,,,0,100,,5154,3,,,0,100,,5156,3,,,0,105,,5155,3,,,0,95,,5158,3,,,0,100,,5157,3,,,0,100,,5161,3,,,0,105,,5163,3,,,0,100,,5162,3,,,0,166,,5159,3,,,0,100,,5160,3,,,0
201,'5426',731,,5136,3,,,0,70,,5138,3,,,0,30,,5134,3,,,0,100,,5141,3,,,0,100,,5142,3,,,0,100,,5144,3,,,0,100,,5146,3,,,0,99,,5150,3,,,0,101,,5149,3,,,0,111,,5124,3,,,0,100,,5128,3,,,0,99,,5119,3,,,0,75,,5129,3,,,0,40,,5123,3,,,0,70,,5126,3,,,0,75,,5130,3,,,0,25,,5127,3,,,0,30,,5121,3,,,0,70,,5125,3,,,0
201,'5427',731,,6831,3,,,0,70,,6832,3,,,0,30,,6830,3,,,0,100,,6834,3,,,0,100,,6835,3,,,0,100,,6836,3,,,0,100,,6837,3,,,0,99,,6839,3,,,0,101,,6838,3,,,0,111,,6821,3,,,0,100,,6825,3,,,0,99,,6818,3,,,0,75,,6826,3,,,0,40,,6820,3,,,0,70,,6823,3,,,0,75,,6827,3,,,0,25,,6824,3,,,0,30,,6819,3,,,0,70,,6822,3,,,0
201,'5428',936,,6841,3,,,0,100,,6844,3,,,0,100,,6845,3,,,0,100,,6846,3,,,0,100,,6843,3,,,0,100,,6840,3,,,0,70,,6851,3,,,0,30,,6847,3,,,0,70,,6850,3,,,0,30,,6842,3,,,0,70,,6848,3,,,0,30,,6849,3,,,0,90,,6852,3,,,0,80,,6854,3,,,0,51,,6855,3,,,0,94,,6853,3,,,0,100,,6856,3,,,0
201,'5429',821,,6857,3,,,0,110,,6858,3,,,0,100,,6859,3,,,0,100,,6861,3,,,0,105,,6860,3,,,0,95,,6863,3,,,0,100,,6862,3,,,0,100,,6866,3,,,0,105,,6868,3,,,0,100,,6867,3,,,0,166,,6864,3,,,0,100,,6865,3,,,0
301,'4528',751,,5291,3,,,0,150,,5290,3,,,0,401,,5297,3,,,0,230,,5275,3,,,0,115,,5285,3,,,0,155,,5299,3,,,0
301,'4532',1301,,5333,3,,,0,130,,5332,3,,,0,100,,5338,3,,,0,100,,5342,3,,,0
301,'5221',1528,,5315,3,,,0,298,,5314,3,,,0,106,,5316,3,,,0
301,'5425',828,,5306,3,,,0,100,,5307,3,,,0,100,,5312,3,,,0,103,,5308,3,,,0,97,,5313,3,,,0,100,,5309,3,,,0,100,,5310,3,,,0,200,,5311,3,,,0,98,,5317,3,,,0,306,,5318,3,,,0,100,,5319,3,,,0
301,'5426',649,,5280,3,,,0,70,,5273,3,,,0,16,,5281,3,,,0,76,,5276,3,,,0,20,,5282,3,,,0,100,,5287,3,,,0,70,,5304,3,,,0,30,,5270,3,,,0,70,,5268,3,,,0,30,,5292,3,,,0,70,,5277,3,,,0,30,,5303,3,,,0,101,,5296,3,,,0,70,,5302,3,,,0,30,,5300,3,,,0,70,,5298,3,,,0,15,,5294,3,,,0,30,,5274,3,,,0,55,,5271,3,,,0,15,,5301,3,,,0,15,,5272,3,,,0,70,,5284,3,,,0,15,,5278,3,,,0,15,,5279,3,,,0,99,,5289,3,,,0,70,,5305,3,,,0,30,,5269,3,,,0,100,,5295,3,,,0,100,,5286,3,,,0,100,,5293,3,,,0,100,,5267,3,,,0
301,'5427',649,,6951,3,,,0,70,,6945,3,,,0,16,,6952,3,,,0,76,,6947,3,,,0,20,,6953,3,,,0,100,,6957,3,,,0,70,,6969,3,,,0,30,,6942,3,,,0,70,,6940,3,,,0,30,,6959,3,,,0,70,,6948,3,,,0,30,,6968,3,,,0,101,,6963,3,,,0,70,,6967,3,,,0,30,,6965,3,,,0,70,,6964,3,,,0,15,,6961,3,,,0,30,,6946,3,,,0,55,,6943,3,,,0,15,,6966,3,,,0,15,,6944,3,,,0,70,,6955,3,,,0,15,,6949,3,,,0,15,,6950,3,,,0,99,,6958,3,,,0,70,,6970,3,,,0,30,,6941,3,,,0,100,,6962,3,,,0,100,,6956,3,,,0,100,,6960,3,,,0,100,,6939,3,,,0
301,'5428',831,,6973,3,,,0,70,,6975,3,,,0,30,,6980,3,,,0,70,,6978,3,,,0,30,,6977,3,,,0,70,,6976,3,,,0,30,,6979,3,,,0,70,,6972,3,,,0,30,,6981,3,,,0,100,,6982,3,,,0,70,,6983,3,,,0,100,,6984,3,,,0,100,,6986,3,,,0,100,,6985,3,,,0,30,,6990,3,,,0,75,,6987,3,,,0,25,,6988,3,,,0,85,,6989,3,,,0,105,,6991,3,,,0,105,,6992,3,,,0,105,,6993,3,,,0,100,,6994,3,,,0
301,'5429',828,,6995,3,,,0,100,,6996,3,,,0,100,,7001,3,,,0,103,,6997,3,,,0,97,,7002,3,,,0,100,,6998,3,,,0,100,,6999,3,,,0,200,,7000,3,,,0,98,,7003,3,,,0,306,,7004,3,,,0,100,,7005,3,,,0
