101,'4327',704,,2848,5,,,0,30,,2849,5,,,0,70,,2852,5,,,0,30,,2851,5,,,0,70,,2850,5,,,0,30,,2856,5,,,0,70,,2853,5,,,0,30,,2855,5,,,0,71,,2854,5,,,0,30,,2867,5,,,0,70,,2857,5,,,0,30,,2858,5,,,0,70,,2859,5,,,0,30,,2860,5,,,0,70,,2861,5,,,0,30,,2866,5,,,0,70,,2862,5,,,0,30,,2863,5,,,0,70,,2865,5,,,0,30,,2876,5,,,0,70,,2864,5,,,0,30,,2878,5,,,0,75,,2869,5,,,0,25,,2868,5,,,0,70,,2870,5,,,0,30,,2879,5,,,0,70,,2874,5,,,0,30,,2871,5,,,0,70,,2873,5,,,0,30,,2872,5,,,0,70,,2875,5,,,0,30,,2880,5,,,0,78,,2877,5,,,0,22,,2881,5,,,0
101,'4795',604,,162,5,,,0,31,,163,5,,,0,70,,164,5,,,0,15,,169,5,,,0,15,,166,5,,,0,15,,165,5,,,0,55,,168,5,,,0,15,,167,5,,,0,15,,170,5,,,0,15,,2284,5,,,0,55,,208,5,,,0,20,,172,5,,,0,21,,212,5,,,0,60,,2285,5,,,0,30,,175,5,,,0,70,,205,5,,,0,30,,173,5,,,0,70,,174,5,,,0,30,,176,5,,,0,70,,178,5,,,0,30,,179,5,,,0,70,,204,5,,,0,20,,180,5,,,0,20,,207,5,,,0,60,,177,5,,,0,15,,183,5,,,0,15,,184,5,,,0,15,,182,5,,,0,55,,209,5,,,0,15,,181,5,,,0,15,,186,5,,,0,15,,187,5,,,0,55,,185,5,,,0,15,,189,5,,,0,15,,210,5,,,0,15,,190,5,,,0,55,,188,5,,,0,20,,191,5,,,0,19,,192,5,,,0,65,,211,5,,,0,30,,193,5,,,0,70,,194,5,,,0,30,,195,5,,,0,70,,196,5,,,0,30,,197,5,,,0,70,,199,5,,,0,30,,198,5,,,0,70,,200,5,,,0,30,,201,5,,,0,70,,202,5,,,0,30,,203,5,,,0
101,'4800',624,,241,5,,,0,30,,242,5,,,0,70,,239,5,,,0,25,,244,5,,,0,60,,238,5,,,0,15,,245,5,,,0,16,,213,5,,,0,15,,246,5,,,0,55,,214,5,,,0,30,,215,5,,,0,70,,216,5,,,0,30,,217,5,,,0,70,,218,5,,,0,30,,219,5,,,0,70,,220,5,,,0,30,,221,5,,,0,70,,222,5,,,0,30,,223,5,,,0,70,,224,5,,,0,30,,225,5,,,0,70,,226,5,,,0,30,,228,5,,,0,15,,247,5,,,0,55,,229,5,,,0,15,,248,5,,,0,15,,230,5,,,0,15,,249,5,,,0,55,,231,5,,,0,15,,250,5,,,0,15,,232,5,,,0,15,,251,5,,,0,55,,233,5,,,0,30,,227,5,,,0,85,,234,5,,,0,100,,235,5,,,0,105,,236,5,,,0,105,,237,5,,,0,105,,240,5,,,0,100,,243,5,,,0
101,'5102',604,,2882,5,,,0,31,,2883,5,,,0,70,,2884,5,,,0,15,,2889,5,,,0,15,,2886,5,,,0,15,,2885,5,,,0,55,,2888,5,,,0,15,,2887,5,,,0,15,,2890,5,,,0,15,,2891,5,,,0,55,,2928,5,,,0,20,,2892,5,,,0,21,,2932,5,,,0,60,,2926,5,,,0,30,,2895,5,,,0,70,,2925,5,,,0,30,,2893,5,,,0,70,,2894,5,,,0,30,,2896,5,,,0,70,,2898,5,,,0,30,,2899,5,,,0,70,,2924,5,,,0,20,,2900,5,,,0,20,,2927,5,,,0,60,,2897,5,,,0,15,,2903,5,,,0,15,,2904,5,,,0,15,,2902,5,,,0,55,,2929,5,,,0,15,,2901,5,,,0,15,,2906,5,,,0,15,,2907,5,,,0,55,,2905,5,,,0,15,,2909,5,,,0,15,,2930,5,,,0,15,,2910,5,,,0,55,,2908,5,,,0,20,,2911,5,,,0,19,,2912,5,,,0,65,,2931,5,,,0,30,,2913,5,,,0,70,,2914,5,,,0,30,,2915,5,,,0,70,,2916,5,,,0,30,,2917,5,,,0,70,,2919,5,,,0,30,,2918,5,,,0,70,,2920,5,,,0,30,,2921,5,,,0,70,,2922,5,,,0,30,,2923,5,,,0
101,'5105',624,,2961,5,,,0,30,,2962,5,,,0,70,,2959,5,,,0,25,,2964,5,,,0,60,,2958,5,,,0,15,,2965,5,,,0,16,,2933,5,,,0,15,,2966,5,,,0,55,,2934,5,,,0,30,,2935,5,,,0,70,,2936,5,,,0,30,,2937,5,,,0,70,,2938,5,,,0,30,,2939,5,,,0,70,,2940,5,,,0,30,,2941,5,,,0,70,,2942,5,,,0,30,,2943,5,,,0,70,,2944,5,,,0,30,,2945,5,,,0,70,,2946,5,,,0,30,,2948,5,,,0,15,,2967,5,,,0,55,,2949,5,,,0,15,,2968,5,,,0,15,,2950,5,,,0,15,,2969,5,,,0,55,,2951,5,,,0,15,,2970,5,,,0,15,,2952,5,,,0,15,,2971,5,,,0,55,,2953,5,,,0,30,,2947,5,,,0,85,,2954,5,,,0,100,,2955,5,,,0,105,,2956,5,,,0,105,,2957,5,,,0,105,,2960,5,,,0,100,,2963,5,,,0
201,'4327',825,,3037,5,,,0,110,,3038,5,,,0,100,,3039,5,,,0,100,,3041,5,,,0,105,,3040,5,,,0,95,,3043,5,,,0,100,,3042,5,,,0,100,,3046,5,,,0,105,,3048,5,,,0,100,,3047,5,,,0,166,,3044,5,,,0,100,,3045,5,,,0
201,'4795',735,,346,5,,,0,15,,345,5,,,0,55,,348,5,,,0,30,,344,5,,,0,70,,350,5,,,0,30,,351,5,,,0,70,,347,5,,,0,30,,352,5,,,0,70,,353,5,,,0,31,,354,5,,,0,70,,355,5,,,0,30,,356,5,,,0,70,,357,5,,,0,29,,360,5,,,0,70,,358,5,,,0,31,,359,5,,,0,70,,361,5,,,0,40,,334,5,,,0,70,,330,5,,,0,30,,338,5,,,0,70,,332,5,,,0,30,,329,5,,,0,75,,339,5,,,0,80,,333,5,,,0,30,,336,5,,,0,75,,340,5,,,0,25,,337,5,,,0,70,,331,5,,,0,30,,335,5,,,0
201,'4800',839,,363,5,,,0,100,,364,5,,,0,101,,366,5,,,0,100,,2348,5,,,0,100,,2349,5,,,0,100,,365,5,,,0,100,,362,5,,,0,70,,374,5,,,0,30,,369,5,,,0,70,,373,5,,,0,30,,370,5,,,0,70,,2350,5,,,0,30,,372,5,,,0,90,,375,5,,,0,80,,377,5,,,0,91,,378,5,,,0,54,,376,5,,,0,100,,379,5,,,0
201,'5102',735,,3066,5,,,0,15,,3065,5,,,0,55,,3068,5,,,0,30,,3064,5,,,0,70,,3070,5,,,0,30,,3071,5,,,0,70,,3067,5,,,0,30,,3072,5,,,0,70,,3073,5,,,0,31,,3074,5,,,0,70,,3075,5,,,0,30,,3076,5,,,0,70,,3077,5,,,0,29,,3080,5,,,0,70,,3078,5,,,0,31,,3079,5,,,0,70,,3081,5,,,0,40,,3054,5,,,0,70,,3050,5,,,0,30,,3058,5,,,0,70,,3052,5,,,0,30,,3049,5,,,0,75,,3059,5,,,0,80,,3053,5,,,0,30,,3056,5,,,0,75,,3060,5,,,0,25,,3057,5,,,0,70,,3051,5,,,0,30,,3055,5,,,0
201,'5105',839,,3083,5,,,0,100,,3084,5,,,0,101,,3086,5,,,0,100,,3087,5,,,0,100,,3088,5,,,0,100,,3085,5,,,0,100,,3082,5,,,0,70,,3094,5,,,0,30,,3089,5,,,0,70,,3093,5,,,0,30,,3090,5,,,0,70,,3091,5,,,0,30,,3092,5,,,0,90,,3095,5,,,0,80,,3097,5,,,0,91,,3098,5,,,0,54,,3096,5,,,0,100,,3099,5,,,0
