100,'4528',606,,4803,16,,,0,30,,4804,24,,,0,72,,4805,24,,,0,31,,4806,24,,,0,74,,4815,24,,,0,15,,4814,24,,,0,15,,4842,24,,,0,100,,4837,24,,,0,81,,4847,24,,,0,223,,4834,24,,,0,70,,4833,24,,,0,192,,4816,24,,,0,106,,4838,24,,,0,15,,4844,24,,,0,113,,4829,24,,,0,83,,4827,24,,,0,119,,4835,24,,,0,97,,4826,24,,,0,99,,4820,24,,,0,100,,4817,24,,,0,97,,4841,24,,,0
100,'4532',943,,4891,24,,,0,102,,4896,24,,,0,102,,4898,24,,,0,100,,4901,24,,,0,100,,4902,24,,,0
100,'5221',734,,4856,24,,,0,100,,4859,24,,,0,204,,4861,24,,,0,101,,4864,24,,,0,102,,4866,24,,,0,370,,4872,24,,,0,99,,4883,24,,,0,100,,4886,24,,,0
100,'5425',715,,4855,24,,,0,89,,4857,24,,,0,100,,4858,24,,,0,32,,4860,24,,,0,72,,4863,24,,,0,100,,4862,24,,,0,103,,4876,24,,,0,100,,4865,24,,,0,30,,4869,24,,,0,70,,4867,24,,,0,30,,4870,24,,,0,71,,4871,24,,,0,30,,4868,24,,,0,99,,4873,24,,,0,99,,4874,24,,,0,103,,4877,24,,,0,65,,4875,24,,,0,29,,4878,24,,,0,70,,4887,24,,,0,29,,4880,24,,,0,70,,4879,24,,,0,29,,4881,24,,,0,68,,4882,24,,,0,30,,4884,24,,,0,70,,4888,24,,,0,37,,4885,24,,,0,62,,4889,24,,,0
100,'5426',756,,4807,24,,,0,101,,4843,24,,,0,55,,4818,24,,,0,16,,4810,24,,,0,75,,4836,24,,,0,41,,4846,24,,,0,71,,4845,24,,,0,30,,4850,24,,,0,72,,4849,24,,,0,130,,4824,24,,,0,70,,4813,24,,,0,32,,4812,24,,,0,79,,4811,24,,,0,18,,4839,24,,,0,55,,4821,24,,,0,44,,4840,24,,,0,55,,4853,24,,,0,14,,4852,24,,,0,14,,4832,24,,,0,28,,4854,24,,,0,55,,4830,24,,,0,30,,4848,24,,,0,60,,4851,24,,,0,19,,4828,24,,,0,92,,4831,24,,,0,99,,4822,24,,,0,100,,4819,24,,,0,99,,4825,24,,,0,96,,4823,24,,,0,29,,4808,24,,,0,70,,4809,24,,,0
100,'5427',756,,6581,24,,,0,101,,6602,24,,,0,55,,6588,24,,,0,16,,6584,24,,,0,75,,6599,24,,,0,41,,6604,24,,,0,71,,6603,24,,,0,30,,6607,24,,,0,72,,6606,24,,,0,130,,6593,24,,,0,70,,6587,24,,,0,32,,6586,24,,,0,79,,6585,24,,,0,18,,6600,24,,,0,55,,6590,24,,,0,44,,6601,24,,,0,55,,6610,24,,,0,14,,6609,24,,,0,14,,6598,24,,,0,28,,6611,24,,,0,55,,6596,24,,,0,30,,6605,24,,,0,60,,6608,24,,,0,19,,6595,24,,,0,92,,6597,24,,,0,99,,6591,24,,,0,100,,6589,24,,,0,99,,6594,24,,,0,96,,6592,24,,,0,29,,6582,24,,,0,70,,6583,24,,,0
100,'5428',645,,6634,24,,,0,9,,6636,24,,,0,70,,6637,24,,,0,30,,6612,24,,,0,66,,6639,24,,,0,20,,6613,24,,,0,15,,6640,24,,,0,57,,6614,24,,,0,16,,6641,24,,,0,87,,6616,24,,,0,100,,6615,24,,,0,102,,6618,24,,,0,100,,6617,24,,,0,100,,6620,24,,,0,31,,6619,24,,,0,70,,6621,24,,,0,30,,6623,24,,,0,69,,6624,24,,,0,13,,6642,24,,,0,15,,6625,24,,,0,55,,6643,24,,,0,15,,6622,24,,,0,15,,6644,24,,,0,14,,6626,24,,,0,15,,6645,24,,,0,55,,6627,24,,,0,15,,6646,24,,,0,15,,6628,24,,,0,70,,6629,24,,,0,45,,6633,24,,,0,99,,6632,24,,,0,144,,6631,24,,,0,104,,6630,24,,,0,103,,6635,24,,,0,97,,6638,24,,,0
100,'5429',715,,6647,24,,,0,89,,6648,24,,,0,100,,6649,24,,,0,32,,6650,24,,,0,72,,6652,24,,,0,100,,6651,24,,,0,103,,6662,24,,,0,100,,6653,24,,,0,30,,6656,24,,,0,70,,6654,24,,,0,30,,6657,24,,,0,71,,6658,24,,,0,30,,6655,24,,,0,99,,6659,24,,,0,99,,6660,24,,,0,103,,6663,24,,,0,65,,6661,24,,,0,29,,6664,24,,,0,70,,6671,24,,,0,29,,6666,24,,,0,70,,6665,24,,,0,29,,6667,24,,,0,68,,6668,24,,,0,30,,6669,24,,,0,70,,6672,24,,,0,37,,6670,24,,,0,62,,6673,24,,,0
200,'4528',728,,5068,31,,,0,102,,5070,31,,,0,112,,5074,31,,,0,100,,5078,31,,,0,100,,5077,31,,,0,101,,5080,31,,,0,100,,5082,31,,,0,100,,5083,31,,,0,103,,5086,31,,,0,109,,5056,31,,,0,97,,5059,31,,,0
200,'4532',910,,5103,31,,,0
200,'5425',814,,5088,31,,,0,41,,5087,31,,,0,153,,5090,31,,,0,100,,5089,31,,,0,101,,5091,31,,,0,105,,5092,31,,,0,96,,5094,31,,,0,100,,5093,31,,,0,98,,5097,31,,,0,106,,5099,31,,,0,99,,5098,31,,,0,124,,5095,31,,,0,99,,5096,31,,,0
200,'5426',623,,5067,31,,,0,77,,5066,31,,,0,43,,5071,31,,,0,71,,5069,31,,,0,32,,5072,31,,,0,66,,5075,31,,,0,100,,5073,31,,,0,100,,5076,31,,,0,101,,5079,31,,,0,100,,5081,31,,,0,100,,5084,31,,,0,105,,5085,31,,,0,107,,5062,31,,,0,99,,5058,31,,,0,98,,5065,31,,,0,34,,5057,31,,,0,80,,5061,31,,,0,69,,5055,31,,,0,33,,5060,31,,,0,65,,5054,31,,,0,30,,5063,31,,,0
200,'5427',623,,6776,31,,,0,77,,6775,31,,,0,43,,6778,31,,,0,71,,6777,31,,,0,32,,6779,31,,,0,66,,6781,31,,,0,100,,6780,31,,,0,100,,6782,31,,,0,101,,6783,31,,,0,100,,6784,31,,,0,100,,6785,31,,,0,105,,6786,31,,,0,107,,6771,31,,,0,99,,6768,31,,,0,98,,6774,31,,,0,34,,6767,31,,,0,80,,6770,31,,,0,69,,6766,31,,,0,33,,6769,31,,,0,65,,6765,31,,,0,30,,6772,31,,,0
200,'5428',757,,6788,31,,,0,255,,6787,31,,,0,101,,6790,31,,,0,100,,6789,31,,,0,101,,6791,31,,,0,100,,6792,31,,,0,100,,6795,31,,,0,30,,6796,31,,,0,70,,6794,31,,,0,30,,6793,31,,,0,70,,6797,31,,,0,30,,6798,31,,,0,70,,6799,31,,,0,88,,6804,31,,,0,40,,6802,31,,,0,91,,6800,31,,,0,93,,6801,31,,,0,100,,6803,31,,,0
200,'5429',814,,6806,31,,,0,41,,6805,31,,,0,153,,6808,31,,,0,100,,6807,31,,,0,101,,6809,31,,,0,105,,6810,31,,,0,96,,6812,31,,,0,100,,6811,31,,,0,98,,6815,31,,,0,106,,6817,31,,,0,99,,6816,31,,,0,124,,6813,31,,,0,99,,6814,31,,,0
