1800,'5425',750,,6511,9,,,0,101,,6509,9,,,0,101,,6508,9,,,0,101,,6510,9,,,0,101,,6514,9,,,0,103,,6515,9,,,0,91,,6513,9,,,0,100,,6519,9,,,0,105,,6520,9,,,0,105,,6512,9,,,0,101,,6517,9,,,0,141,,6516,9,,,0,101,,6518,9,,,0
1800,'5426',548,,6491,9,,,0,101,,6492,9,,,0,102,,6493,9,,,0,102,,6494,9,,,0,100,,6495,9,,,0,101,,6496,9,,,0,101,,6497,9,,,0,103,,6498,9,,,0,90,,6499,9,,,0,103,,6500,9,,,0,106,,6501,9,,,0,145,,6502,9,,,0,99,,6503,9,,,0,100,,6504,9,,,0,101,,6505,9,,,0,101,,6506,9,,,0,101,,6507,9,,,0
1800,'5427',548,,7979,9,,,0,101,,7980,9,,,0,102,,7981,9,,,0,102,,7982,9,,,0,100,,7983,9,,,0,101,,7984,9,,,0,101,,7985,9,,,0,103,,7986,9,,,0,90,,7987,9,,,0,103,,7988,9,,,0,106,,7989,9,,,0,145,,7990,9,,,0,99,,7991,9,,,0,100,,7992,9,,,0,101,,7993,9,,,0,101,,7994,9,,,0,101,,7995,9,,,0
1800,'5428',751,,7996,9,,,0,101,,7997,9,,,0,101,,7998,9,,,0,101,,7999,9,,,0,101,,8000,9,,,0,103,,8001,9,,,0,91,,8002,9,,,0,102,,8003,9,,,0,106,,8004,9,,,0,145,,8005,9,,,0,98,,8006,9,,,0,101,,8007,9,,,0,101,,8008,9,,,0,101,,8009,9,,,0,101,,8010,9,,,0
1800,'5429',750,,8014,9,,,0,101,,8012,9,,,0,101,,8011,9,,,0,101,,8013,9,,,0,101,,8017,9,,,0,103,,8018,9,,,0,91,,8016,9,,,0,100,,8022,9,,,0,105,,8023,9,,,0,105,,8015,9,,,0,101,,8020,9,,,0,141,,8019,9,,,0,101,,8021,9,,,0
1801,'5425',811,,6559,12,,,0,101,,6563,12,,,0,101,,6558,12,,,0,101,,6565,12,,,0,101,,6557,12,,,0,103,,6564,12,,,0,92,,6554,12,,,0,99,,6556,12,,,0,105,,6560,12,,,0,105,,6562,12,,,0,101,,6553,12,,,0,100,,6561,12,,,0,101,,6555,12,,,0
1801,'5426',609,,6536,12,,,0,101,,6537,12,,,0,103,,6538,12,,,0,102,,6539,12,,,0,100,,6540,12,,,0,101,,6541,12,,,0,101,,6542,12,,,0,103,,6543,12,,,0,90,,6544,12,,,0,103,,6545,12,,,0,106,,6546,12,,,0,105,,6547,12,,,0,98,,6548,12,,,0,99,,6549,12,,,0,101,,6550,12,,,0,101,,6551,12,,,0,101,,6552,12,,,0
1801,'5427',609,,8024,12,,,0,101,,8025,12,,,0,103,,8026,12,,,0,102,,8027,12,,,0,100,,8028,12,,,0,101,,8029,12,,,0,101,,8030,12,,,0,103,,8031,12,,,0,90,,8032,12,,,0,103,,8033,12,,,0,106,,8034,12,,,0,105,,8035,12,,,0,98,,8036,12,,,0,99,,8037,12,,,0,101,,8038,12,,,0,101,,8039,12,,,0,101,,8040,12,,,0
1801,'5428',813,,8041,12,,,0,101,,8042,12,,,0,100,,8043,12,,,0,101,,8044,12,,,0,101,,8045,12,,,0,103,,8046,12,,,0,91,,8047,12,,,0,102,,8048,12,,,0,106,,8049,12,,,0,105,,8050,12,,,0,98,,8051,12,,,0,100,,8052,12,,,0,101,,8053,12,,,0,101,,8054,12,,,0,101,,8055,12,,,0
1801,'5429',811,,8062,12,,,0,101,,8066,12,,,0,101,,8061,12,,,0,101,,8068,12,,,0,101,,8060,12,,,0,103,,8067,12,,,0,92,,8057,12,,,0,99,,8059,12,,,0,105,,8063,12,,,0,105,,8065,12,,,0,101,,8056,12,,,0,100,,8064,12,,,0,101,,8058,12,,,0
