300,'4327',759,,3100,4,,,0,93,,3102,4,,,0,100,,3101,4,,,0,101,,3107,4,,,0,103,,3103,4,,,0,100,,3109,4,,,0,100,,3104,4,,,0,100,,3105,4,,,0,100,,3110,4,,,0,100,,3106,4,,,0,98,,3112,4,,,0,98,,3108,4,,,0,106,,3111,4,,,0,99,,3113,4,,,0,100,,3114,4,0,17 18 19,0
300,'4795',623,,426,4,,,0,22,,413,4,,,0,60,,406,4,,,0,9,,2351,4,,,0,15,,401,4,,,0,18,,429,4,,,0,58,,415,4,,,0,16,,418,4,,,0,19,,419,4,,,0,19,,411,4,,,0,70,,412,4,,,0,30,,414,4,,,0,71,,436,4,,,0,70,,421,4,,,0,30,,409,4,,,0,71,,423,4,,,0,30,,435,4,,,0,70,,397,4,,,0,31,,420,4,,,0,70,,398,4,,,0,33,,430,4,,,0,15,,408,4,,,0,55,,416,4,,,0,10,,1940,4,,,0,5,,439,4,,,0,15,,400,4,,,0,13,,399,4,,,0,55,,427,4,,,0,15,,403,4,,,0,15,,405,4,,,0,15,,434,4,,,0,55,,417,4,,,0,14,,396,4,,,0,14,,402,4,,,0,15,,425,4,,,0,55,,404,4,,,0,29,,433,4,,,0,29,,424,4,,,0,70,,438,4,,,0,30,,422,4,,,0,99,,1939,4,,,0,99,,428,4,,,0,100,,431,4,,,0,96,,395,4,0,17 18 19,0
300,'4800',714,,441,4,,,0,30,,2367,4,,,0,76,,442,4,,,0,36,,445,4,,,0,70,,446,4,,,0,31,,444,4,,,0,70,,443,4,,,0,30,,2368,4,,,0,70,,448,4,,,0,30,,450,4,,,0,71,,449,4,,,0,30,,453,4,,,0,70,,454,4,,,0,30,,2369,4,,,0,70,,456,4,,,0,31,,457,4,,,0,70,,455,4,,,0,30,,459,4,,,0,70,,451,4,,,0,30,,460,4,,,0,70,,458,4,,,0,30,,462,4,,,0,75,,463,4,,,0,24,,464,4,,,0,85,,2370,4,,,0,105,,467,4,,,0,105,,468,4,,,0,103,,461,4,,,0,98,,466,4,,,0
300,'5102',623,,3146,4,,,0,22,,3133,4,,,0,60,,3126,4,,,0,9,,3127,4,,,0,15,,3121,4,,,0,18,,3149,4,,,0,58,,3135,4,,,0,16,,3138,4,,,0,19,,3139,4,,,0,19,,3131,4,,,0,70,,3132,4,,,0,30,,3134,4,,,0,71,,3156,4,,,0,70,,3141,4,,,0,30,,3129,4,,,0,71,,3143,4,,,0,30,,3155,4,,,0,70,,3117,4,,,0,31,,3140,4,,,0,70,,3118,4,,,0,33,,3150,4,,,0,15,,3128,4,,,0,55,,3136,4,,,0,10,,3157,4,,,0,5,,3159,4,,,0,15,,3120,4,,,0,13,,3119,4,,,0,55,,3147,4,,,0,15,,3123,4,,,0,15,,3125,4,,,0,15,,3154,4,,,0,55,,3137,4,,,0,14,,3116,4,,,0,14,,3122,4,,,0,15,,3145,4,,,0,55,,3124,4,,,0,29,,3153,4,,,0,29,,3144,4,,,0,70,,3158,4,,,0,30,,3142,4,,,0,99,,3152,4,,,0,99,,3148,4,,,0,100,,3151,4,,,0,96,,3115,4,0,17 18 19,0
300,'5105',714,,3161,4,,,0,30,,3160,4,,,0,76,,3162,4,,,0,36,,3165,4,,,0,70,,3166,4,,,0,31,,3164,4,,,0,70,,3163,4,,,0,30,,3167,4,,,0,70,,3168,4,,,0,30,,3170,4,,,0,71,,3169,4,,,0,30,,3173,4,,,0,70,,3174,4,,,0,30,,3172,4,,,0,70,,3176,4,,,0,31,,3177,4,,,0,70,,3175,4,,,0,30,,3179,4,,,0,70,,3171,4,,,0,30,,3180,4,,,0,70,,3178,4,,,0,30,,3182,4,,,0,75,,3183,4,,,0,24,,3184,4,,,0,85,,3185,4,,,0,105,,3187,4,,,0,105,,3188,4,,,0,103,,3181,4,,,0,98,,3186,4,,,0
1400,'4795',816,,1517,37,0,7 8 2 9 2 10,0
1400,'5102',816,,4223,37,0,7 8 2 9 2 10,0
8100,'4795',811,,1842,47,,,0
8100,'5102',811,,4548,47,,,0
8101,'5095',1520,,1843,9,,,0
8101,'5097',1409,,1844,9,,,0
8101,'5103',1520,,4549,9,,,0
8101,'5104',1409,,4550,9,,,0
