1601,'4528',733,,6374,4,,,0,100,,6370,4,,,0,100,,6371,4,,,0,200,,6378,4,,,0
1601,'4532',1532,,6404,4,,,0,105,,6402,4,,,0
1601,'5425',837,,6384,4,,,0,100,,6387,4,,,0,100,,6385,4,,,0,100,,6386,4,,,0,100,,6388,4,,,0,100,,6390,4,,,0,100,,6395,4,,,0,100,,6392,4,,,0,105,,6389,4,,,0,100,,6391,4,,,0,100,,6393,4,,,0,100,,6394,4,,,0
1601,'5426',1033,,6369,4,,,0,200,,6372,4,,,0,100,,6373,4,,,0,100,,6376,4,,,0,110,,6377,4,,,0,101,,6380,4,,,0,99,,6382,4,,,0,100,,6381,4,,,0,100,,6379,4,,,0
1601,'5427',1033,,7867,4,,,0,200,,7868,4,,,0,100,,7869,4,,,0,100,,7870,4,,,0,110,,7871,4,,,0,101,,7873,4,,,0,99,,7875,4,,,0,100,,7874,4,,,0,100,,7872,4,,,0
1601,'5428',818,,7877,4,,,0,114,,7876,4,,,0,95,,7878,4,,,0,110,,7880,4,,,0,95,,7881,4,,,0,100,,7879,4,,,0,100,,7882,4,,,0,300,,7883,4,,,0,100,,7884,4,,,0,100,,7885,4,,,0
1601,'5429',837,,7886,4,,,0,100,,7889,4,,,0,100,,7887,4,,,0,100,,7888,4,,,0,100,,7890,4,,,0,100,,7892,4,,,0,100,,7897,4,,,0,100,,7894,4,,,0,105,,7891,4,,,0,100,,7893,4,,,0,100,,7895,4,,,0,100,,7896,4,,,0
1701,'5425',812,,6467,4,0,11 12,0,100,,6468,4,0,11 12,0,115,,6469,4,0,11 12,0,95,,6470,4,0,13 14,0,200,,6472,4,0,11 12,0,210,,6471,4,0,13 14,0,100,,6474,4,0,11 12,0,100,,6473,4,0,15 1 16,0,100,,6475,4,0,13 14,0,170,,6476,4,0,13 14,0
1701,'5426',718,,6458,4,0,11 12,0,85,,6463,4,0,11 12,0,100,,6451,4,0,11 12,0,100,,6454,4,0,11 12,0,100,,6450,4,0,11 12,0,100,,6452,4,0,15 1 16,0,100,,6455,4,0,15 1 16,0,110,,6457,4,0,15 1 16,0,90,,6460,4,0,15 1 16,0,110,,6465,4,0,15 1 16,0,100,,6461,4,0,15 1 16,0,105,,6464,4,0,15 1 16,0,119,,6462,4,0,13 14,0,100,,6456,4,0,13 14,0,115,,6453,4,0,13 14,0,155,,6466,4,0,13 14,0
1701,'5427',718,,7947,4,0,11 12,0,85,,7951,4,0,11 12,0,100,,7940,4,0,11 12,0,100,,7943,4,0,11 12,0,100,,7939,4,0,11 12,0,100,,7941,4,0,15 1 16,0,100,,7944,4,0,15 1 16,0,110,,7946,4,0,15 1 16,0,90,,7948,4,0,15 1 16,0,110,,7953,4,0,15 1 16,0,100,,7949,4,0,15 1 16,0,105,,7952,4,0,15 1 16,0,119,,7950,4,0,13 14,0,100,,7945,4,0,13 14,0,115,,7942,4,0,13 14,0,155,,7954,4,0,13 14,0
1701,'5428',712,,7959,4,0,11 12,0,100,,7956,4,0,11 12,0,90,,7955,4,0,11 12,0,130,,7957,4,0,11 12,0,170,,7960,4,0,15 1 16,0,100,,7961,4,0,15 1 16,0,130,,7958,4,0,15 1 16,0,170,,7962,4,0,15 1 16,0,105,,7963,4,0,15 1 16,0,100,,7965,4,0,13 14,0,105,,7966,4,0,13 14,0,105,,7967,4,0,13 14,0,110,,7964,4,0,13 14,0,120,,7968,4,0,13 14,0
1701,'5429',812,,7969,4,0,11 12,0,100,,7970,4,0,11 12,0,115,,7971,4,0,11 12,0,95,,7972,4,0,13 14,0,200,,7974,4,0,11 12,0,210,,7973,4,0,13 14,0,100,,7976,4,0,11 12,0,100,,7975,4,0,15 1 16,0,100,,7977,4,0,13 14,0,170,,7978,4,0,13 14,0
1800,'5425',737,,6511,3,,,0,101,,6509,3,,,0,101,,6508,3,,,0,101,,6510,3,,,0,101,,6514,3,,,0,103,,6515,3,,,0,91,,6513,3,,,0,101,,6519,3,,,0,105,,6520,3,,,0,105,,6512,3,,,0,101,,6517,3,,,0,101,,6516,3,,,0,101,,6518,3,,,0
1800,'5426',535,,6491,3,,,0,101,,6492,3,,,0,101,,6493,3,,,0,102,,6494,3,,,0,100,,6495,3,,,0,101,,6496,3,,,0,101,,6497,3,,,0,103,,6498,3,,,0,90,,6499,3,,,0,102,,6500,3,,,0,105,,6501,3,,,0,105,,6502,3,,,0,102,,6503,3,,,0,100,,6504,3,,,0,101,,6505,3,,,0,101,,6506,3,,,0,101,,6507,3,,,0
1800,'5427',535,,7979,3,,,0,101,,7980,3,,,0,101,,7981,3,,,0,102,,7982,3,,,0,100,,7983,3,,,0,101,,7984,3,,,0,101,,7985,3,,,0,103,,7986,3,,,0,90,,7987,3,,,0,102,,7988,3,,,0,105,,7989,3,,,0,105,,7990,3,,,0,102,,7991,3,,,0,100,,7992,3,,,0,101,,7993,3,,,0,101,,7994,3,,,0,101,,7995,3,,,0
1800,'5428',737,,7996,3,,,0,101,,7997,3,,,0,101,,7998,3,,,0,101,,7999,3,,,0,101,,8000,3,,,0,103,,8001,3,,,0,91,,8002,3,,,0,101,,8003,3,,,0,105,,8004,3,,,0,105,,8005,3,,,0,101,,8006,3,,,0,101,,8007,3,,,0,101,,8008,3,,,0,101,,8009,3,,,0,101,,8010,3,,,0
1800,'5429',737,,8014,3,,,0,101,,8012,3,,,0,101,,8011,3,,,0,101,,8013,3,,,0,101,,8017,3,,,0,103,,8018,3,,,0,91,,8016,3,,,0,101,,8022,3,,,0,105,,8023,3,,,0,105,,8015,3,,,0,101,,8020,3,,,0,101,,8019,3,,,0,101,,8021,3,,,0
