601,'4528',925,,5607,29,,,0,121,,5608,29,,,0,75,,5610,29,,,0,300,,7267,29,,,0,238,,5617,29,,,0,75,,5620,29,,,0,95,,5619,29,,,0,372,,7273,27,,,0
601,'4532',819,,7275,29,,,0,104,,7276,29,,,0,96,,8309,29,,,0,100,,8310,29,,,0,100,,7274,29,,,0,100,,5638,29,,,0,100,,8311,29,,,0,100,,5642,29,,,0,30,,8313,29,,,0,70,,8315,29,,,0,30,,8318,29,,,0,70,,8316,29,,,0,30,,8317,29,,,0,70,,8314,29,,,0,184,,8312,29,,,0,122,,7285,27,,,0
601,'5221',821,,7288,27,,,0,120,,8319,27,,,0,95,,8320,27,,,0,112,,7291,29,,,0,100,,7290,29,,,0,100,,7295,29,,,0,101,,8321,29,,,0,100,,7294,29,,,0,105,,5631,29,,,0,92,,7296,27,,,0,105,,8322,27,,,0,100,,7297,27,,,0
601,'5434',720,,8323,29,,,0,104,,8324,29,,,0,197,,8325,29,,,0,220,,8326,29,,,0,80,,8327,29,,,0,201,,8328,29,,,0,80,,8329,29,,,0,41,,8330,29,,,0,158,,8331,29,,,0,128,,8332,29,,,0
700,'4532',707,,8357,35,,,0,101,,8348,35,,,0,132,,8335,35,,,0,171,,8340,35,,,0,30,,8341,35,,,0,112,,8339,35,,,0,170,,8344,35,,,0,98,,8351,35,,,0,83,,8346,35,,,0,45,,8354,35,,,0,93,,8342,35,,,0,175,,8336,35,,,0,108,,8349,35,,,0,234,,8337,35,,,0,262,,8355,35,,,0
700,'5221',818,,8358,35,,,0,198,,8360,35,,,0,130,,8363,35,,,0,102,,8364,35,,,0,101,,8365,35,,,0,100,,8367,35,,,0,101,,8366,35,,,0,101,,8370,35,,,0,99,,8372,35,,,0,96,,8373,35,,,0,169,,8375,35,,,0,202,,8378,35,,,0,193,,8381,35,,,0
700,'5434',638,,8382,35,,,0,77,,8383,35,,,0,30,,8384,35,,,0,57,,8385,35,,,0,38,,8386,35,,,0,69,,8387,35,,,0,26,,8388,35,,,0,70,,8390,35,,,0,31,,8391,35,,,0,70,,8392,35,,,0,103,,8393,35,,,0,101,,8394,35,,,0,100,,8395,35,,,0,104,,8396,35,,,0,43,,8398,35,,,0,70,,8400,35,,,0,30,,8402,35,,,0,70,,8403,35,,,0,29,,8404,35,,,0,67,,8405,35,,,0,26,,8406,35,,,0,85,,8407,35,,,0,100,,8408,35,,,0,98,,8409,35,,,0,97,,8410,35,,,0,98,,8411,35,,,0,99,,8412,35,,,0,100,,8413,35,,,0
900,'4528',723,,7545,35,,,0,34,,5898,35,,,0,59,,7546,35,,,0,32,,7548,35,,,0,63,,5903,35,,,0,17,,7550,35,,,0,14,,7551,35,,,0,85,,5908,35,,,0,15,,7554,35,,,0,16,,7555,35,,,0,87,,5913,35,,,0,70,,7559,35,,,0,86,,7562,35,,,0,100,,7566,35,,,0,119,,5927,35,,,0,29,,7572,35,,,0,57,,7573,35,,,0,15,,7574,35,,,0,16,,7575,35,,,0,14,,7576,35,,,0,98,,7580,35,,,0,81,,7583,35,,,0,109,,7588,35,,,0,85,,7591,35,,,0,14,,7592,35,,,0,221,,7598,35,,,0,97,,7600,35,,,0,96,,7602,35,,,0
900,'4532',647,,7630,35,,,0,70,,6034,35,,,0,33,,7624,35,,,0,70,,5995,35,,,0,33,,7604,35,,,0,70,,8506,35,,,0,32,,8505,35,,,0,72,,5999,35,,,0,29,,8509,35,,,0,69,,8507,35,,,0,15,,6026,35,,,0,15,,7609,35,,,0,55,,8516,35,,,0,15,,8508,35,,,0,33,,6004,35,,,0,71,,7611,35,,,0,30,,8510,35,,,0,72,,6006,35,,,0,70,,6007,35,,,0,11,,6024,35,,,0,15,,8512,35,,,0,15,,6028,35,,,0,15,,7614,35,,,0,55,,6025,35,,,0,15,,8511,35,,,0,15,,6027,35,,,0,15,,6012,35,,,0,55,,7628,35,,,0,15,,7616,35,,,0,15,,7626,35,,,0,15,,6014,35,,,0,70,,7615,35,,,0,75,,7618,35,,,0,39,,7622,35,,,0,70,,8514,35,,,0,100,,8515,35,,,0,100,,8513,35,,,0,98,,7621,35,,,0,100,,7623,35,,,0,102,,7625,35,,,0,103,,7629,35,,,0
900,'5221',749,,7631,35,,,0,70,,7633,35,,,0,31,,7632,35,,,0,70,,7634,35,,,0,30,,5965,35,,,0,71,,8517,35,,,0,31,,7636,35,,,0,70,,8519,35,,,0,30,,8520,35,,,0,71,,8518,35,,,0,30,,8521,35,,,0,71,,8522,35,,,0,30,,8525,35,,,0,71,,8524,35,,,0,30,,8526,35,,,0,70,,8523,35,,,0,31,,8532,35,,,0,70,,8527,35,,,0,30,,7648,35,,,0,69,,8528,35,,,0,30,,7649,35,,,0,69,,8529,35,,,0,30,,8537,35,,,0,70,,7655,35,,,0,29,,8530,35,,,0,68,,7652,35,,,0,30,,7653,35,,,0,70,,8531,35,,,0,29,,8536,35,,,0,70,,8533,35,,,0,29,,8534,35,,,0,68,,8535,35,,,0,30,,8538,35,,,0,70,,8539,35,,,0
900,'5434',651,,8541,35,,,0,181,,8542,35,,,0,69,,8543,35,,,0,56,,8544,35,,,0,55,,8545,35,,,0,101,,8546,35,,,0,16,,8547,35,,,0,72,,8548,35,,,0,29,,8549,35,,,0,15,,8550,35,,,0,70,,8551,35,,,0,15,,8552,35,,,0,16,,8553,35,,,0,70,,8554,35,,,0,16,,8555,35,,,0,16,,8556,35,,,0,54,,8557,35,,,0,32,,8558,35,,,0,172,,8559,35,,,0,17,,8560,35,,,0,15,,8561,35,,,0,64,,8562,35,,,0,13,,8563,35,,,0,27,,8564,35,,,0,12,,8565,35,,,0,55,,8566,35,,,0,15,,8567,35,,,0,29,,8568,35,,,0,55,,8569,35,,,0,45,,8570,35,,,0,60,,8571,35,,,0,20,,8572,35,,,0,73,,8573,35,,,0,30,,8574,35,,,0,95,,8575,35,,,0,96,,8576,35,,,0,95,,8540,35,,,0
