1400,'4327',907,,4215,9,,,0,200,,4214,9,,,0,130,,4219,9,,,0,95,,4216,9,,,0,100,,4217,9,,,0,170,,4218,9,,,0,225,,4220,9,,,0
1400,'4795',615,,1523,9,,,0,31,,1522,9,,,0,87,,1515,9,,,0,67,,1517,9,0,7 8 2 9 2 10,0,43,,1520,9,,,0,91,,1518,9,,,0,114,,1516,9,,,0,185,,1524,9,,,0,217,,1519,9,0,9,0,155,,1525,9,,,0,39,,1526,9,,,0,75,,1527,9,,,0,39,,1528,9,,,0,145,,1521,9,,,0,114,,1529,9,,,0,30,,1530,9,,,0
1400,'4800',802,,1531,9,,,0,135,,2625,9,,,0,95,,1540,9,,,0,101,,1537,9,,,0,100,,1533,9,,,0,100,,1539,9,,,0,105,,1535,9,,,0,212,,1536,9,,,0,207,,1532,9,,,0,100,,1538,9,,,0
1400,'5102',615,,4229,9,,,0,31,,4228,9,,,0,87,,4221,9,,,0,67,,4223,9,0,7 8 2 9 2 10,0,43,,4226,9,,,0,91,,4224,9,,,0,114,,4222,9,,,0,185,,4230,9,,,0,217,,4225,9,0,9,0,155,,4231,9,,,0,39,,4232,9,,,0,75,,4233,9,,,0,39,,4234,9,,,0,145,,4227,9,,,0,114,,4235,9,,,0,30,,4236,9,,,0
1400,'5105',802,,4237,9,,,0,135,,4240,9,,,0,95,,4246,9,,,0,101,,4243,9,,,0,100,,4239,9,,,0,100,,4245,9,,,0,105,,4241,9,,,0,212,,4242,9,,,0,207,,4238,9,,,0,100,,4244,9,,,0
8001,'5095',1501,,1840,20,,,0
8001,'5097',1501,,1841,20,,,0
8001,'5103',1501,,4546,20,,,0
8001,'5104',1501,,4547,20,,,0
8100,'4795',750,,1842,18,,,0
8100,'5102',750,,4548,18,,,0
8101,'5095',1543,,1843,45,,,0
8101,'5097',1432,,1844,45,,,0
8101,'5103',1543,,4549,45,,,0
8101,'5104',1432,,4550,45,,,0
