1400,'4327',1103,,4214,4,,,0,225,,4216,4,,,0,495,,4220,4,,,0
1400,'4332',758,,4237,4,,,0,175,,4240,4,,,0,95,,4246,4,,,0,101,,4243,4,,,0,200,,4245,4,,,0,317,,4242,4,,,0,207,,4238,4,,,0,100,,4244,4,,,0
1400,'4480',729,,4221,4,,,0,315,,4222,4,,,0,557,,4231,4,,,0,39,,4232,4,,,0,75,,4233,4,,,0,39,,4234,4,,,0,105,,4227,4,,,0
1400,'5010',903,,4215,4,,,0,330,,4219,4,,,0,195,,4217,4,,,0,130,,4218,4,,,0
1400,'5196',903,,4671,4,,,0,330,,4674,4,,,0,195,,4672,4,,,0,130,,4673,4,,,0
1400,'5244',1229,,4675,4,,,0,205,,4676,4,,,0
1400,'5246',612,,4229,4,,,0,31,,4228,4,,,0,113,,4223,4,0,7 8 2 9 2 10,0,83,,4226,4,,,0,91,,4224,4,,,0,299,,4230,4,,,0,217,,4225,4,0,9,0,567,,4235,4,,,0,30,,4236,4,,,0
1400,'5247',612,,4682,4,,,0,31,,4681,4,,,0,113,,4677,4,0,7 8 2 9 2 10,0,83,,4680,4,,,0,91,,4678,4,,,0,299,,4683,4,,,0,217,,4679,4,0,9,0,567,,4684,4,,,0,30,,4685,4,,,0
8001,'4675',1456,,4547,10,,,0
8001,'5103',1456,,4546,10,,,0
8100,'4480',747,,4548,12,,,0
8101,'4675',1430,,4550,40,,,0
8101,'5103',1541,,4549,40,,,0
