401,'4327',820,,3347,10,,,0,117,,3344,10,,,0,120,,3345,10,,,0,160,,3346,10,,,0,95,,3350,10,,,0,126,,3348,10,,,0,167,,3349,10,,,0,124,,3351,10,,,0,120,,3352,10,,,0
401,'4795',613,,634,10,,,0,25,,638,10,,,0,87,,636,10,,,0,31,,640,10,,,0,70,,637,10,,,0,30,,641,10,,,0,70,,662,10,,,0,30,,635,10,,,0,70,,644,10,,,0,30,,645,10,,,0,71,,643,10,,,0,30,,642,10,,,0,70,,651,10,,,0,30,,663,10,,,0,70,,650,10,,,0,30,,639,10,,,0,70,,660,10,,,0,30,,649,10,,,0,47,,664,10,,,0,24,,659,10,,,0,30,,656,10,,,0,52,,665,10,,,0,18,,647,10,,,0,30,,646,10,,,0,69,,655,10,,,0,29,,648,10,,,0,69,,657,10,,,0,97,,658,10,,,0,97,,653,10,,,0,100,,652,10,,,0,100,,2412,10,,,0,118,,2413,10,,,0
401,'4800',807,,2423,10,,,0,25,,2424,10,,,0,25,,2426,10,,,0,65,,2425,10,,,0,26,,2427,10,,,0,65,,2429,10,,,0,25,,2430,10,,,0,66,,2431,10,,,0,25,,2428,10,,,0,26,,2432,10,,,0,66,,678,10,,,0,28,,675,10,,,0,67,,677,10,,,0,28,,679,10,,,0,67,,681,10,,,0,30,,683,10,,,0,67,,684,10,,,0,29,,682,10,,,0,67,,686,10,,,0,26,,687,10,,,0,27,,685,10,,,0,67,,680,10,,,0,27,,688,10,,,0,67,,690,10,,,0,34,,689,10,,,0,100,,691,10,,,0,100,,692,10,,,0,100,,693,10,,,0,100,,2433,10,,,0
401,'5102',613,,3353,10,,,0,25,,3357,10,,,0,87,,3355,10,,,0,31,,3359,10,,,0,70,,3356,10,,,0,30,,3360,10,,,0,70,,3381,10,,,0,30,,3354,10,,,0,70,,3363,10,,,0,30,,3364,10,,,0,71,,3362,10,,,0,30,,3361,10,,,0,70,,3370,10,,,0,30,,3382,10,,,0,70,,3369,10,,,0,30,,3358,10,,,0,70,,3379,10,,,0,30,,3368,10,,,0,61,,3383,10,,,0,10,,3378,10,,,0,30,,3375,10,,,0,70,,3366,10,,,0,30,,3365,10,,,0,69,,3374,10,,,0,29,,3367,10,,,0,69,,3376,10,,,0,97,,3377,10,,,0,97,,3372,10,,,0,100,,3371,10,,,0,100,,3373,10,,,0,118,,3380,10,,,0
401,'5105',807,,3384,10,,,0,25,,3385,10,,,0,25,,3387,10,,,0,65,,3386,10,,,0,26,,3388,10,,,0,65,,3390,10,,,0,25,,3391,10,,,0,66,,3392,10,,,0,25,,3389,10,,,0,26,,3394,10,,,0,66,,3396,10,,,0,28,,3393,10,,,0,67,,3395,10,,,0,28,,3397,10,,,0,67,,3399,10,,,0,30,,3401,10,,,0,67,,3402,10,,,0,29,,3400,10,,,0,67,,3404,10,,,0,26,,3405,10,,,0,27,,3403,10,,,0,67,,3398,10,,,0,27,,3406,10,,,0,67,,3408,10,,,0,34,,3407,10,,,0,100,,3409,10,,,0,100,,3410,10,,,0,100,,3411,10,,,0,100,,3412,10,,,0
7001,'4795',1518,,1825,9,,,0
7001,'5102',1518,,4531,9,,,0
7301,'4795',1517,,1829,9,,,0
7301,'5102',1517,,4535,9,,,0
7401,'5095',1529,,2714,6,,,0
7401,'5097',1429,,2713,6,,,0
7401,'5103',1529,,4536,6,,,0
7401,'5104',1429,,4537,6,,,0
7701,'4795',1534,,2716,9,,,0
7701,'5102',1534,,4540,9,,,0
