401,'4327',827,,3347,16,,,0,118,,3344,16,,,0,160,,3345,16,,,0,120,,3346,16,,,0,95,,3350,16,,,0,126,,3348,16,,,0,167,,3349,16,,,0,124,,3351,16,,,0,120,,3352,16,,,0
401,'4795',619,,634,16,,,0,26,,638,16,,,0,87,,636,16,,,0,72,,640,16,,,0,30,,637,16,,,0,70,,641,16,,,0,30,,662,16,,,0,70,,635,16,,,0,30,,644,16,,,0,70,,645,16,,,0,32,,643,16,,,0,70,,642,16,,,0,30,,651,16,,,0,70,,663,16,,,0,30,,650,16,,,0,70,,639,16,,,0,30,,660,16,,,0,70,,649,16,,,0,7,,664,16,,,0,24,,659,16,,,0,70,,656,16,,,0,12,,665,16,,,0,18,,647,16,,,0,70,,646,16,,,0,29,,655,16,,,0,69,,648,16,,,0,28,,657,16,,,0,97,,658,16,,,0,97,,653,16,,,0,98,,652,16,,,0,100,,2412,16,,,0,117,,2413,16,,,0
401,'4800',814,,2423,16,,,0,25,,2424,16,,,0,65,,2426,16,,,0,25,,2425,16,,,0,27,,2427,16,,,0,65,,2429,16,,,0,25,,2430,16,,,0,66,,2431,16,,,0,25,,2428,16,,,0,67,,2432,16,,,0,26,,678,16,,,0,28,,675,16,,,0,67,,677,16,,,0,28,,679,16,,,0,67,,681,16,,,0,30,,683,16,,,0,67,,684,16,,,0,29,,682,16,,,0,67,,686,16,,,0,26,,687,16,,,0,67,,685,16,,,0,27,,680,16,,,0,67,,688,16,,,0,26,,690,16,,,0,74,,689,16,,,0,100,,691,16,,,0,100,,692,16,,,0,59,,693,16,,,0,99,,2433,16,,,0
401,'5102',619,,3353,16,,,0,26,,3357,16,,,0,87,,3355,16,,,0,72,,3359,16,,,0,30,,3356,16,,,0,70,,3360,16,,,0,30,,3381,16,,,0,70,,3354,16,,,0,30,,3363,16,,,0,70,,3364,16,,,0,32,,3362,16,,,0,70,,3361,16,,,0,30,,3370,16,,,0,70,,3382,16,,,0,30,,3369,16,,,0,70,,3358,16,,,0,30,,3379,16,,,0,70,,3368,16,,,0,21,,3383,16,,,0,10,,3378,16,,,0,70,,3375,16,,,0,30,,3366,16,,,0,70,,3365,16,,,0,29,,3374,16,,,0,69,,3367,16,,,0,28,,3376,16,,,0,97,,3377,16,,,0,97,,3372,16,,,0,98,,3371,16,,,0,100,,3373,16,,,0,117,,3380,16,,,0
401,'5105',814,,3384,16,,,0,25,,3385,16,,,0,65,,3387,16,,,0,25,,3386,16,,,0,27,,3388,16,,,0,65,,3390,16,,,0,25,,3391,16,,,0,66,,3392,16,,,0,25,,3389,16,,,0,67,,3394,16,,,0,26,,3396,16,,,0,28,,3393,16,,,0,67,,3395,16,,,0,28,,3397,16,,,0,67,,3399,16,,,0,30,,3401,16,,,0,67,,3402,16,,,0,29,,3400,16,,,0,67,,3404,16,,,0,26,,3405,16,,,0,67,,3403,16,,,0,27,,3398,16,,,0,67,,3406,16,,,0,26,,3408,16,,,0,74,,3407,16,,,0,100,,3409,16,,,0,100,,3410,16,,,0,59,,3411,16,,,0,99,,3412,16,,,0
7001,'4795',1523,,1825,14,,,0
7001,'5102',1523,,4531,14,,,0
7100,'4795',730,,1826,1,,,0
7100,'5102',730,,4532,1,,,0
7200,'4795',735,,2712,1,,,0
7200,'5102',735,,4533,1,,,0
7401,'5095',1536,,2714,11,,,0
7401,'5097',1436,,2713,11,,,0
7401,'5103',1536,,4536,11,,,0
7401,'5104',1436,,4537,11,,,0
7701,'4795',1540,,2716,14,,,0
7701,'5102',1540,,4540,14,,,0
