1601,'4528',738,,6374,9,,,0,100,,6370,9,,,0,100,,6371,9,,,0,200,,6378,9,,,0
1601,'4532',1537,,6404,9,,,0,105,,6402,9,,,0
1601,'5425',842,,6384,9,,,0,100,,6387,9,,,0,100,,6385,9,,,0,100,,6386,9,,,0,100,,6388,9,,,0,100,,6390,9,,,0,100,,6395,9,,,0,100,,6392,9,,,0,105,,6389,9,,,0,100,,6391,9,,,0,100,,6393,9,,,0,100,,6394,9,,,0
1601,'5426',1038,,6369,9,,,0,200,,6372,9,,,0,100,,6373,9,,,0,100,,6376,9,,,0,111,,6377,9,,,0,102,,6380,9,,,0,97,,6382,9,,,0,100,,6381,9,,,0,100,,6379,9,,,0
1601,'5427',1038,,7867,9,,,0,200,,7868,9,,,0,100,,7869,9,,,0,100,,7870,9,,,0,111,,7871,9,,,0,102,,7873,9,,,0,97,,7875,9,,,0,100,,7874,9,,,0,100,,7872,9,,,0
1601,'5428',823,,7877,9,,,0,114,,7876,9,,,0,95,,7878,9,,,0,110,,7880,9,,,0,95,,7881,9,,,0,100,,7879,9,,,0,100,,7882,9,,,0,300,,7883,9,,,0,100,,7884,9,,,0,100,,7885,9,,,0
1601,'5429',842,,7886,9,,,0,100,,7889,9,,,0,100,,7887,9,,,0,100,,7888,9,,,0,100,,7890,9,,,0,100,,7892,9,,,0,100,,7897,9,,,0,100,,7894,9,,,0,105,,7891,9,,,0,100,,7893,9,,,0,100,,7895,9,,,0,100,,7896,9,,,0
1701,'5425',817,,6467,9,0,11 12,0,100,,6468,9,0,11 12,0,115,,6469,9,0,11 12,0,95,,6470,9,0,13 14,0,200,,6472,9,0,11 12,0,210,,6471,9,0,13 14,0,100,,6474,9,0,11 12,0,100,,6473,9,0,15 1 16,0,100,,6475,9,0,13 14,0,170,,6476,9,0,13 14,0
1701,'5426',723,,6458,9,0,11 12,0,85,,6463,9,0,11 12,0,100,,6451,9,0,11 12,0,100,,6454,9,0,11 12,0,100,,6450,9,0,11 12,0,100,,6452,9,0,15 1 16,0,100,,6455,9,0,15 1 16,0,110,,6457,9,0,15 1 16,0,91,,6460,9,0,15 1 16,0,110,,6465,9,0,15 1 16,0,100,,6461,9,0,15 1 16,0,104,,6464,9,0,15 1 16,0,119,,6462,9,0,13 14,0,100,,6456,9,0,13 14,0,115,,6453,9,0,13 14,0,155,,6466,9,0,13 14,0
1701,'5427',723,,7947,9,0,11 12,0,85,,7951,9,0,11 12,0,100,,7940,9,0,11 12,0,100,,7943,9,0,11 12,0,100,,7939,9,0,11 12,0,100,,7941,9,0,15 1 16,0,100,,7944,9,0,15 1 16,0,110,,7946,9,0,15 1 16,0,91,,7948,9,0,15 1 16,0,110,,7953,9,0,15 1 16,0,100,,7949,9,0,15 1 16,0,104,,7952,9,0,15 1 16,0,119,,7950,9,0,13 14,0,100,,7945,9,0,13 14,0,115,,7942,9,0,13 14,0,155,,7954,9,0,13 14,0
1701,'5428',717,,7959,9,0,11 12,0,100,,7956,9,0,11 12,0,90,,7955,9,0,11 12,0,130,,7957,9,0,11 12,0,170,,7960,9,0,15 1 16,0,100,,7961,9,0,15 1 16,0,130,,7958,9,0,15 1 16,0,170,,7962,9,0,15 1 16,0,105,,7963,9,0,15 1 16,0,100,,7965,9,0,13 14,0,105,,7966,9,0,13 14,0,105,,7967,9,0,13 14,0,110,,7964,9,0,13 14,0,120,,7968,9,0,13 14,0
1701,'5429',817,,7969,9,0,11 12,0,100,,7970,9,0,11 12,0,115,,7971,9,0,11 12,0,95,,7972,9,0,13 14,0,200,,7974,9,0,11 12,0,210,,7973,9,0,13 14,0,100,,7976,9,0,11 12,0,100,,7975,9,0,15 1 16,0,100,,7977,9,0,13 14,0,170,,7978,9,0,13 14,0
