700,'4528',645,,7300,22,,,0,71,,7302,22,,,0,90,,7305,22,,,0,32,,7307,22,,,0,69,,7309,22,,,0,99,,7328,22,,,0,30,,7353,22,,,0,87,,7315,22,,,0,101,,7317,22,,,0,100,,7319,22,,,0,102,,7321,22,,,0,85,,7323,22,,,0,143,,7344,22,,,0,70,,7330,22,,,0,29,,7345,22,,,0,68,,7331,22,,,0,29,,7347,22,,,0,396,,7350,22,,,0
700,'4532',655,,8357,22,,,0,70,,7391,22,,,0,31,,8348,22,,,0,70,,8333,22,,,0,31,,7355,22,,,0,71,,8335,22,,,0,29,,8334,22,,,0,71,,7363,22,,,0,31,,8340,22,,,0,54,,7383,22,,,0,16,,8341,22,,,0,15,,7384,22,,,0,63,,8343,22,,,0,33,,8339,22,,,0,68,,7372,22,,,0,30,,8338,22,,,0,72,,8344,22,,,0,28,,7367,22,,,0,70,,8351,22,,,0,13,,8345,22,,,0,14,,8352,22,,,0,16,,8346,22,,,0,54,,7389,22,,,0,15,,7364,22,,,0,16,,8354,22,,,0,14,,7376,22,,,0,55,,8353,22,,,0,24,,8342,22,,,0,29,,7377,22,,,0,70,,7358,22,,,0,76,,8336,22,,,0,32,,7360,22,,,0,76,,8349,22,,,0,34,,7380,22,,,0,105,,7361,22,,,0,96,,8337,22,,,0,100,,8347,22,,,0,97,,8350,22,,,0,66,,8355,22,,,0,29,,8356,22,,,0
700,'5221',740,,7394,22,,,0,67,,8358,22,,,0,100,,8359,22,,,0,97,,8360,22,,,0,33,,8361,22,,,0,70,,7398,22,,,0,27,,8363,22,,,0,73,,8369,22,,,0,28,,8364,22,,,0,69,,8362,22,,,0,32,,8365,22,,,0,68,,8376,22,,,0,32,,8367,22,,,0,70,,8371,22,,,0,31,,8366,22,,,0,69,,8368,22,,,0,31,,8370,22,,,0,67,,8374,22,,,0,32,,8372,22,,,0,67,,8377,22,,,0,31,,8373,22,,,0,68,,7417,22,,,0,101,,8375,22,,,0,99,,8380,22,,,0,103,,8378,22,,,0,95,,8379,22,,,0,100,,8381,22,,,0
700,'5434',627,,8382,22,,,0,75,,8383,22,,,0,30,,8384,22,,,0,17,,8385,22,,,0,78,,8386,22,,,0,29,,8387,22,,,0,66,,8388,22,,,0,13,,8389,22,,,0,17,,8390,22,,,0,71,,8391,22,,,0,30,,8392,22,,,0,103,,8393,22,,,0,100,,8394,22,,,0,100,,8395,22,,,0,144,,8396,22,,,0,26,,8397,22,,,0,17,,8398,22,,,0,14,,8399,22,,,0,56,,8400,22,,,0,13,,8401,22,,,0,17,,8402,22,,,0,70,,8403,22,,,0,29,,8404,22,,,0,69,,8405,22,,,0,26,,8406,22,,,0,85,,8407,22,,,0,27,,8414,22,,,0,73,,8408,22,,,0,26,,8416,22,,,0,72,,8409,22,,,0,28,,8415,22,,,0,70,,8410,22,,,0,98,,8411,22,,,0,27,,8417,22,,,0,73,,8412,22,,,0,31,,8418,22,,,0,70,,8413,22,,,0
900,'4528',713,,7545,29,,,0,33,,5898,29,,,0,56,,7546,29,,,0,33,,7548,29,,,0,67,,5903,29,,,0,16,,7550,29,,,0,13,,7551,29,,,0,85,,5908,29,,,0,15,,7554,29,,,0,15,,7555,29,,,0,86,,5913,29,,,0,71,,7559,29,,,0,46,,7562,29,,,0,100,,7566,29,,,0,158,,5927,29,,,0,29,,7572,29,,,0,17,,7573,29,,,0,55,,7574,29,,,0,16,,7575,29,,,0,14,,7576,29,,,0,100,,7580,29,,,0,81,,7583,29,,,0,110,,7588,29,,,0,85,,7591,29,,,0,14,,7592,29,,,0,222,,7598,29,,,0,98,,7600,29,,,0,96,,7602,29,,,0
900,'4532',639,,7630,29,,,0,70,,6034,29,,,0,33,,7624,29,,,0,70,,5995,29,,,0,31,,7604,29,,,0,70,,8506,29,,,0,32,,8505,29,,,0,72,,5999,29,,,0,29,,8509,29,,,0,69,,8507,29,,,0,15,,6026,29,,,0,15,,7609,29,,,0,55,,8516,29,,,0,15,,8508,29,,,0,32,,6004,29,,,0,71,,7611,29,,,0,30,,8510,29,,,0,72,,6006,29,,,0,30,,6007,29,,,0,52,,6024,29,,,0,15,,8512,29,,,0,15,,6028,29,,,0,15,,7614,29,,,0,55,,6025,29,,,0,15,,8511,29,,,0,15,,6027,29,,,0,15,,6012,29,,,0,55,,7628,29,,,0,15,,7616,29,,,0,15,,7626,29,,,0,15,,6014,29,,,0,70,,7615,29,,,0,35,,7618,29,,,0,79,,7622,29,,,0,70,,8514,29,,,0,100,,8515,29,,,0,100,,8513,29,,,0,99,,7621,29,,,0,101,,7623,29,,,0,102,,7625,29,,,0,103,,7629,29,,,0
900,'5221',739,,7631,29,,,0,70,,7633,29,,,0,31,,7632,29,,,0,70,,7634,29,,,0,30,,5965,29,,,0,71,,8517,29,,,0,31,,7636,29,,,0,70,,8519,29,,,0,30,,8520,29,,,0,71,,8518,29,,,0,30,,8521,29,,,0,71,,8522,29,,,0,30,,8525,29,,,0,71,,8524,29,,,0,30,,8526,29,,,0,70,,8523,29,,,0,31,,8532,29,,,0,70,,8527,29,,,0,30,,7648,29,,,0,69,,8528,29,,,0,30,,7649,29,,,0,70,,8529,29,,,0,30,,8537,29,,,0,70,,7655,29,,,0,29,,8530,29,,,0,68,,7652,29,,,0,30,,7653,29,,,0,70,,8531,29,,,0,29,,8536,29,,,0,70,,8533,29,,,0,29,,8534,29,,,0,68,,8535,29,,,0,30,,8538,29,,,0,70,,8539,29,,,0
900,'5434',641,,8541,29,,,0,177,,8542,29,,,0,31,,8543,29,,,0,97,,8544,29,,,0,55,,8545,29,,,0,100,,8546,29,,,0,15,,8547,29,,,0,32,,8548,29,,,0,70,,8549,29,,,0,15,,8550,29,,,0,70,,8551,29,,,0,15,,8552,29,,,0,16,,8553,29,,,0,70,,8554,29,,,0,15,,8555,29,,,0,15,,8556,29,,,0,14,,8557,29,,,0,73,,8558,29,,,0,132,,8559,29,,,0,57,,8560,29,,,0,15,,8561,29,,,0,26,,8562,29,,,0,53,,8563,29,,,0,28,,8564,29,,,0,12,,8565,29,,,0,15,,8566,29,,,0,55,,8567,29,,,0,29,,8568,29,,,0,15,,8569,29,,,0,85,,8570,29,,,0,60,,8571,29,,,0,20,,8572,29,,,0,34,,8573,29,,,0,70,,8574,29,,,0,96,,8575,29,,,0,96,,8576,29,,,0,95,,8540,29,,,0
1000,'4528',732,,6179,2,,,0,303,,6190,2,,,0,120,,6191,2,,,0,80,,6188,2,,,0,80,,6192,2,,,0,41,,6185,2,,,0,79,,6186,2,,,0,79,,6187,2,,,0,40,,6183,2,,,0,80,,6184,2,,,0,80,,6182,2,,,0,40,,6181,2,,,0,79,,6178,2,,,0,80,,6180,2,,,0
1000,'5434',717,,8649,2,,,0,33,,8650,2,,,0,77,,8651,2,,,0,93,,8652,2,,,0,1180,,8653,2,,,0
