1700,'5425',1610,,6430,1,,,0,299,,6434,1,,,0,130,,6435,1,,,0
1700,'5426',2015,,6421,1,,,0,98,,6415,1,,,0,115,,6412,1,,,0,114,,6425,1,,,0
1700,'5427',2015,,7910,1,,,0,98,,7905,1,,,0,115,,7902,1,,,0,114,,7914,1,,,0
1700,'5428',1843,,7924,1,,,0,105,,7925,1,,,0,105,,7926,1,,,0,150,,7927,1,,,0,119,,7928,1,,,0
1700,'5429',1610,,7933,1,,,0,299,,7937,1,,,0,130,,7938,1,,,0
1701,'4528',646,,6459,1,0,11 12,0
1701,'5425',836,,6467,37,0,11 12,0,100,,6468,37,0,11 12,0,116,,6469,37,0,11 12,0,295,,6472,37,0,11 12,0,263,,6471,56,4,,0,47,,6474,37,0,11 12,0,153,,6473,56,0,15 1 16,0,99,,6475,56,4,,0,130,,6476,56,4,,0
1701,'5426',831,,6463,37,0,11 12,0,98,,6451,37,0,11 12,0,100,,6454,37,0,11 12,0,101,,6450,37,0,11 12,0,112,,6452,56,0,15 1 16,0,102,,6455,56,0,15 1 16,0,113,,6457,56,0,15 1 16,0,92,,6460,56,0,15 1 16,0,107,,6465,56,0,15 1 16,0,98,,6461,56,0,15 1 16,0,103,,6464,56,0,15 1 16,0,158,,6462,56,4,,0,98,,6456,56,4,,0,115,,6453,56,4,,0,114,,6466,56,4,,0
1701,'5427',831,,7951,37,0,11 12,0,98,,7940,37,0,11 12,0,100,,7943,37,0,11 12,0,101,,7939,37,0,11 12,0,112,,7941,56,0,15 1 16,0,102,,7944,56,0,15 1 16,0,113,,7946,56,0,15 1 16,0,92,,7948,56,0,15 1 16,0,107,,7953,56,0,15 1 16,0,98,,7949,56,0,15 1 16,0,103,,7952,56,0,15 1 16,0,158,,7950,56,4,,0,98,,7945,56,4,,0,115,,7942,56,4,,0,114,,7954,56,4,,0
1701,'5428',836,,7956,37,0,11 12,0,90,,7955,37,0,11 12,0,131,,7957,37,0,11 12,0,183,,7960,56,0,15 1 16,0,101,,7961,56,0,15 1 16,0,170,,7958,56,0,15 1 16,0,131,,7962,56,0,15 1 16,0,105,,7963,56,0,15 1 16,0,96,,7965,56,4,,0,105,,7966,56,4,,0,105,,7967,56,4,,0,150,,7964,56,4,,0,119,,7968,56,4,,0
1701,'5429',836,,7969,37,0,11 12,0,100,,7970,37,0,11 12,0,116,,7971,37,0,11 12,0,295,,7974,37,0,11 12,0,263,,7973,56,4,,0,47,,7976,37,0,11 12,0,153,,7975,56,0,15 1 16,0,99,,7977,56,4,,0,130,,7978,56,4,,0
