1700,'4528',737,,6418,54,,,0
1700,'5425',924,,6426,54,,,0,100,,6427,54,,,0,102,,6428,35,,,0,96,,6429,53,,,0,200,,6431,35,,,0,208,,6430,23,,,0,102,,6432,35,,,0,112,,6433,35,,,0,85,,6434,23,,,0,130,,6435,23,,,0
1700,'5426',709,,6410,54,,,0,131,,6416,54,,,0,85,,6422,54,,,0,99,,6409,54,,,0,100,,6413,54,,,0,100,,6408,54,,,0,99,,6411,35,,,0,101,,6414,35,,,0,115,,6417,35,,,0,93,,6419,35,,,0,107,,6424,35,,,0,96,,6420,35,,,0,113,,6423,54,,,0,87,,6421,23,,,0,98,,6415,23,,,0,115,,6412,23,,,0,154,,6425,23,,,0
1700,'5427',709,,7900,54,,,0,131,,7906,54,,,0,85,,7911,54,,,0,99,,7899,54,,,0,100,,7903,54,,,0,100,,7898,54,,,0,99,,7901,35,,,0,101,,7904,35,,,0,115,,7907,35,,,0,93,,7908,35,,,0,107,,7913,35,,,0,96,,7909,35,,,0,113,,7912,54,,,0,87,,7910,23,,,0,98,,7905,23,,,0,115,,7902,23,,,0,154,,7914,23,,,0
1700,'5428',817,,7915,54,,,0,103,,7916,54,,,0,90,,7917,54,,,0,133,,7918,54,,,0,169,,7919,35,,,0,103,,7920,35,,,0,130,,7921,35,,,0,171,,7922,35,,,0,104,,7923,35,,,0,85,,7924,23,,,0,105,,7925,23,,,0,105,,7926,23,,,0,110,,7927,23,,,0,119,,7928,23,,,0
1700,'5429',924,,7929,54,,,0,100,,7930,54,,,0,102,,7931,35,,,0,96,,7932,53,,,0,200,,7934,35,,,0,208,,7933,23,,,0,102,,7935,35,,,0,112,,7936,35,,,0,85,,7937,23,,,0,130,,7938,23,,,0
1801,'5425',823,,6559,16,,,0,101,,6563,16,,,0,101,,6558,16,,,0,102,,6565,16,,,0,101,,6557,16,,,0,103,,6564,16,,,0,92,,6554,16,,,0,98,,6556,16,,,0,105,,6560,16,,,0,105,,6562,16,,,0,101,,6553,16,,,0,99,,6561,16,,,0,101,,6555,16,,,0
1801,'5426',621,,6536,16,,,0,101,,6537,16,,,0,105,,6538,16,,,0,100,,6539,16,,,0,100,,6540,16,,,0,101,,6541,16,,,0,101,,6542,16,,,0,104,,6543,16,,,0,90,,6544,16,,,0,104,,6545,16,,,0,106,,6546,16,,,0,103,,6547,16,,,0,98,,6548,16,,,0,99,,6549,16,,,0,101,,6550,16,,,0,101,,6551,16,,,0,101,,6552,16,,,0
1801,'5427',621,,8024,16,,,0,101,,8025,16,,,0,105,,8026,16,,,0,100,,8027,16,,,0,100,,8028,16,,,0,101,,8029,16,,,0,101,,8030,16,,,0,104,,8031,16,,,0,90,,8032,16,,,0,104,,8033,16,,,0,106,,8034,16,,,0,103,,8035,16,,,0,98,,8036,16,,,0,99,,8037,16,,,0,101,,8038,16,,,0,101,,8039,16,,,0,101,,8040,16,,,0
1801,'5428',825,,8041,16,,,0,101,,8042,16,,,0,100,,8043,16,,,0,101,,8044,16,,,0,101,,8045,16,,,0,103,,8046,16,,,0,91,,8047,16,,,0,102,,8048,16,,,0,106,,8049,16,,,0,105,,8050,16,,,0,98,,8051,16,,,0,100,,8052,16,,,0,101,,8053,16,,,0,100,,8054,16,,,0,101,,8055,16,,,0
1801,'5429',823,,8062,16,,,0,101,,8066,16,,,0,101,,8061,16,,,0,102,,8068,16,,,0,101,,8060,16,,,0,103,,8067,16,,,0,92,,8057,16,,,0,98,,8059,16,,,0,105,,8063,16,,,0,105,,8065,16,,,0,101,,8056,16,,,0,99,,8064,16,,,0,101,,8058,16,,,0
