101,'4528',602,,4930,4,,,0,30,,4931,4,,,0,70,,4932,4,,,0,30,,4934,4,,,0,15,,4933,4,,,0,55,,4936,4,,,0,100,,4976,4,,,0,41,,4980,4,,,0,260,,4942,4,,,0,30,,4944,4,,,0,190,,4948,4,,,0,110,,4952,4,,,0,15,,4950,4,,,0,155,,4953,4,,,0,45,,4958,4,,,0,159,,4979,4,,,0,100,,4962,4,,,0,100,,4964,4,,,0,100,,4967,4,,,0,100,,4968,4,,,0
101,'4532',907,,5016,4,,,0,100,,5018,4,,,0,100,,5020,4,,,0,100,,5022,4,,,0,100,,5024,4,,,0
101,'5221',702,,4981,4,,,0,100,,4985,4,,,0,200,,4986,4,,,0,100,,4987,4,,,0,100,,4990,4,,,0,330,,4996,4,,,0,100,,5009,4,,,0,100,,5011,4,,,0
101,'5425',732,,4982,4,,,0,100,,4984,4,,,0,70,,4983,4,,,0,30,,4989,4,,,0,100,,4988,4,,,0,100,,5000,4,,,0,100,,4991,4,,,0,70,,4992,4,,,0,30,,4993,4,,,0,70,,4994,4,,,0,30,,4999,4,,,0,70,,4995,4,,,0,100,,4998,4,,,0,100,,4997,4,,,0,105,,5002,4,,,0,25,,5001,4,,,0,70,,5003,4,,,0,30,,5012,4,,,0,70,,5007,4,,,0,30,,5004,4,,,0,70,,5006,4,,,0,30,,5005,4,,,0,70,,5008,4,,,0,30,,5013,4,,,0,78,,5010,4,,,0,22,,5014,4,,,0
101,'5426',717,,4938,4,,,0,100,,4935,4,,,0,15,,4937,4,,,0,15,,4939,4,,,0,75,,4940,4,,,0,81,,4974,4,,,0,30,,4943,4,,,0,70,,4973,4,,,0,30,,4941,4,,,0,170,,4946,4,,,0,30,,4947,4,,,0,70,,4972,4,,,0,40,,4975,4,,,0,60,,4945,4,,,0,15,,4951,4,,,0,85,,4977,4,,,0,15,,4949,4,,,0,15,,4954,4,,,0,15,,4955,4,,,0,70,,4957,4,,,0,15,,4978,4,,,0,70,,4956,4,,,0,20,,4959,4,,,0,19,,4960,4,,,0,95,,4961,4,,,0,100,,4963,4,,,0,100,,4965,4,,,0,100,,4966,4,,,0,100,,4969,4,,,0,70,,4970,4,,,0,30,,4971,4,,,0
101,'5427',717,,6676,4,,,0,100,,6674,4,,,0,15,,6675,4,,,0,15,,6677,4,,,0,75,,6678,4,,,0,81,,6701,4,,,0,30,,6680,4,,,0,70,,6700,4,,,0,30,,6679,4,,,0,170,,6682,4,,,0,30,,6683,4,,,0,70,,6699,4,,,0,40,,6702,4,,,0,60,,6681,4,,,0,15,,6685,4,,,0,85,,6703,4,,,0,15,,6684,4,,,0,15,,6686,4,,,0,15,,6687,4,,,0,70,,6689,4,,,0,15,,6704,4,,,0,70,,6688,4,,,0,20,,6690,4,,,0,19,,6691,4,,,0,95,,6692,4,,,0,100,,6693,4,,,0,100,,6694,4,,,0,100,,6695,4,,,0,100,,6696,4,,,0,70,,6697,4,,,0,30,,6698,4,,,0
101,'5428',622,,6728,4,,,0,30,,6729,4,,,0,70,,6726,4,,,0,25,,6731,4,,,0,60,,6725,4,,,0,15,,6732,4,,,0,15,,6705,4,,,0,15,,6733,4,,,0,85,,6706,4,,,0,100,,6707,4,,,0,100,,6708,4,,,0,100,,6709,4,,,0,100,,6710,4,,,0,70,,6711,4,,,0,30,,6712,4,,,0,70,,6713,4,,,0,30,,6715,4,,,0,15,,6734,4,,,0,55,,6716,4,,,0,15,,6735,4,,,0,15,,6717,4,,,0,15,,6736,4,,,0,55,,6718,4,,,0,15,,6737,4,,,0,15,,6719,4,,,0,15,,6738,4,,,0,55,,6720,4,,,0,30,,6714,4,,,0,85,,6721,4,,,0,100,,6722,4,,,0,105,,6723,4,,,0,105,,6724,4,,,0,105,,6727,4,,,0,100,,6730,4,,,0
101,'5429',732,,6739,4,,,0,100,,6741,4,,,0,70,,6740,4,,,0,30,,6743,4,,,0,100,,6742,4,,,0,100,,6752,4,,,0,100,,6744,4,,,0,70,,6745,4,,,0,30,,6746,4,,,0,70,,6747,4,,,0,30,,6751,4,,,0,70,,6748,4,,,0,100,,6750,4,,,0,100,,6749,4,,,0,105,,6754,4,,,0,25,,6753,4,,,0,70,,6755,4,,,0,30,,6762,4,,,0,70,,6759,4,,,0,30,,6756,4,,,0,70,,6758,4,,,0,30,,6757,4,,,0,70,,6760,4,,,0,30,,6763,4,,,0,78,,6761,4,,,0,22,,6764,4,,,0
201,'4528',747,,5135,4,,,0,155,,5140,4,,,0,100,,5137,4,,,0,100,,5143,4,,,0,100,,5145,4,,,0,100,,5147,4,,,0,99,,5148,4,,,0,101,,5151,4,,,0,111,,5120,4,,,0,99,,5122,4,,,0
201,'4532',837,,5164,4,,,0
201,'5425',822,,5152,4,,,0,110,,5153,4,,,0,100,,5154,4,,,0,100,,5156,4,,,0,105,,5155,4,,,0,95,,5158,4,,,0,100,,5157,4,,,0,100,,5161,4,,,0,105,,5163,4,,,0,100,,5162,4,,,0,166,,5159,4,,,0,100,,5160,4,,,0
201,'5426',732,,5136,4,,,0,70,,5138,4,,,0,30,,5134,4,,,0,100,,5141,4,,,0,100,,5142,4,,,0,100,,5144,4,,,0,100,,5146,4,,,0,99,,5150,4,,,0,101,,5149,4,,,0,111,,5124,4,,,0,100,,5128,4,,,0,99,,5119,4,,,0,75,,5129,4,,,0,40,,5123,4,,,0,70,,5126,4,,,0,75,,5130,4,,,0,25,,5127,4,,,0,30,,5121,4,,,0,70,,5125,4,,,0
201,'5427',732,,6831,4,,,0,70,,6832,4,,,0,30,,6830,4,,,0,100,,6834,4,,,0,100,,6835,4,,,0,100,,6836,4,,,0,100,,6837,4,,,0,99,,6839,4,,,0,101,,6838,4,,,0,111,,6821,4,,,0,100,,6825,4,,,0,99,,6818,4,,,0,75,,6826,4,,,0,40,,6820,4,,,0,70,,6823,4,,,0,75,,6827,4,,,0,25,,6824,4,,,0,30,,6819,4,,,0,70,,6822,4,,,0
201,'5428',937,,6841,4,,,0,100,,6844,4,,,0,100,,6845,4,,,0,100,,6846,4,,,0,100,,6843,4,,,0,100,,6840,4,,,0,70,,6851,4,,,0,30,,6847,4,,,0,70,,6850,4,,,0,30,,6842,4,,,0,70,,6848,4,,,0,30,,6849,4,,,0,90,,6852,4,,,0,80,,6854,4,,,0,51,,6855,4,,,0,94,,6853,4,,,0,100,,6856,4,,,0
201,'5429',822,,6857,4,,,0,110,,6858,4,,,0,100,,6859,4,,,0,100,,6861,4,,,0,105,,6860,4,,,0,95,,6863,4,,,0,100,,6862,4,,,0,100,,6866,4,,,0,105,,6868,4,,,0,100,,6867,4,,,0,166,,6864,4,,,0,100,,6865,4,,,0
301,'4528',752,,5291,4,,,0,150,,5290,4,,,0,401,,5297,4,,,0,230,,5275,4,,,0,115,,5285,4,,,0,155,,5299,4,,,0
301,'4532',1302,,5333,4,,,0,130,,5332,4,,,0,100,,5338,4,,,0,100,,5342,4,,,0
301,'5221',1529,,5315,4,,,0,298,,5314,4,,,0,106,,5316,4,,,0
301,'5425',829,,5306,4,,,0,100,,5307,4,,,0,100,,5312,4,,,0,103,,5308,4,,,0,97,,5313,4,,,0,100,,5309,4,,,0,100,,5310,4,,,0,200,,5311,4,,,0,98,,5317,4,,,0,306,,5318,4,,,0,100,,5319,4,,,0
301,'5426',650,,5280,4,,,0,70,,5273,4,,,0,16,,5281,4,,,0,76,,5276,4,,,0,20,,5282,4,,,0,100,,5287,4,,,0,70,,5304,4,,,0,30,,5270,4,,,0,70,,5268,4,,,0,30,,5292,4,,,0,70,,5277,4,,,0,30,,5303,4,,,0,101,,5296,4,,,0,70,,5302,4,,,0,30,,5300,4,,,0,70,,5298,4,,,0,15,,5294,4,,,0,30,,5274,4,,,0,55,,5271,4,,,0,15,,5301,4,,,0,15,,5272,4,,,0,70,,5284,4,,,0,15,,5278,4,,,0,15,,5279,4,,,0,99,,5289,4,,,0,70,,5305,4,,,0,30,,5269,4,,,0,100,,5295,4,,,0,100,,5286,4,,,0,100,,5293,4,,,0,100,,5267,4,,,0
301,'5427',650,,6951,4,,,0,70,,6945,4,,,0,16,,6952,4,,,0,76,,6947,4,,,0,20,,6953,4,,,0,100,,6957,4,,,0,70,,6969,4,,,0,30,,6942,4,,,0,70,,6940,4,,,0,30,,6959,4,,,0,70,,6948,4,,,0,30,,6968,4,,,0,101,,6963,4,,,0,70,,6967,4,,,0,30,,6965,4,,,0,70,,6964,4,,,0,15,,6961,4,,,0,30,,6946,4,,,0,55,,6943,4,,,0,15,,6966,4,,,0,15,,6944,4,,,0,70,,6955,4,,,0,15,,6949,4,,,0,15,,6950,4,,,0,99,,6958,4,,,0,70,,6970,4,,,0,30,,6941,4,,,0,100,,6962,4,,,0,100,,6956,4,,,0,100,,6960,4,,,0,100,,6939,4,,,0
301,'5428',832,,6973,4,,,0,70,,6975,4,,,0,30,,6980,4,,,0,70,,6978,4,,,0,30,,6977,4,,,0,70,,6976,4,,,0,30,,6979,4,,,0,70,,6972,4,,,0,30,,6981,4,,,0,100,,6982,4,,,0,70,,6983,4,,,0,100,,6984,4,,,0,100,,6986,4,,,0,100,,6985,4,,,0,30,,6990,4,,,0,75,,6987,4,,,0,25,,6988,4,,,0,85,,6989,4,,,0,105,,6991,4,,,0,105,,6992,4,,,0,105,,6993,4,,,0,100,,6994,4,,,0
301,'5429',829,,6995,4,,,0,100,,6996,4,,,0,100,,7001,4,,,0,103,,6997,4,,,0,97,,7002,4,,,0,100,,6998,4,,,0,100,,6999,4,,,0,200,,7000,4,,,0,98,,7003,4,,,0,306,,7004,4,,,0,100,,7005,4,,,0
