401,'5425',817,,5450,5,,,0,117,,5447,5,,,0,120,,5448,5,,,0,160,,5449,5,,,0,94,,5453,5,,,0,126,,5451,5,,,0,167,,5452,5,,,0,125,,5454,5,,,0,120,,5455,5,,,0
401,'5426',610,,5417,5,,,0,25,,5421,5,,,0,87,,5419,5,,,0,30,,5423,5,,,0,70,,5420,5,,,0,30,,5424,5,,,0,70,,5445,5,,,0,30,,5418,5,,,0,70,,5427,5,,,0,30,,5428,5,,,0,71,,5426,5,,,0,30,,5425,5,,,0,70,,5434,5,,,0,30,,5446,5,,,0,70,,5433,5,,,0,30,,5422,5,,,0,70,,5443,5,,,0,30,,5432,5,,,0,71,,5442,5,,,0,30,,5439,5,,,0,70,,5430,5,,,0,30,,5429,5,,,0,69,,5438,5,,,0,30,,5431,5,,,0,69,,5440,5,,,0,97,,5441,5,,,0,97,,5436,5,,,0,100,,5435,5,,,0,100,,5437,5,,,0,118,,5444,5,,,0
401,'5427',610,,7074,5,,,0,25,,7078,5,,,0,87,,7076,5,,,0,30,,7080,5,,,0,70,,7077,5,,,0,30,,7081,5,,,0,70,,7102,5,,,0,30,,7075,5,,,0,70,,7084,5,,,0,30,,7085,5,,,0,71,,7083,5,,,0,30,,7082,5,,,0,70,,7091,5,,,0,30,,7103,5,,,0,70,,7090,5,,,0,30,,7079,5,,,0,70,,7100,5,,,0,30,,7089,5,,,0,71,,7099,5,,,0,30,,7096,5,,,0,70,,7087,5,,,0,30,,7086,5,,,0,69,,7095,5,,,0,30,,7088,5,,,0,69,,7097,5,,,0,97,,7098,5,,,0,97,,7093,5,,,0,100,,7092,5,,,0,100,,7094,5,,,0,118,,7101,5,,,0
401,'5428',804,,7104,5,,,0,25,,7105,5,,,0,25,,7107,5,,,0,65,,7106,5,,,0,25,,7108,5,,,0,65,,7110,5,,,0,25,,7111,5,,,0,66,,7112,5,,,0,25,,7109,5,,,0,26,,7114,5,,,0,66,,7116,5,,,0,28,,7113,5,,,0,67,,7115,5,,,0,28,,7117,5,,,0,67,,7119,5,,,0,30,,7122,5,,,0,67,,7123,5,,,0,29,,7121,5,,,0,67,,7124,5,,,0,26,,7125,5,,,0,27,,7120,5,,,0,67,,7118,5,,,0,27,,7126,5,,,0,67,,7128,5,,,0,35,,7127,5,,,0,100,,7129,5,,,0,100,,7130,5,,,0,100,,7131,5,,,0,100,,7132,5,,,0
401,'5429',817,,7136,5,,,0,117,,7133,5,,,0,120,,7134,5,,,0,160,,7135,5,,,0,94,,7139,5,,,0,126,,7137,5,,,0,167,,7138,5,,,0,125,,7140,5,,,0,120,,7141,5,,,0
901,'4528',715,,6037,17,,,0,118,,6042,17,,,0,114,,6047,17,,,0,155,,6052,17,,,0,332,,6066,17,,,0
901,'4532',643,,6173,17,,,0,102,,6156,17,,,0,203,,6135,17,,,0,154,,6166,17,,,0,117,,6143,17,,,0,131,,6145,17,,,0,70,,6146,17,,,0,13,,6171,17,,,0,70,,6168,17,,,0,30,,6170,17,,,0,70,,6165,17,,,0,15,,6153,17,,,0,100,,6147,17,,,0
901,'5221',914,,6107,17,,,0
901,'5425',714,,6100,17,,,0,30,,6103,17,,,0,70,,6101,17,,,0,30,,6102,17,,,0,101,,6104,17,,,0,70,,6106,17,,,0,30,,6105,17,,,0,70,,6110,17,,,0,31,,6108,17,,,0,70,,6109,17,,,0,31,,6114,17,,,0,70,,6112,17,,,0,30,,6115,17,,,0,70,,6111,17,,,0,30,,6113,17,,,0,71,,6127,17,,,0,30,,6117,17,,,0,70,,6118,17,,,0,29,,6116,17,,,0,70,,6119,17,,,0,30,,6120,17,,,0,70,,6132,17,,,0,30,,6124,17,,,0,70,,6121,17,,,0,28,,6123,17,,,0,70,,6122,17,,,0,30,,6125,17,,,0,70,,6131,17,,,0,30,,6126,17,,,0,70,,6128,17,,,0,29,,6129,17,,,0,70,,6130,17,,,0,30,,6133,17,,,0
901,'5426',613,,6035,17,,,0,31,,6036,17,,,0,87,,6038,17,,,0,16,,6039,17,,,0,57,,6040,17,,,0,15,,6041,17,,,0,30,,6043,17,,,0,53,,6044,17,,,0,15,,6045,17,,,0,15,,6046,17,,,0,70,,6048,17,,,0,15,,6049,17,,,0,15,,6050,17,,,0,15,,6051,17,,,0,71,,6053,17,,,0,15,,6054,17,,,0,15,,6055,17,,,0,55,,6056,17,,,0,15,,6057,17,,,0,15,,6058,17,,,0,15,,6059,17,,,0,56,,6060,17,,,0,15,,6061,17,,,0,15,,6062,17,,,0,15,,6063,17,,,0,55,,6064,17,,,0,14,,6065,17,,,0,30,,6067,17,,,0,55,,6068,17,,,0,17,,6069,17,,,0,15,,6070,17,,,0,16,,6071,17,,,0,54,,6072,17,,,0,15,,6073,17,,,0,16,,6074,17,,,0,15,,6075,17,,,0,55,,6076,17,,,0,14,,6077,17,,,0,14,,6078,17,,,0,15,,6079,17,,,0,55,,6080,17,,,0,13,,6081,17,,,0,15,,6082,17,,,0,15,,6083,17,,,0,55,,6084,17,,,0,14,,6085,17,,,0,15,,6086,17,,,0,16,,6087,17,,,0,54,,6088,17,,,0,15,,6089,17,,,0,20,,6090,17,,,0,20,,6091,17,,,0,74,,6092,17,,,0,70,,6093,17,,,0,25,,6094,17,,,0,33,,6095,17,,,0,67,,6096,17,,,0,32,,6097,17,,,0,65,,6098,17,,,0,30,,6099,17,,,0
901,'5427',613,,7664,17,,,0,31,,7665,17,,,0,87,,7666,17,,,0,16,,7667,17,,,0,57,,7668,17,,,0,15,,7669,17,,,0,30,,7670,17,,,0,53,,7671,17,,,0,15,,7672,17,,,0,15,,7673,17,,,0,70,,7674,17,,,0,15,,7675,17,,,0,15,,7676,17,,,0,15,,7677,17,,,0,71,,7678,17,,,0,15,,7679,17,,,0,15,,7680,17,,,0,55,,7681,17,,,0,15,,7682,17,,,0,15,,7683,17,,,0,15,,7684,17,,,0,56,,7685,17,,,0,15,,7686,17,,,0,15,,7687,17,,,0,15,,7688,17,,,0,55,,7689,17,,,0,14,,7690,17,,,0,30,,7691,17,,,0,55,,7692,17,,,0,17,,7693,17,,,0,15,,7694,17,,,0,16,,7695,17,,,0,54,,7696,17,,,0,15,,7697,17,,,0,16,,7698,17,,,0,15,,7699,17,,,0,55,,7700,17,,,0,14,,7701,17,,,0,14,,7702,17,,,0,15,,7703,17,,,0,55,,7704,17,,,0,13,,7705,17,,,0,15,,7706,17,,,0,15,,7707,17,,,0,55,,7708,17,,,0,14,,7709,17,,,0,15,,7710,17,,,0,16,,7711,17,,,0,54,,7712,17,,,0,15,,7713,17,,,0,20,,7714,17,,,0,20,,7715,17,,,0,74,,7716,17,,,0,70,,7717,17,,,0,25,,7718,17,,,0,33,,7719,17,,,0,67,,7720,17,,,0,32,,7721,17,,,0,65,,7722,17,,,0,30,,7723,17,,,0
901,'5428',613,,7750,17,,,0,102,,7743,17,,,0,101,,7724,17,,,0,30,,7727,17,,,0,72,,7725,17,,,0,100,,7726,17,,,0,29,,7728,17,,,0,70,,7729,17,,,0,15,,7747,17,,,0,15,,7731,17,,,0,102,,7732,17,,,0,70,,7730,17,,,0,129,,7733,17,,,0,70,,7735,17,,,0,30,,7737,17,,,0,85,,7748,17,,,0,15,,7734,17,,,0,55,,7749,17,,,0,45,,7736,17,,,0,75,,7738,17,,,0,80,,7745,17,,,0,30,,7740,17,,,0,100,,7741,17,,,0,100,,7742,17,,,0,99,,7739,17,,,0,104,,7744,17,,,0,103,,7746,17,,,0,103,,7751,17,,,0
901,'5429',714,,7752,17,,,0,30,,7755,17,,,0,70,,7753,17,,,0,30,,7754,17,,,0,101,,7756,17,,,0,70,,7758,17,,,0,30,,7757,17,,,0,70,,7761,17,,,0,31,,7759,17,,,0,70,,7760,17,,,0,31,,7765,17,,,0,70,,7763,17,,,0,30,,7766,17,,,0,70,,7762,17,,,0,30,,7764,17,,,0,71,,7778,17,,,0,30,,7768,17,,,0,70,,7769,17,,,0,29,,7767,17,,,0,70,,7770,17,,,0,30,,7771,17,,,0,70,,7783,17,,,0,30,,7775,17,,,0,70,,7772,17,,,0,28,,7774,17,,,0,70,,7773,17,,,0,30,,7776,17,,,0,70,,7782,17,,,0,30,,7777,17,,,0,70,,7779,17,,,0,29,,7780,17,,,0,70,,7781,17,,,0,30,,7784,17,,,0
