601,'4528',907,,5607,4,,,0,120,,5608,4,,,0,75,,5610,4,,,0,537,,5617,4,,,0,76,,5620,4,,,0,97,,5619,4,,,0
601,'4532',1302,,5638,4,,,0,200,,5642,4,,,0
601,'5221',1637,,5631,4,,,0
601,'5425',807,,5623,4,,,0,120,,5624,4,,,0,95,,5627,4,,,0,110,,5626,4,,,0,100,,5625,4,,,0,100,,5630,4,,,0,100,,5628,4,,,0,100,,5629,4,,,0,200,,5632,4,,,0,105,,5634,4,,,0,100,,5633,4,,,0
601,'5426',702,,5605,4,,,0,101,,5606,4,,,0,199,,5609,4,,,0,220,,5611,4,,,0,80,,5612,4,,,0,100,,5613,4,,,0,101,,5614,4,,,0,40,,5615,4,,,0,80,,5616,4,,,0,119,,5618,4,,,0,170,,5621,4,,,0,236,,5622,4,,,0
601,'5427',702,,7262,4,,,0,101,,7263,4,,,0,199,,7264,4,,,0,220,,7265,4,,,0,80,,7266,4,,,0,100,,7267,4,,,0,101,,7268,4,,,0,40,,7269,4,,,0,80,,7270,4,,,0,119,,7271,4,,,0,170,,7272,4,,,0,236,,7273,4,,,0
601,'5428',802,,7275,4,,,0,105,,7276,4,,,0,95,,7277,4,,,0,100,,7278,4,,,0,100,,7274,4,,,0,200,,7279,4,,,0,130,,7281,4,,,0,70,,7283,4,,,0,30,,7287,4,,,0,70,,7284,4,,,0,30,,7286,4,,,0,70,,7282,4,,,0,146,,7280,4,,,0,164,,7285,4,,,0
601,'5429',807,,7288,4,,,0,120,,7289,4,,,0,95,,7292,4,,,0,110,,7291,4,,,0,100,,7290,4,,,0,100,,7295,4,,,0,100,,7293,4,,,0,100,,7294,4,,,0,200,,7296,4,,,0,105,,7298,4,,,0,100,,7297,4,,,0
901,'4528',703,,6037,4,,,0,115,,6042,4,,,0,115,,6047,4,,,0,115,,6052,4,,,0,370,,6066,4,,,0
901,'4532',632,,6173,4,,,0,100,,6156,4,,,0,201,,6135,4,,,0,115,,6166,4,,,0,155,,6143,4,,,0,130,,6145,4,,,0,70,,6146,4,,,0,15,,6171,4,,,0,30,,6168,4,,,0,70,,6170,4,,,0,30,,6165,4,,,0,55,,6153,4,,,0,100,,6147,4,,,0
901,'5221',902,,6107,4,,,0
901,'5425',702,,6100,4,,,0,30,,6103,4,,,0,70,,6101,4,,,0,30,,6102,4,,,0,100,,6104,4,,,0,70,,6106,4,,,0,30,,6105,4,,,0,70,,6110,4,,,0,30,,6108,4,,,0,70,,6109,4,,,0,30,,6114,4,,,0,70,,6112,4,,,0,30,,6115,4,,,0,70,,6111,4,,,0,30,,6113,4,,,0,71,,6127,4,,,0,30,,6117,4,,,0,70,,6118,4,,,0,29,,6116,4,,,0,70,,6119,4,,,0,30,,6120,4,,,0,70,,6132,4,,,0,30,,6124,4,,,0,70,,6121,4,,,0,30,,6123,4,,,0,70,,6122,4,,,0,30,,6125,4,,,0,70,,6131,4,,,0,30,,6126,4,,,0,70,,6128,4,,,0,30,,6129,4,,,0,70,,6130,4,,,0,30,,6133,4,,,0
901,'5426',602,,6035,4,,,0,30,,6036,4,,,0,86,,6038,4,,,0,15,,6039,4,,,0,15,,6040,4,,,0,55,,6041,4,,,0,32,,6043,4,,,0,13,,6044,4,,,0,55,,6045,4,,,0,15,,6046,4,,,0,30,,6048,4,,,0,55,,6049,4,,,0,15,,6050,4,,,0,15,,6051,4,,,0,70,,6053,4,,,0,15,,6054,4,,,0,15,,6055,4,,,0,15,,6056,4,,,0,55,,6057,4,,,0,15,,6058,4,,,0,14,,6059,4,,,0,16,,6060,4,,,0,55,,6061,4,,,0,15,,6062,4,,,0,15,,6063,4,,,0,15,,6064,4,,,0,54,,6065,4,,,0,30,,6067,4,,,0,15,,6068,4,,,0,56,,6069,4,,,0,15,,6070,4,,,0,15,,6071,4,,,0,14,,6072,4,,,0,55,,6073,4,,,0,16,,6074,4,,,0,15,,6075,4,,,0,15,,6076,4,,,0,55,,6077,4,,,0,15,,6078,4,,,0,15,,6079,4,,,0,15,,6080,4,,,0,55,,6081,4,,,0,15,,6082,4,,,0,15,,6083,4,,,0,15,,6084,4,,,0,54,,6085,4,,,0,15,,6086,4,,,0,16,,6087,4,,,0,14,,6088,4,,,0,55,,6089,4,,,0,20,,6090,4,,,0,20,,6091,4,,,0,74,,6092,4,,,0,30,,6093,4,,,0,66,,6094,4,,,0,33,,6095,4,,,0,67,,6096,4,,,0,33,,6097,4,,,0,67,,6098,4,,,0,30,,6099,4,,,0
901,'5427',602,,7664,4,,,0,30,,7665,4,,,0,86,,7666,4,,,0,15,,7667,4,,,0,15,,7668,4,,,0,55,,7669,4,,,0,32,,7670,4,,,0,13,,7671,4,,,0,55,,7672,4,,,0,15,,7673,4,,,0,30,,7674,4,,,0,55,,7675,4,,,0,15,,7676,4,,,0,15,,7677,4,,,0,70,,7678,4,,,0,15,,7679,4,,,0,15,,7680,4,,,0,15,,7681,4,,,0,55,,7682,4,,,0,15,,7683,4,,,0,14,,7684,4,,,0,16,,7685,4,,,0,55,,7686,4,,,0,15,,7687,4,,,0,15,,7688,4,,,0,15,,7689,4,,,0,54,,7690,4,,,0,30,,7691,4,,,0,15,,7692,4,,,0,56,,7693,4,,,0,15,,7694,4,,,0,15,,7695,4,,,0,14,,7696,4,,,0,55,,7697,4,,,0,16,,7698,4,,,0,15,,7699,4,,,0,15,,7700,4,,,0,55,,7701,4,,,0,15,,7702,4,,,0,15,,7703,4,,,0,15,,7704,4,,,0,55,,7705,4,,,0,15,,7706,4,,,0,15,,7707,4,,,0,15,,7708,4,,,0,54,,7709,4,,,0,15,,7710,4,,,0,16,,7711,4,,,0,14,,7712,4,,,0,55,,7713,4,,,0,20,,7714,4,,,0,20,,7715,4,,,0,74,,7716,4,,,0,30,,7717,4,,,0,66,,7718,4,,,0,33,,7719,4,,,0,67,,7720,4,,,0,33,,7721,4,,,0,67,,7722,4,,,0,30,,7723,4,,,0
901,'5428',602,,7750,4,,,0,100,,7743,4,,,0,100,,7724,4,,,0,30,,7727,4,,,0,71,,7725,4,,,0,100,,7726,4,,,0,30,,7728,4,,,0,70,,7729,4,,,0,15,,7747,4,,,0,15,,7731,4,,,0,100,,7732,4,,,0,70,,7730,4,,,0,130,,7733,4,,,0,70,,7735,4,,,0,30,,7737,4,,,0,85,,7748,4,,,0,15,,7734,4,,,0,15,,7749,4,,,0,85,,7736,4,,,0,75,,7738,4,,,0,40,,7745,4,,,0,70,,7740,4,,,0,100,,7741,4,,,0,100,,7742,4,,,0,100,,7739,4,,,0,105,,7744,4,,,0,104,,7746,4,,,0,105,,7751,4,,,0
901,'5429',702,,7752,4,,,0,30,,7755,4,,,0,70,,7753,4,,,0,30,,7754,4,,,0,100,,7756,4,,,0,70,,7758,4,,,0,30,,7757,4,,,0,70,,7761,4,,,0,30,,7759,4,,,0,70,,7760,4,,,0,30,,7765,4,,,0,70,,7763,4,,,0,30,,7766,4,,,0,70,,7762,4,,,0,30,,7764,4,,,0,71,,7778,4,,,0,30,,7768,4,,,0,70,,7769,4,,,0,29,,7767,4,,,0,70,,7770,4,,,0,30,,7771,4,,,0,70,,7783,4,,,0,30,,7775,4,,,0,70,,7772,4,,,0,30,,7774,4,,,0,70,,7773,4,,,0,30,,7776,4,,,0,70,,7782,4,,,0,30,,7777,4,,,0,70,,7779,4,,,0,30,,7780,4,,,0,70,,7781,4,,,0,30,,7784,4,,,0
