700,'4327',727,,3581,3,,,0,27,,3582,3,,,0,100,,3583,3,,,0,97,,3584,3,,,0,73,,3586,3,,,0,30,,3585,3,,,0,67,,3588,3,,,0,33,,3594,3,,,0,67,,3589,3,,,0,29,,3587,3,,,0,72,,3590,3,,,0,28,,3601,3,,,0,72,,3592,3,,,0,29,,3596,3,,,0,71,,3591,3,,,0,29,,3593,3,,,0,71,,3595,3,,,0,27,,3599,3,,,0,72,,3597,3,,,0,27,,3602,3,,,0,71,,3598,3,,,0,29,,3604,3,,,0,101,,3600,3,,,0,99,,3606,3,,,0,104,,3603,3,,,0,95,,3605,3,,,0,101,,3607,3,,,0
700,'4795',614,,890,3,,,0,18,,891,3,,,0,17,,892,3,,,0,54,,893,3,,,0,16,,894,3,,,0,6,,895,3,,,0,10,,896,3,,,0,17,,897,3,,,0,60,,898,3,,,0,11,,899,3,,,0,19,,900,3,,,0,11,,901,3,,,0,56,,902,3,,,0,12,,903,3,,,0,18,,904,3,,,0,13,,920,3,,,0,57,,905,3,,,0,13,,945,3,,,0,17,,906,3,,,0,69,,907,3,,,0,34,,2469,3,,,0,67,,909,3,,,0,32,,910,3,,,0,68,,911,3,,,0,32,,912,3,,,0,69,,913,3,,,0,34,,914,3,,,0,11,,915,3,,,0,55,,916,3,,,0,18,,917,3,,,0,13,,2470,3,,,0,17,,919,3,,,0,52,,921,3,,,0,18,,924,3,,,0,12,,936,3,,,0,18,,925,3,,,0,52,,922,3,,,0,18,,926,3,,,0,11,,937,3,,,0,18,,927,3,,,0,50,,923,3,,,0,16,,2018,3,,,0,13,,939,3,,,0,72,,929,3,,,0,27,,2020,3,,,0,73,,2471,3,,,0,27,,941,3,,,0,71,,931,3,,,0,29,,940,3,,,0,70,,2019,3,,,0,28,,942,3,,,0,70,,933,3,,,0,28,,943,3,,,0,73,,934,3,,,0,31,,944,3,,,0,70,,935,3,,,0
700,'4800',642,,984,3,,,0,70,,983,3,,,0,31,,971,3,,,0,70,,946,3,,,0,31,,947,3,,,0,71,,949,3,,,0,29,,948,3,,,0,71,,955,3,,,0,31,,960,3,,,0,54,,975,3,,,0,16,,961,3,,,0,15,,976,3,,,0,22,,963,3,,,0,73,,958,3,,,0,28,,964,3,,,0,70,,957,3,,,0,32,,965,3,,,0,68,,959,3,,,0,30,,979,3,,,0,53,,2499,3,,,0,14,,977,3,,,0,16,,967,3,,,0,14,,981,3,,,0,55,,956,3,,,0,16,,2500,3,,,0,14,,968,3,,,0,15,,978,3,,,0,64,,962,3,,,0,29,,969,3,,,0,70,,950,3,,,0,36,,951,3,,,0,73,,952,3,,,0,36,,973,3,,,0,74,,972,3,,,0,105,,953,3,,,0,96,,954,3,,,0,101,,970,3,,,0,98,,974,3,,,0,26,,982,3,,,0,69,,985,3,,,0
700,'5102',614,,3608,3,,,0,18,,3609,3,,,0,17,,3610,3,,,0,54,,3611,3,,,0,16,,3612,3,,,0,16,,3613,3,,,0,17,,3614,3,,,0,60,,3615,3,,,0,11,,3616,3,,,0,19,,3617,3,,,0,11,,3618,3,,,0,56,,3619,3,,,0,12,,3620,3,,,0,18,,3621,3,,,0,13,,3637,3,,,0,57,,3622,3,,,0,13,,3662,3,,,0,17,,3623,3,,,0,69,,3624,3,,,0,34,,3625,3,,,0,67,,3626,3,,,0,32,,3627,3,,,0,68,,3628,3,,,0,32,,3629,3,,,0,69,,3630,3,,,0,34,,3631,3,,,0,11,,3632,3,,,0,55,,3633,3,,,0,18,,3634,3,,,0,13,,3635,3,,,0,17,,3636,3,,,0,52,,3638,3,,,0,18,,3641,3,,,0,12,,3653,3,,,0,18,,3642,3,,,0,52,,3639,3,,,0,18,,3643,3,,,0,11,,3654,3,,,0,18,,3644,3,,,0,50,,3640,3,,,0,16,,3645,3,,,0,13,,3656,3,,,0,72,,3646,3,,,0,27,,3655,3,,,0,73,,3647,3,,,0,27,,3658,3,,,0,71,,3648,3,,,0,29,,3657,3,,,0,70,,3649,3,,,0,28,,3659,3,,,0,70,,3650,3,,,0,28,,3660,3,,,0,73,,3651,3,,,0,31,,3661,3,,,0,70,,3652,3,,,0
700,'5105',642,,3701,3,,,0,70,,3700,3,,,0,31,,3688,3,,,0,70,,3663,3,,,0,31,,3664,3,,,0,71,,3666,3,,,0,29,,3665,3,,,0,71,,3672,3,,,0,31,,3677,3,,,0,54,,3692,3,,,0,16,,3678,3,,,0,15,,3693,3,,,0,22,,3680,3,,,0,73,,3675,3,,,0,28,,3681,3,,,0,70,,3674,3,,,0,32,,3682,3,,,0,68,,3676,3,,,0,30,,3696,3,,,0,53,,3683,3,,,0,14,,3694,3,,,0,16,,3684,3,,,0,14,,3698,3,,,0,55,,3673,3,,,0,16,,3697,3,,,0,14,,3685,3,,,0,15,,3695,3,,,0,64,,3679,3,,,0,29,,3686,3,,,0,70,,3667,3,,,0,36,,3668,3,,,0,73,,3669,3,,,0,36,,3690,3,,,0,74,,3689,3,,,0,105,,3670,3,,,0,96,,3671,3,,,0,101,,3687,3,,,0,98,,3691,3,,,0,26,,3699,3,,,0,69,,3702,3,,,0
7300,'4795',741,,1828,11,,,0
7300,'5102',741,,4534,11,,,0
7301,'4795',1529,,1829,25,,,0
7301,'5102',1529,,4535,25,,,0
7900,'4795',746,,2718,11,0,6,0
7900,'5102',746,,4543,11,0,6,0
7901,'5095',1510,,2720,11,0,6,0
7901,'5097',1510,,2719,11,0,6,0
7901,'5103',1510,,4544,11,0,6,0
7901,'5104',1510,,4545,11,0,6,0
