1400,'4327',1103,,4214,3,,,0,225,,4216,3,,,0,495,,4220,3,,,0
1400,'4332',758,,4237,3,,,0,175,,4240,3,,,0,95,,4246,3,,,0,101,,4243,3,,,0,200,,4245,3,,,0,316,,4242,3,,,0,208,,4238,3,,,0,100,,4244,3,,,0
1400,'4480',728,,4221,3,,,0,316,,4222,3,,,0,557,,4231,3,,,0,39,,4232,3,,,0,75,,4233,3,,,0,39,,4234,3,,,0,105,,4227,3,,,0
1400,'5010',903,,4215,3,,,0,330,,4219,3,,,0,195,,4217,3,,,0,130,,4218,3,,,0
1400,'5196',903,,4671,3,,,0,330,,4674,3,,,0,195,,4672,3,,,0,130,,4673,3,,,0
1400,'5244',1229,,4675,3,,,0,205,,4676,3,,,0
1400,'5246',611,,4229,3,,,0,31,,4228,3,,,0,113,,4223,3,0,7 8 2 9 2 10,0,84,,4226,3,,,0,91,,4224,3,,,0,299,,4230,3,,,0,217,,4225,3,0,9,0,567,,4235,3,,,0,30,,4236,3,,,0
1400,'5247',611,,4682,3,,,0,31,,4681,3,,,0,113,,4677,3,0,7 8 2 9 2 10,0,84,,4680,3,,,0,91,,4678,3,,,0,299,,4683,3,,,0,217,,4679,3,0,9,0,567,,4684,3,,,0,30,,4685,3,,,0
8001,'4675',1455,,4547,9,,,0
8001,'5103',1455,,4546,9,,,0
8100,'4480',746,,4548,11,,,0
