1700,'4528',736,,6418,53,,,0
1700,'5425',923,,6426,53,,,0,100,,6427,53,,,0,102,,6428,34,,,0,96,,6429,52,,,0,200,,6431,34,,,0,208,,6430,22,,,0,102,,6432,34,,,0,112,,6433,34,,,0,85,,6434,22,,,0,130,,6435,22,,,0
1700,'5426',708,,6410,53,,,0,131,,6416,53,,,0,85,,6422,53,,,0,99,,6409,53,,,0,100,,6413,53,,,0,100,,6408,53,,,0,99,,6411,34,,,0,101,,6414,34,,,0,115,,6417,34,,,0,93,,6419,34,,,0,107,,6424,34,,,0,96,,6420,34,,,0,113,,6423,53,,,0,87,,6421,22,,,0,98,,6415,22,,,0,115,,6412,22,,,0,154,,6425,22,,,0
1700,'5427',708,,7900,53,,,0,131,,7906,53,,,0,85,,7911,53,,,0,99,,7899,53,,,0,100,,7903,53,,,0,100,,7898,53,,,0,99,,7901,34,,,0,101,,7904,34,,,0,115,,7907,34,,,0,93,,7908,34,,,0,107,,7913,34,,,0,96,,7909,34,,,0,113,,7912,53,,,0,87,,7910,22,,,0,98,,7905,22,,,0,115,,7902,22,,,0,154,,7914,22,,,0
1700,'5428',816,,7915,53,,,0,103,,7916,53,,,0,90,,7917,53,,,0,133,,7918,53,,,0,169,,7919,34,,,0,103,,7920,34,,,0,130,,7921,34,,,0,171,,7922,34,,,0,104,,7923,34,,,0,85,,7924,22,,,0,105,,7925,22,,,0,105,,7926,22,,,0,110,,7927,22,,,0,119,,7928,22,,,0
1700,'5429',923,,7929,53,,,0,100,,7930,53,,,0,102,,7931,34,,,0,96,,7932,52,,,0,200,,7934,34,,,0,208,,7933,22,,,0,102,,7935,34,,,0,112,,7936,34,,,0,85,,7937,22,,,0,130,,7938,22,,,0
1801,'5425',822,,6559,15,,,0,101,,6563,15,,,0,101,,6558,15,,,0,102,,6565,15,,,0,101,,6557,15,,,0,103,,6564,15,,,0,92,,6554,15,,,0,98,,6556,15,,,0,105,,6560,15,,,0,105,,6562,15,,,0,101,,6553,15,,,0,99,,6561,15,,,0,101,,6555,15,,,0
1801,'5426',620,,6536,15,,,0,101,,6537,15,,,0,105,,6538,15,,,0,100,,6539,15,,,0,100,,6540,15,,,0,101,,6541,15,,,0,101,,6542,15,,,0,104,,6543,15,,,0,90,,6544,15,,,0,104,,6545,15,,,0,106,,6546,15,,,0,103,,6547,15,,,0,98,,6548,15,,,0,99,,6549,15,,,0,101,,6550,15,,,0,101,,6551,15,,,0,101,,6552,15,,,0
1801,'5427',620,,8024,15,,,0,101,,8025,15,,,0,105,,8026,15,,,0,100,,8027,15,,,0,100,,8028,15,,,0,101,,8029,15,,,0,101,,8030,15,,,0,104,,8031,15,,,0,90,,8032,15,,,0,104,,8033,15,,,0,106,,8034,15,,,0,103,,8035,15,,,0,98,,8036,15,,,0,99,,8037,15,,,0,101,,8038,15,,,0,101,,8039,15,,,0,101,,8040,15,,,0
1801,'5428',824,,8041,15,,,0,101,,8042,15,,,0,100,,8043,15,,,0,101,,8044,15,,,0,101,,8045,15,,,0,103,,8046,15,,,0,91,,8047,15,,,0,102,,8048,15,,,0,106,,8049,15,,,0,105,,8050,15,,,0,98,,8051,15,,,0,100,,8052,15,,,0,101,,8053,15,,,0,100,,8054,15,,,0,101,,8055,15,,,0
1801,'5429',822,,8062,15,,,0,101,,8066,15,,,0,101,,8061,15,,,0,102,,8068,15,,,0,101,,8060,15,,,0,103,,8067,15,,,0,92,,8057,15,,,0,98,,8059,15,,,0,105,,8063,15,,,0,105,,8065,15,,,0,101,,8056,15,,,0,99,,8064,15,,,0,101,,8058,15,,,0
