400,'5425',843,,5381,14,,,0,159,,5382,14,,,0,120,,5379,14,,,0,121,,5380,14,,,0,95,,5386,14,,,0,166,,5384,14,,,0,127,,5385,14,,,0,123,,5383,14,,,0,160,,5387,14,,,0
400,'5426',635,,5349,14,,,0,66,,5354,14,,,0,48,,5351,14,,,0,74,,5356,14,,,0,29,,5353,14,,,0,68,,5359,14,,,0,30,,5352,14,,,0,70,,5350,14,,,0,32,,5360,14,,,0,70,,5365,14,,,0,32,,5362,14,,,0,70,,5355,14,,,0,30,,5367,14,,,0,70,,5376,14,,,0,30,,5366,14,,,0,70,,5378,14,,,0,30,,5357,14,,,0,70,,5377,14,,,0,32,,5374,14,,,0,70,,5363,14,,,0,30,,5364,14,,,0,70,,5361,14,,,0,28,,5371,14,,,0,69,,5358,14,,,0,28,,5372,14,,,0,96,,5373,14,,,0,96,,5369,14,,,0,97,,5368,14,,,0,100,,5370,14,,,0,117,,5375,14,,,0
400,'5427',635,,7006,14,,,0,66,,7011,14,,,0,48,,7008,14,,,0,74,,7013,14,,,0,29,,7010,14,,,0,68,,7016,14,,,0,30,,7009,14,,,0,70,,7007,14,,,0,32,,7017,14,,,0,70,,7022,14,,,0,32,,7019,14,,,0,70,,7012,14,,,0,30,,7024,14,,,0,70,,7033,14,,,0,30,,7023,14,,,0,70,,7035,14,,,0,30,,7014,14,,,0,70,,7034,14,,,0,32,,7031,14,,,0,70,,7020,14,,,0,30,,7021,14,,,0,70,,7018,14,,,0,28,,7028,14,,,0,69,,7015,14,,,0,28,,7029,14,,,0,96,,7030,14,,,0,96,,7026,14,,,0,97,,7025,14,,,0,100,,7027,14,,,0,117,,7032,14,,,0
400,'5428',829,,7037,14,,,0,25,,7038,14,,,0,65,,7036,14,,,0,25,,7039,14,,,0,67,,7040,14,,,0,26,,7041,14,,,0,65,,7042,14,,,0,26,,7043,14,,,0,25,,7044,14,,,0,67,,7045,14,,,0,27,,7046,14,,,0,68,,7047,14,,,0,27,,7048,14,,,0,68,,7049,14,,,0,27,,7052,14,,,0,69,,7054,14,,,0,27,,7050,14,,,0,69,,7056,14,,,0,27,,7051,14,,,0,26,,7053,14,,,0,67,,7055,14,,,0,27,,7057,14,,,0,67,,7058,14,,,0,26,,7059,14,,,0,74,,7061,14,,,0,99,,7060,14,,,0,100,,7062,14,,,0,99,,7063,14,,,0,99,,7064,14,,,0
400,'5429',843,,7067,14,,,0,159,,7068,14,,,0,120,,7065,14,,,0,121,,7066,14,,,0,95,,7072,14,,,0,166,,7070,14,,,0,127,,7071,14,,,0,123,,7069,14,,,0,160,,7073,14,,,0
500,'5425',920,,5513,17,,,0,120,,5512,17,,,0,160,,5511,17,,,0,122,,5514,17,,,0,96,,5515,17,,,0,127,,5516,17,,,0,167,,5517,17,,,0,120,,5518,17,,,0
500,'5426',715,,5485,17,,,0,31,,5487,14,,,0,74,,5488,17,,,0,33,,5486,14,,,0,73,,5494,17,,,0,33,,5495,14,,,0,73,,5496,14,,,0,73,,5489,17,,,0,33,,5490,14,,,0,73,,5497,17,,,0,36,,5492,14,,,0,75,,5493,17,,,0,37,,5491,14,,,0,75,,5498,17,,,0,77,,5508,14,,,0,35,,5501,17,,,0,76,,5503,17,,,0,37,,5509,14,,,0,75,,5504,17,,,0,76,,5505,14,,,0,31,,5502,17,,,0,76,,5506,14,,,0,85,,5507,14,,,0,100,,5499,14,,,0,99,,5500,14,,,0,116,,5510,17,,,0
500,'5427',715,,7142,17,,,0,31,,7144,14,,,0,74,,7145,17,,,0,33,,7143,14,,,0,73,,7151,17,,,0,33,,7152,14,,,0,73,,7153,14,,,0,73,,7146,17,,,0,33,,7147,14,,,0,73,,7154,17,,,0,36,,7149,14,,,0,75,,7150,17,,,0,37,,7148,14,,,0,75,,7155,17,,,0,77,,7165,14,,,0,35,,7158,17,,,0,76,,7160,17,,,0,37,,7166,14,,,0,75,,7161,17,,,0,76,,7162,14,,,0,31,,7159,17,,,0,76,,7163,14,,,0,85,,7164,14,,,0,100,,7156,14,,,0,99,,7157,14,,,0,116,,7167,17,,,0
500,'5428',805,,7169,14,,,0,30,,7170,17,,,0,70,,7171,17,,,0,30,,7192,14,,,0,71,,7168,17,,,0,29,,7173,14,,,0,71,,7174,17,,,0,29,,7172,14,,,0,71,,7177,17,,,0,29,,7178,14,,,0,72,,7176,17,,,0,30,,7175,14,,,0,71,,7179,17,,,0,29,,7180,14,,,0,71,,7181,17,,,0,30,,7184,14,,,0,71,,7185,17,,,0,28,,7182,14,,,0,70,,7183,17,,,0,29,,7186,14,,,0,71,,7187,17,,,0,29,,7190,14,,,0,120,,7191,17,,,0,94,,7188,14,,,0,103,,7189,17,,,0,100,,7193,17,,,0
500,'5429',920,,7196,17,,,0,120,,7195,17,,,0,160,,7194,17,,,0,122,,7197,17,,,0,96,,7198,17,,,0,127,,7199,17,,,0,167,,7200,17,,,0,120,,7201,17,,,0
700,'5425',736,,5706,18,,,0,67,,5707,18,,,0,100,,5708,18,,,0,97,,5709,18,,,0,33,,5711,18,,,0,70,,5710,18,,,0,27,,5713,18,,,0,73,,5719,18,,,0,28,,5714,18,,,0,69,,5712,18,,,0,32,,5715,18,,,0,68,,5726,18,,,0,32,,5717,18,,,0,69,,5721,18,,,0,31,,5716,18,,,0,69,,5718,18,,,0,31,,5720,18,,,0,27,,5724,18,,,0,72,,5722,18,,,0,27,,5727,18,,,0,71,,5723,18,,,0,29,,5729,18,,,0,101,,5725,18,,,0,99,,5731,18,,,0,143,,5728,18,,,0,55,,5730,18,,,0,100,,5732,18,,,0
700,'5426',623,,5651,18,,,0,18,,5652,18,,,0,17,,5653,18,,,0,54,,5654,18,,,0,16,,5655,18,,,0,17,,5656,18,,,0,57,,5657,18,,,0,21,,5658,18,,,0,11,,5659,18,,,0,18,,5660,18,,,0,51,,5661,18,,,0,15,,5662,18,,,0,13,,5663,18,,,0,17,,5664,18,,,0,54,,5680,18,,,0,17,,5665,18,,,0,13,,5705,18,,,0,17,,5666,18,,,0,70,,5667,18,,,0,33,,5668,18,,,0,68,,5669,18,,,0,32,,5670,18,,,0,68,,5671,18,,,0,32,,5672,18,,,0,69,,5673,18,,,0,34,,5674,18,,,0,51,,5675,18,,,0,15,,5676,18,,,0,18,,5677,18,,,0,13,,5678,18,,,0,57,,5679,18,,,0,12,,5681,18,,,0,18,,5684,18,,,0,11,,5696,18,,,0,59,,5685,18,,,0,11,,5682,18,,,0,18,,5686,18,,,0,11,,5697,18,,,0,58,,5687,18,,,0,10,,5683,18,,,0,16,,5688,18,,,0,13,,5699,18,,,0,72,,5689,18,,,0,27,,5698,18,,,0,73,,5690,18,,,0,26,,5701,18,,,0,72,,5691,18,,,0,28,,5700,18,,,0,70,,5692,18,,,0,28,,5702,18,,,0,70,,5693,18,,,0,28,,5703,18,,,0,73,,5694,18,,,0,31,,5704,18,,,0,70,,5695,18,,,0
700,'5427',623,,7299,18,,,0,18,,7300,18,,,0,17,,7301,18,,,0,54,,7302,18,,,0,16,,7303,18,,,0,17,,7304,18,,,0,57,,7305,18,,,0,21,,7306,18,,,0,11,,7307,18,,,0,18,,7308,18,,,0,51,,7309,18,,,0,15,,7310,18,,,0,13,,7311,18,,,0,17,,7312,18,,,0,54,,7328,18,,,0,17,,7313,18,,,0,13,,7353,18,,,0,17,,7314,18,,,0,70,,7315,18,,,0,33,,7316,18,,,0,68,,7317,18,,,0,32,,7318,18,,,0,68,,7319,18,,,0,32,,7320,18,,,0,69,,7321,18,,,0,34,,7322,18,,,0,51,,7323,18,,,0,15,,7324,18,,,0,18,,7325,18,,,0,13,,7326,18,,,0,57,,7327,18,,,0,12,,7329,18,,,0,18,,7332,18,,,0,11,,7344,18,,,0,59,,7333,18,,,0,11,,7330,18,,,0,18,,7334,18,,,0,11,,7345,18,,,0,58,,7335,18,,,0,10,,7331,18,,,0,16,,7336,18,,,0,13,,7347,18,,,0,72,,7337,18,,,0,27,,7346,18,,,0,73,,7338,18,,,0,26,,7349,18,,,0,72,,7339,18,,,0,28,,7348,18,,,0,70,,7340,18,,,0,28,,7350,18,,,0,70,,7341,18,,,0,28,,7351,18,,,0,73,,7342,18,,,0,31,,7352,18,,,0,70,,7343,18,,,0
700,'5428',651,,7393,18,,,0,70,,7391,18,,,0,31,,7379,18,,,0,70,,7354,18,,,0,31,,7355,18,,,0,71,,7357,18,,,0,29,,7356,18,,,0,71,,7363,18,,,0,31,,7368,18,,,0,54,,7383,18,,,0,16,,7369,18,,,0,15,,7384,18,,,0,63,,7371,18,,,0,33,,7366,18,,,0,68,,7372,18,,,0,30,,7365,18,,,0,72,,7373,18,,,0,28,,7367,18,,,0,70,,7385,18,,,0,13,,7374,18,,,0,14,,7386,18,,,0,16,,7375,18,,,0,54,,7389,18,,,0,15,,7364,18,,,0,16,,7388,18,,,0,14,,7376,18,,,0,55,,7387,18,,,0,24,,7370,18,,,0,29,,7377,18,,,0,70,,7358,18,,,0,76,,7359,18,,,0,32,,7360,18,,,0,76,,7381,18,,,0,34,,7380,18,,,0,105,,7361,18,,,0,96,,7362,18,,,0,100,,7378,18,,,0,98,,7382,18,,,0,66,,7390,18,,,0,29,,7392,18,,,0
700,'5429',736,,7394,18,,,0,67,,7395,18,,,0,100,,7396,18,,,0,97,,7397,18,,,0,33,,7399,18,,,0,70,,7398,18,,,0,27,,7401,18,,,0,73,,7407,18,,,0,28,,7402,18,,,0,69,,7400,18,,,0,32,,7403,18,,,0,68,,7414,18,,,0,32,,7405,18,,,0,69,,7409,18,,,0,31,,7404,18,,,0,69,,7406,18,,,0,31,,7408,18,,,0,27,,7412,18,,,0,72,,7410,18,,,0,27,,7415,18,,,0,71,,7411,18,,,0,29,,7417,18,,,0,101,,7413,18,,,0,99,,7419,18,,,0,143,,7416,18,,,0,55,,7418,18,,,0,100,,7420,18,,,0
