401,'4528',607,,7074,2,,,0,25,,7078,2,,,0,87,,7076,2,,,0,30,,7080,2,,,0,70,,7077,2,,,0,30,,7081,2,,,0,70,,7102,2,,,0,30,,7075,2,,,0,70,,7084,2,,,0,30,,7085,2,,,0,70,,7083,2,,,0,30,,7082,2,,,0,70,,7091,2,,,0,30,,7103,2,,,0,70,,7090,2,,,0,30,,7079,2,,,0,70,,7100,2,,,0,30,,7089,2,,,0,70,,7099,2,,,0,30,,7096,2,,,0,70,,7087,2,,,0,30,,7086,2,,,0,70,,7095,2,,,0,30,,7088,2,,,0,70,,7097,2,,,0,97,,7098,2,,,0,97,,7093,2,,,0,100,,7092,2,,,0,100,,7094,2,,,0,118,,7101,2,,,0
401,'4532',801,,7104,2,,,0,25,,7105,2,,,0,25,,7107,2,,,0,65,,7106,2,,,0,25,,7108,2,,,0,65,,7110,2,,,0,25,,7111,2,,,0,26,,7112,2,,,0,65,,7109,2,,,0,26,,7114,2,,,0,65,,7116,2,,,0,28,,7113,2,,,0,67,,7115,2,,,0,28,,7117,2,,,0,67,,7119,2,,,0,30,,7122,2,,,0,67,,7123,2,,,0,29,,7121,2,,,0,27,,7124,2,,,0,67,,7125,2,,,0,27,,7120,2,,,0,67,,7118,2,,,0,27,,7126,2,,,0,67,,7128,2,,,0,35,,7127,2,,,0,100,,7129,2,,,0,100,,7130,2,,,0,100,,7131,2,,,0,100,,7132,2,,,0
401,'5221',814,,7136,2,,,0,117,,7133,2,,,0,120,,7134,2,,,0,160,,7135,2,,,0,94,,7139,2,,,0,125,,7137,2,,,0,127,,7138,2,,,0,166,,7140,2,,,0,120,,7141,2,,,0
501,'4528',656,,7202,2,,,0,70,,7205,2,,,0,33,,7204,2,,,0,73,,7203,2,,,0,73,,7211,2,,,0,33,,7213,2,,,0,73,,7212,2,,,0,33,,7207,2,,,0,73,,7206,2,,,0,33,,7214,2,,,0,73,,7209,2,,,0,36,,7210,2,,,0,76,,7208,2,,,0,76,,7227,2,,,0,36,,7225,2,,,0,76,,7222,2,,,0,36,,7216,2,,,0,76,,7217,2,,,0,77,,7218,2,,,0,35,,7220,2,,,0,75,,7223,2,,,0,35,,7221,2,,,0,85,,7219,2,,,0,100,,7215,2,,,0,100,,7224,2,,,0,116,,7226,2,,,0
501,'4532',746,,7242,2,,,0,70,,7230,2,,,0,30,,7228,2,,,0,70,,7244,2,,,0,30,,7231,2,,,0,70,,7245,2,,,0,30,,7229,2,,,0,70,,7243,2,,,0,30,,7232,2,,,0,70,,7246,2,,,0,30,,7233,2,,,0,71,,7241,2,,,0,30,,7235,2,,,0,70,,7247,2,,,0,30,,7234,2,,,0,71,,7252,2,,,0,30,,7238,2,,,0,69,,7248,2,,,0,30,,7237,2,,,0,70,,7251,2,,,0,30,,7236,2,,,0,70,,7249,2,,,0,119,,7239,2,,,0,95,,7250,2,,,0,103,,7240,2,,,0,100,,7253,2,,,0
501,'5221',901,,7256,2,,,0,119,,7257,2,,,0,120,,7254,2,,,0,162,,7255,2,,,0,55,,7259,2,,,0,167,,7258,2,,,0,127,,7260,2,,,0,161,,7261,2,,,0
701,'4528',601,,7421,2,0,20,0,18,,7422,19,0,20,0,17,,7423,22,0,5,0,14,,7424,19,0,20,0,56,,7425,22,0,5,0,16,,7426,22,0,5,0,15,,7427,19,0,20,0,19,,7428,22,0,5,0,52,,7429,19,0,20,0,19,,7430,22,0,5,0,11,,7431,19,0,20,0,16,,7432,22,0,5,0,52,,7433,19,0,20,0,18,,7434,22,0,5,0,13,,7470,19,0,20,0,17,,7435,22,0,5,0,53,,7475,19,0,20,0,17,,7436,22,0,5,0,29,,7437,19,0,20,0,73,,7438,22,0,5,0,27,,7439,19,0,20,0,72,,7440,22,0,5,0,28,,7441,19,0,20,0,72,,7442,22,0,5,0,28,,7443,19,0,20,0,74,,7444,22,0,5,0,11,,7445,19,0,20,0,15,,7446,19,0,20,0,58,,7447,22,0,5,0,13,,7448,19,0,20,0,17,,7449,22,0,5,0,12,,7450,19,0,20,0,58,,7451,22,0,5,0,12,,7452,19,0,20,0,18,,7453,22,0,5,0,12,,7454,19,0,20,0,58,,7455,22,0,5,0,12,,7456,19,0,20,0,18,,7457,22,0,5,0,11,,7471,19,0,20,0,56,,7472,22,0,5,0,13,,7458,19,0,20,0,32,,7459,22,0,5,0,67,,7460,19,0,20,0,33,,7461,22,0,5,0,67,,7462,19,0,20,0,31,,7463,22,0,5,0,69,,7464,19,0,20,0,31,,7465,22,0,5,0,69,,7466,19,0,20,0,30,,7467,22,0,5,0,69,,7468,19,0,20,0,33,,7469,22,0,5,0,72,,7473,19,0,20,0,30,,7474,22,0,5,0
701,'4532',629,,7514,22,0,5,0,30,,7513,19,0,20,0,71,,7501,22,0,5,0,70,,7476,19,0,20,0,30,,7477,19,0,20,0,71,,7478,22,0,5,0,29,,7479,19,0,20,0,70,,7487,19,0,20,0,31,,7492,22,0,5,0,14,,7505,19,0,20,0,56,,7491,22,0,5,0,15,,7506,19,0,20,0,22,,7494,19,0,20,0,72,,7490,22,0,5,0,28,,7493,19,0,20,0,70,,7486,19,0,20,0,32,,7496,22,0,5,0,68,,7489,19,0,20,0,30,,7509,22,0,5,0,13,,7497,19,0,20,0,55,,7510,19,0,20,0,16,,7498,22,0,5,0,14,,7508,19,0,20,0,15,,7485,19,0,20,0,56,,7511,22,0,5,0,14,,7495,19,0,20,0,15,,7507,19,0,20,0,64,,7488,22,0,5,0,29,,7499,19,0,20,0,30,,7480,19,0,20,0,76,,7483,22,0,5,0,74,,7484,19,0,20,0,36,,7502,22,0,5,0,74,,7503,19,0,20,0,105,,7482,19,0,20,0,97,,7481,22,0,5,0,102,,7500,19,0,20,0,99,,7504,19,0,20,0,26,,7512,22,0,5,0,69,,7515,19,0,20,0
701,'5221',714,,7516,19,0,20,0,27,,7517,22,0,5,0,99,,7518,19,0,20,0,97,,7519,22,0,5,0,73,,7522,19,0,20,0,30,,7520,19,0,20,0,67,,7521,22,0,5,0,33,,7529,19,0,20,0,67,,7524,22,0,5,0,28,,7523,19,0,20,0,72,,7526,22,0,5,0,28,,7536,19,0,20,0,72,,7528,22,0,5,0,29,,7532,19,0,20,0,71,,7527,22,0,5,0,29,,7525,19,0,20,0,71,,7531,22,0,5,0,28,,7535,19,0,20,0,72,,7530,22,0,5,0,28,,7537,19,0,20,0,71,,7533,22,0,5,0,29,,7539,19,0,20,0,101,,7534,22,0,5,0,99,,7542,19,0,20,0,104,,7538,22,0,5,0,96,,7540,19,0,20,0,101,,7541,22,0,5,0
901,'4528',611,,7664,14,,,0,30,,7665,14,,,0,71,,6037,14,,,0,16,,7666,14,,,0,15,,7667,14,,,0,16,,7668,14,,,0,55,,7669,14,,,0,15,,6042,14,,,0,16,,7670,14,,,0,13,,7671,14,,,0,55,,7672,14,,,0,15,,7673,14,,,0,15,,6047,14,,,0,15,,7674,14,,,0,55,,7675,14,,,0,15,,7676,14,,,0,15,,7677,14,,,0,15,,6052,14,,,0,56,,7678,14,,,0,15,,7679,14,,,0,15,,7680,14,,,0,15,,7681,14,,,0,55,,7682,14,,,0,15,,7683,14,,,0,14,,7684,14,,,0,16,,7685,14,,,0,55,,7686,14,,,0,15,,7687,14,,,0,15,,7688,14,,,0,15,,7689,14,,,0,54,,7690,14,,,0,16,,6066,14,,,0,14,,7691,14,,,0,15,,7692,14,,,0,56,,7693,14,,,0,15,,7694,14,,,0,16,,7695,14,,,0,14,,7696,14,,,0,55,,7697,14,,,0,16,,7698,14,,,0,15,,7699,14,,,0,55,,7700,14,,,0,15,,7701,14,,,0,14,,7702,14,,,0,15,,7703,14,,,0,15,,7704,14,,,0,54,,7705,14,,,0,15,,7706,14,,,0,15,,7707,14,,,0,15,,7708,14,,,0,54,,7709,14,,,0,15,,7710,14,,,0,16,,7711,14,,,0,14,,7712,14,,,0,55,,7713,14,,,0,20,,7714,14,,,0,20,,7715,14,,,0,74,,7716,14,,,0,30,,7717,14,,,0,65,,7718,14,,,0,33,,7719,14,,,0,67,,7720,14,,,0,33,,7721,14,,,0,66,,7722,14,,,0,30,,7723,14,,,0
901,'4532',610,,7750,14,,,0,30,,6173,14,,,0,72,,7743,14,,,0,30,,6156,14,,,0,70,,7724,14,,,0,30,,7727,14,,,0,71,,7725,14,,,0,30,,6135,14,,,0,70,,7726,14,,,0,29,,7728,14,,,0,15,,6166,14,,,0,55,,7729,14,,,0,15,,7747,14,,,0,15,,7731,14,,,0,72,,6143,14,,,0,30,,7732,14,,,0,70,,7730,14,,,0,30,,6145,14,,,0,70,,6146,14,,,0,14,,6171,14,,,0,15,,7733,14,,,0,15,,6168,14,,,0,55,,7735,14,,,0,15,,6170,14,,,0,15,,7737,14,,,0,15,,6165,14,,,0,55,,6153,14,,,0,15,,7748,14,,,0,15,,7734,14,,,0,15,,7749,14,,,0,55,,6147,14,,,0,30,,7736,14,,,0,75,,7738,14,,,0,40,,7745,14,,,0,70,,7740,14,,,0,100,,7741,14,,,0,100,,7742,14,,,0,99,,7739,14,,,0,105,,7744,14,,,0,104,,7746,14,,,0,104,,7751,14,,,0
901,'5221',711,,7752,14,,,0,30,,7755,14,,,0,70,,7753,14,,,0,30,,7754,14,,,0,70,,6107,14,,,0,30,,7756,14,,,0,70,,7758,14,,,0,30,,7757,14,,,0,70,,7761,14,,,0,30,,7759,14,,,0,70,,7760,14,,,0,31,,7765,14,,,0,70,,7763,14,,,0,30,,7766,14,,,0,70,,7762,14,,,0,30,,7764,14,,,0,71,,7778,14,,,0,30,,7768,14,,,0,70,,7769,14,,,0,29,,7767,14,,,0,70,,7770,14,,,0,30,,7771,14,,,0,70,,7783,14,,,0,30,,7775,14,,,0,70,,7772,14,,,0,29,,7774,14,,,0,70,,7773,14,,,0,30,,7776,14,,,0,70,,7782,14,,,0,30,,7777,14,,,0,70,,7779,14,,,0,29,,7780,14,,,0,70,,7781,14,,,0,30,,7784,14,,,0
