701,'4327',722,,3703,27,,,0,27,,3704,30,,,0,99,,3705,27,,,0,97,,3706,30,,,0,73,,3709,27,,,0,30,,3707,27,,,0,67,,3708,30,,,0,33,,3716,27,,,0,67,,3711,30,,,0,29,,3710,27,,,0,72,,3713,30,,,0,28,,3723,27,,,0,72,,3715,30,,,0,29,,3719,27,,,0,71,,3714,30,,,0,29,,3712,27,,,0,71,,3718,30,,,0,27,,3722,27,,,0,72,,3717,30,,,0,27,,3724,27,,,0,71,,3720,30,,,0,29,,3726,27,,,0,101,,3721,30,,,0,99,,3729,27,,,0,104,,3725,30,,,0,96,,3727,27,,,0,101,,3728,30,,,0
701,'4795',608,,1013,10,,,0,18,,1014,27,,,0,17,,1015,30,,,0,14,,1016,27,,,0,56,,1017,30,,,0,6,,1018,27,,,0,10,,1019,30,,,0,16,,1020,27,,,0,60,,1021,30,,,0,11,,1022,27,,,0,19,,1023,30,,,0,11,,1024,27,,,0,56,,1025,30,,,0,12,,1026,27,,,0,18,,1027,30,,,0,13,,1063,27,,,0,57,,1028,30,,,0,13,,1068,27,,,0,17,,1029,30,,,0,69,,1030,27,,,0,34,,2501,30,,,0,67,,1032,27,,,0,32,,1033,30,,,0,68,,1034,27,,,0,32,,1035,30,,,0,69,,1036,27,,,0,34,,1037,30,,,0,11,,1038,27,,,0,55,,1039,27,,,0,18,,1040,30,,,0,13,,2502,27,,,0,17,,1042,30,,,0,52,,1043,27,,,0,18,,1044,30,,,0,12,,1045,27,,,0,18,,1046,30,,,0,52,,1047,27,,,0,18,,1048,30,,,0,11,,1049,27,,,0,18,,1050,30,,,0,50,,1064,27,,,0,16,,2050,30,,,0,13,,1051,27,,,0,72,,1052,30,,,0,27,,2048,27,,,0,73,,2503,30,,,0,27,,1055,27,,,0,31,,1056,30,,,0,69,,1057,27,,,0,30,,2049,30,,,0,69,,1059,27,,,0,30,,1060,30,,,0,68,,1061,27,,,0,33,,1062,30,,,0,72,,1066,27,,,0,70,,1067,30,,,0
701,'4800',637,,1107,30,,,0,70,,1106,27,,,0,31,,1094,30,,,0,70,,1070,27,,,0,31,,1069,27,,,0,71,,1071,30,,,0,29,,1072,27,,,0,70,,1080,27,,,0,31,,1085,30,,,0,14,,1098,27,,,0,56,,1084,30,,,0,15,,1099,27,,,0,22,,1087,27,,,0,72,,1083,30,,,0,28,,1086,27,,,0,70,,1079,27,,,0,32,,1089,30,,,0,68,,1082,27,,,0,30,,1102,30,,,0,53,,2531,27,,,0,15,,1103,27,,,0,16,,1091,30,,,0,14,,1101,27,,,0,55,,1078,27,,,0,16,,2532,30,,,0,14,,1088,27,,,0,15,,1100,27,,,0,64,,1081,30,,,0,29,,1092,27,,,0,70,,1073,27,,,0,36,,1076,30,,,0,73,,1077,27,,,0,36,,1095,30,,,0,74,,1096,27,,,0,105,,1075,27,,,0,97,,1074,30,,,0,101,,1093,27,,,0,98,,1097,27,,,0,26,,1105,30,,,0,69,,1108,27,,,0
701,'5102',608,,3730,10,,,0,18,,3731,27,,,0,17,,3732,30,,,0,14,,3733,27,,,0,56,,3734,30,,,0,16,,3735,30,,,0,16,,3736,27,,,0,60,,3737,30,,,0,11,,3738,27,,,0,19,,3739,30,,,0,11,,3740,27,,,0,56,,3741,30,,,0,12,,3742,27,,,0,18,,3743,30,,,0,13,,3779,27,,,0,57,,3744,30,,,0,13,,3784,27,,,0,17,,3745,30,,,0,69,,3746,27,,,0,34,,3747,30,,,0,67,,3748,27,,,0,32,,3749,30,,,0,68,,3750,27,,,0,32,,3751,30,,,0,69,,3752,27,,,0,34,,3753,30,,,0,11,,3754,27,,,0,55,,3755,27,,,0,18,,3756,30,,,0,13,,3757,27,,,0,17,,3758,30,,,0,52,,3759,27,,,0,18,,3760,30,,,0,12,,3761,27,,,0,18,,3762,30,,,0,52,,3763,27,,,0,18,,3764,30,,,0,11,,3765,27,,,0,18,,3766,30,,,0,50,,3780,27,,,0,16,,3781,30,,,0,13,,3767,27,,,0,72,,3768,30,,,0,27,,3769,27,,,0,73,,3770,30,,,0,27,,3771,27,,,0,31,,3772,30,,,0,69,,3773,27,,,0,30,,3774,30,,,0,69,,3775,27,,,0,30,,3776,30,,,0,68,,3777,27,,,0,33,,3778,30,,,0,72,,3782,27,,,0,70,,3783,30,,,0
701,'5105',637,,3823,30,,,0,70,,3822,27,,,0,31,,3810,30,,,0,70,,3786,27,,,0,31,,3785,27,,,0,71,,3787,30,,,0,29,,3788,27,,,0,70,,3796,27,,,0,31,,3801,30,,,0,14,,3814,27,,,0,56,,3800,30,,,0,15,,3815,27,,,0,22,,3803,27,,,0,72,,3799,30,,,0,28,,3802,27,,,0,70,,3795,27,,,0,32,,3805,30,,,0,68,,3798,27,,,0,30,,3818,30,,,0,53,,3806,27,,,0,15,,3819,27,,,0,16,,3807,30,,,0,14,,3817,27,,,0,55,,3794,27,,,0,16,,3820,30,,,0,14,,3804,27,,,0,15,,3816,27,,,0,64,,3797,30,,,0,29,,3808,27,,,0,70,,3789,27,,,0,36,,3792,30,,,0,73,,3793,27,,,0,36,,3811,30,,,0,74,,3812,27,,,0,105,,3791,27,,,0,97,,3790,30,,,0,101,,3809,27,,,0,98,,3813,27,,,0,26,,3821,30,,,0,69,,3824,27,,,0
7300,'4795',736,,1828,3,,,0
7300,'5102',736,,4534,3,,,0
7301,'4795',1524,,1829,17,,,0
7301,'5102',1524,,4535,17,,,0
7900,'4795',741,,2718,3,0,6,0
7900,'5102',741,,4543,3,0,6,0
