700,'4327',732,,3581,12,,,0,27,,3582,12,,,0,100,,3583,12,,,0,97,,3584,12,,,0,73,,3586,12,,,0,30,,3585,12,,,0,67,,3588,12,,,0,33,,3594,12,,,0,67,,3589,12,,,0,29,,3587,12,,,0,72,,3590,12,,,0,28,,3601,12,,,0,72,,3592,12,,,0,29,,3596,12,,,0,71,,3591,12,,,0,29,,3593,12,,,0,71,,3595,12,,,0,27,,3599,12,,,0,72,,3597,12,,,0,27,,3602,12,,,0,71,,3598,12,,,0,29,,3604,12,,,0,101,,3600,12,,,0,99,,3606,12,,,0,104,,3603,12,,,0,95,,3605,12,,,0,100,,3607,12,,,0
700,'4795',619,,890,12,,,0,18,,891,12,,,0,17,,892,12,,,0,54,,893,12,,,0,16,,894,12,,,0,6,,895,12,,,0,10,,896,12,,,0,17,,897,12,,,0,60,,898,12,,,0,11,,899,12,,,0,19,,900,12,,,0,11,,901,12,,,0,56,,902,12,,,0,12,,903,12,,,0,18,,904,12,,,0,13,,920,12,,,0,57,,905,12,,,0,13,,945,12,,,0,17,,906,12,,,0,69,,907,12,,,0,34,,2469,12,,,0,67,,909,12,,,0,32,,910,12,,,0,68,,911,12,,,0,32,,912,12,,,0,69,,913,12,,,0,34,,914,12,,,0,51,,915,12,,,0,15,,916,12,,,0,18,,917,12,,,0,13,,2470,12,,,0,57,,919,12,,,0,12,,921,12,,,0,18,,924,12,,,0,12,,936,12,,,0,58,,925,12,,,0,12,,922,12,,,0,18,,926,12,,,0,11,,937,12,,,0,58,,927,12,,,0,10,,923,12,,,0,16,,2018,12,,,0,13,,939,12,,,0,72,,929,12,,,0,27,,2020,12,,,0,73,,2471,12,,,0,27,,941,12,,,0,71,,931,12,,,0,29,,940,12,,,0,70,,2019,12,,,0,28,,942,12,,,0,70,,933,12,,,0,28,,943,12,,,0,73,,934,12,,,0,31,,944,12,,,0,70,,935,12,,,0
700,'4800',647,,984,12,,,0,70,,983,12,,,0,31,,971,12,,,0,70,,946,12,,,0,31,,947,12,,,0,71,,949,12,,,0,29,,948,12,,,0,71,,955,12,,,0,31,,960,12,,,0,54,,975,12,,,0,16,,961,12,,,0,15,,976,12,,,0,22,,963,12,,,0,73,,958,12,,,0,28,,964,12,,,0,70,,957,12,,,0,72,,965,12,,,0,28,,959,12,,,0,30,,979,12,,,0,53,,2499,12,,,0,14,,977,12,,,0,16,,967,12,,,0,14,,981,12,,,0,55,,956,12,,,0,16,,2500,12,,,0,14,,968,12,,,0,15,,978,12,,,0,64,,962,12,,,0,29,,969,12,,,0,70,,950,12,,,0,36,,951,12,,,0,73,,952,12,,,0,76,,973,12,,,0,34,,972,12,,,0,105,,953,12,,,0,96,,954,12,,,0,100,,970,12,,,0,98,,974,12,,,0,66,,982,12,,,0,29,,985,12,,,0
700,'5102',619,,3608,12,,,0,18,,3609,12,,,0,17,,3610,12,,,0,54,,3611,12,,,0,16,,3612,12,,,0,16,,3613,12,,,0,17,,3614,12,,,0,60,,3615,12,,,0,11,,3616,12,,,0,19,,3617,12,,,0,11,,3618,12,,,0,56,,3619,12,,,0,12,,3620,12,,,0,18,,3621,12,,,0,13,,3637,12,,,0,57,,3622,12,,,0,13,,3662,12,,,0,17,,3623,12,,,0,69,,3624,12,,,0,34,,3625,12,,,0,67,,3626,12,,,0,32,,3627,12,,,0,68,,3628,12,,,0,32,,3629,12,,,0,69,,3630,12,,,0,34,,3631,12,,,0,51,,3632,12,,,0,15,,3633,12,,,0,18,,3634,12,,,0,13,,3635,12,,,0,57,,3636,12,,,0,12,,3638,12,,,0,18,,3641,12,,,0,12,,3653,12,,,0,58,,3642,12,,,0,12,,3639,12,,,0,18,,3643,12,,,0,11,,3654,12,,,0,58,,3644,12,,,0,10,,3640,12,,,0,16,,3645,12,,,0,13,,3656,12,,,0,72,,3646,12,,,0,27,,3655,12,,,0,73,,3647,12,,,0,27,,3658,12,,,0,71,,3648,12,,,0,29,,3657,12,,,0,70,,3649,12,,,0,28,,3659,12,,,0,70,,3650,12,,,0,28,,3660,12,,,0,73,,3651,12,,,0,31,,3661,12,,,0,70,,3652,12,,,0
700,'5105',647,,3701,12,,,0,70,,3700,12,,,0,31,,3688,12,,,0,70,,3663,12,,,0,31,,3664,12,,,0,71,,3666,12,,,0,29,,3665,12,,,0,71,,3672,12,,,0,31,,3677,12,,,0,54,,3692,12,,,0,16,,3678,12,,,0,15,,3693,12,,,0,22,,3680,12,,,0,73,,3675,12,,,0,28,,3681,12,,,0,70,,3674,12,,,0,72,,3682,12,,,0,28,,3676,12,,,0,30,,3696,12,,,0,53,,3683,12,,,0,14,,3694,12,,,0,16,,3684,12,,,0,14,,3698,12,,,0,55,,3673,12,,,0,16,,3697,12,,,0,14,,3685,12,,,0,15,,3695,12,,,0,64,,3679,12,,,0,29,,3686,12,,,0,70,,3667,12,,,0,36,,3668,12,,,0,73,,3669,12,,,0,76,,3690,12,,,0,34,,3689,12,,,0,105,,3670,12,,,0,96,,3671,12,,,0,100,,3687,12,,,0,98,,3691,12,,,0,66,,3699,12,,,0,29,,3702,12,,,0
7300,'4795',746,,1828,20,,,0
7300,'5102',746,,4534,20,,,0
7301,'4795',1534,,1829,34,4,,0
7301,'5102',1534,,4535,34,4,,0
7901,'5095',1522,,2720,26,0,6,0
7901,'5097',1522,,2719,26,0,6,0
7901,'5103',1522,,4544,26,0,6,0
7901,'5104',1522,,4545,26,0,6,0
