300,'4783',720,,407,14,,,0
300,'4795',629,,426,14,,,0,22,,413,14,,,0,60,,406,14,,,0,24,,401,14,,,0,18,,429,14,,,0,58,,415,14,,,0,16,,418,14,,,0,19,,419,14,,,0,59,,411,14,,,0,30,,412,14,,,0,70,,414,14,,,0,31,,436,14,,,0,70,,421,14,,,0,30,,409,14,,,0,71,,423,14,,,0,30,,435,14,,,0,70,,397,14,,,0,31,,420,14,,,0,70,,398,14,,,0,33,,430,14,,,0,15,,408,14,,,0,55,,416,14,,,0,10,,1940,14,,,0,5,,439,14,,,0,15,,400,14,,,0,13,,399,14,,,0,55,,427,14,,,0,15,,403,14,,,0,15,,405,14,,,0,15,,434,14,,,0,54,,417,14,,,0,14,,396,14,,,0,14,,402,14,,,0,15,,425,14,,,0,55,,404,14,,,0,29,,433,14,,,0,69,,424,14,,,0,30,,438,14,,,0,70,,422,14,,,0,99,,1939,14,,,0,99,,428,14,,,0,100,,431,14,,,0,56,,395,14,0,17 18 19,0
300,'4800',719,,441,14,,,0,106,,442,14,,,0,76,,445,14,,,0,30,,446,14,,,0,71,,444,14,,,0,30,,443,14,,,0,100,,448,14,,,0,70,,450,14,,,0,31,,449,14,,,0,70,,453,14,,,0,30,,454,14,,,0,100,,456,14,,,0,71,,457,14,,,0,30,,455,14,,,0,70,,459,14,,,0,30,,451,14,,,0,70,,460,14,,,0,30,,458,14,,,0,70,,462,14,,,0,35,,463,14,,,0,64,,464,14,,,0,150,,467,14,,,0,105,,468,14,,,0,143,,461,14,,,0,58,,466,14,,,0
300,'5125',720,,2351,14,,,0
300,'5127',804,,2352,14,,,0,53,,2354,14,,,0,100,,2353,14,,,0,101,,2359,14,,,0,143,,2355,14,,,0,100,,2361,14,,,0,100,,2356,14,,,0,100,,2357,14,,,0,100,,2362,14,,,0,100,,2358,14,,,0,58,,2364,14,,,0,98,,2360,14,,,0,146,,2363,14,,,0,99,,2365,14,,,0,100,,2366,14,0,17 18 19,0
300,'5128',749,,2367,14,,,0,353,,2368,14,,,0,301,,2369,14,,,0,545,,2370,14,,,0
1400,'4795',821,,1517,47,0,7 8 2 9 2 10,0
8100,'4795',816,,1842,57,,,0
8101,'5095',1525,,1843,19,,,0
8101,'5097',1414,,1844,19,,,0
