601,'4528',907,,5607,3,,,0,120,,5608,3,,,0,75,,5610,3,,,0,536,,5617,3,,,0,77,,5620,3,,,0,97,,5619,3,,,0
601,'4532',1302,,5638,3,,,0,200,,5642,3,,,0
601,'5221',1637,,5631,3,,,0
601,'5425',807,,5623,3,,,0,120,,5624,3,,,0,95,,5627,3,,,0,110,,5626,3,,,0,100,,5625,3,,,0,100,,5630,3,,,0,100,,5628,3,,,0,100,,5629,3,,,0,200,,5632,3,,,0,105,,5634,3,,,0,100,,5633,3,,,0
601,'5426',702,,5605,3,,,0,100,,5606,3,,,0,200,,5609,3,,,0,220,,5611,3,,,0,80,,5612,3,,,0,100,,5613,3,,,0,101,,5614,3,,,0,39,,5615,3,,,0,80,,5616,3,,,0,120,,5618,3,,,0,170,,5621,3,,,0,236,,5622,3,,,0
601,'5427',702,,7262,3,,,0,100,,7263,3,,,0,200,,7264,3,,,0,220,,7265,3,,,0,80,,7266,3,,,0,100,,7267,3,,,0,101,,7268,3,,,0,39,,7269,3,,,0,80,,7270,3,,,0,120,,7271,3,,,0,170,,7272,3,,,0,236,,7273,3,,,0
601,'5428',802,,7275,3,,,0,105,,7276,3,,,0,95,,7277,3,,,0,100,,7278,3,,,0,100,,7274,3,,,0,200,,7279,3,,,0,130,,7281,3,,,0,70,,7283,3,,,0,30,,7287,3,,,0,70,,7284,3,,,0,30,,7286,3,,,0,70,,7282,3,,,0,146,,7280,3,,,0,164,,7285,3,,,0
601,'5429',807,,7288,3,,,0,120,,7289,3,,,0,95,,7292,3,,,0,110,,7291,3,,,0,100,,7290,3,,,0,100,,7295,3,,,0,100,,7293,3,,,0,100,,7294,3,,,0,200,,7296,3,,,0,105,,7298,3,,,0,100,,7297,3,,,0
901,'4528',702,,6037,3,,,0,115,,6042,3,,,0,115,,6047,3,,,0,115,,6052,3,,,0,371,,6066,3,,,0
901,'4532',632,,6173,3,,,0,100,,6156,3,,,0,200,,6135,3,,,0,115,,6166,3,,,0,155,,6143,3,,,0,130,,6145,3,,,0,70,,6146,3,,,0,15,,6171,3,,,0,30,,6168,3,,,0,70,,6170,3,,,0,30,,6165,3,,,0,55,,6153,3,,,0,100,,6147,3,,,0
901,'5221',902,,6107,3,,,0
901,'5425',702,,6100,3,,,0,30,,6103,3,,,0,70,,6101,3,,,0,30,,6102,3,,,0,100,,6104,3,,,0,70,,6106,3,,,0,30,,6105,3,,,0,70,,6110,3,,,0,30,,6108,3,,,0,70,,6109,3,,,0,30,,6114,3,,,0,70,,6112,3,,,0,30,,6115,3,,,0,70,,6111,3,,,0,30,,6113,3,,,0,70,,6127,3,,,0,30,,6117,3,,,0,70,,6118,3,,,0,30,,6116,3,,,0,70,,6119,3,,,0,30,,6120,3,,,0,70,,6132,3,,,0,30,,6124,3,,,0,70,,6121,3,,,0,30,,6123,3,,,0,70,,6122,3,,,0,30,,6125,3,,,0,70,,6131,3,,,0,30,,6126,3,,,0,70,,6128,3,,,0,30,,6129,3,,,0,70,,6130,3,,,0,30,,6133,3,,,0
901,'5426',602,,6035,3,,,0,30,,6036,3,,,0,85,,6038,3,,,0,15,,6039,3,,,0,15,,6040,3,,,0,55,,6041,3,,,0,32,,6043,3,,,0,13,,6044,3,,,0,55,,6045,3,,,0,15,,6046,3,,,0,30,,6048,3,,,0,55,,6049,3,,,0,15,,6050,3,,,0,15,,6051,3,,,0,71,,6053,3,,,0,15,,6054,3,,,0,15,,6055,3,,,0,15,,6056,3,,,0,55,,6057,3,,,0,15,,6058,3,,,0,14,,6059,3,,,0,16,,6060,3,,,0,55,,6061,3,,,0,15,,6062,3,,,0,15,,6063,3,,,0,15,,6064,3,,,0,54,,6065,3,,,0,30,,6067,3,,,0,15,,6068,3,,,0,56,,6069,3,,,0,15,,6070,3,,,0,15,,6071,3,,,0,14,,6072,3,,,0,55,,6073,3,,,0,16,,6074,3,,,0,15,,6075,3,,,0,15,,6076,3,,,0,55,,6077,3,,,0,14,,6078,3,,,0,15,,6079,3,,,0,15,,6080,3,,,0,55,,6081,3,,,0,15,,6082,3,,,0,15,,6083,3,,,0,15,,6084,3,,,0,54,,6085,3,,,0,15,,6086,3,,,0,16,,6087,3,,,0,15,,6088,3,,,0,55,,6089,3,,,0,20,,6090,3,,,0,20,,6091,3,,,0,74,,6092,3,,,0,30,,6093,3,,,0,66,,6094,3,,,0,33,,6095,3,,,0,67,,6096,3,,,0,33,,6097,3,,,0,67,,6098,3,,,0,30,,6099,3,,,0
901,'5427',602,,7664,3,,,0,30,,7665,3,,,0,85,,7666,3,,,0,15,,7667,3,,,0,15,,7668,3,,,0,55,,7669,3,,,0,32,,7670,3,,,0,13,,7671,3,,,0,55,,7672,3,,,0,15,,7673,3,,,0,30,,7674,3,,,0,55,,7675,3,,,0,15,,7676,3,,,0,15,,7677,3,,,0,71,,7678,3,,,0,15,,7679,3,,,0,15,,7680,3,,,0,15,,7681,3,,,0,55,,7682,3,,,0,15,,7683,3,,,0,14,,7684,3,,,0,16,,7685,3,,,0,55,,7686,3,,,0,15,,7687,3,,,0,15,,7688,3,,,0,15,,7689,3,,,0,54,,7690,3,,,0,30,,7691,3,,,0,15,,7692,3,,,0,56,,7693,3,,,0,15,,7694,3,,,0,15,,7695,3,,,0,14,,7696,3,,,0,55,,7697,3,,,0,16,,7698,3,,,0,15,,7699,3,,,0,15,,7700,3,,,0,55,,7701,3,,,0,14,,7702,3,,,0,15,,7703,3,,,0,15,,7704,3,,,0,55,,7705,3,,,0,15,,7706,3,,,0,15,,7707,3,,,0,15,,7708,3,,,0,54,,7709,3,,,0,15,,7710,3,,,0,16,,7711,3,,,0,15,,7712,3,,,0,55,,7713,3,,,0,20,,7714,3,,,0,20,,7715,3,,,0,74,,7716,3,,,0,30,,7717,3,,,0,66,,7718,3,,,0,33,,7719,3,,,0,67,,7720,3,,,0,33,,7721,3,,,0,67,,7722,3,,,0,30,,7723,3,,,0
901,'5428',602,,7750,3,,,0,100,,7743,3,,,0,100,,7724,3,,,0,30,,7727,3,,,0,70,,7725,3,,,0,100,,7726,3,,,0,30,,7728,3,,,0,70,,7729,3,,,0,15,,7747,3,,,0,15,,7731,3,,,0,100,,7732,3,,,0,70,,7730,3,,,0,130,,7733,3,,,0,70,,7735,3,,,0,30,,7737,3,,,0,85,,7748,3,,,0,15,,7734,3,,,0,15,,7749,3,,,0,85,,7736,3,,,0,75,,7738,3,,,0,40,,7745,3,,,0,70,,7740,3,,,0,100,,7741,3,,,0,100,,7742,3,,,0,100,,7739,3,,,0,105,,7744,3,,,0,105,,7746,3,,,0,105,,7751,3,,,0
901,'5429',702,,7752,3,,,0,30,,7755,3,,,0,70,,7753,3,,,0,30,,7754,3,,,0,100,,7756,3,,,0,70,,7758,3,,,0,30,,7757,3,,,0,70,,7761,3,,,0,30,,7759,3,,,0,70,,7760,3,,,0,30,,7765,3,,,0,70,,7763,3,,,0,30,,7766,3,,,0,70,,7762,3,,,0,30,,7764,3,,,0,70,,7778,3,,,0,30,,7768,3,,,0,70,,7769,3,,,0,30,,7767,3,,,0,70,,7770,3,,,0,30,,7771,3,,,0,70,,7783,3,,,0,30,,7775,3,,,0,70,,7772,3,,,0,30,,7774,3,,,0,70,,7773,3,,,0,30,,7776,3,,,0,70,,7782,3,,,0,30,,7777,3,,,0,70,,7779,3,,,0,30,,7780,3,,,0,70,,7781,3,,,0,30,,7784,3,,,0
