1601,'4528',738,,6374,10,,,0,100,,6370,10,,,0,100,,6371,10,,,0,200,,6378,10,,,0
1601,'4532',1537,,6404,10,,,0,105,,6402,10,,,0
1601,'5425',842,,6384,10,,,0,100,,6387,10,,,0,100,,6385,10,,,0,100,,6386,10,,,0,100,,6388,10,,,0,100,,6390,10,,,0,100,,6395,10,,,0,100,,6392,10,,,0,105,,6389,10,,,0,100,,6391,10,,,0,100,,6393,10,,,0,100,,6394,10,,,0
1601,'5426',1038,,6369,10,,,0,200,,6372,10,,,0,100,,6373,10,,,0,100,,6376,10,,,0,111,,6377,10,,,0,102,,6380,10,,,0,97,,6382,10,,,0,100,,6381,10,,,0,100,,6379,10,,,0
1601,'5427',1038,,7867,10,,,0,200,,7868,10,,,0,100,,7869,10,,,0,100,,7870,10,,,0,111,,7871,10,,,0,102,,7873,10,,,0,97,,7875,10,,,0,100,,7874,10,,,0,100,,7872,10,,,0
1601,'5428',823,,7877,10,,,0,114,,7876,10,,,0,95,,7878,10,,,0,110,,7880,10,,,0,95,,7881,10,,,0,100,,7879,10,,,0,100,,7882,10,,,0,300,,7883,10,,,0,100,,7884,10,,,0,100,,7885,10,,,0
1601,'5429',842,,7886,10,,,0,100,,7889,10,,,0,100,,7887,10,,,0,100,,7888,10,,,0,100,,7890,10,,,0,100,,7892,10,,,0,100,,7897,10,,,0,100,,7894,10,,,0,105,,7891,10,,,0,100,,7893,10,,,0,100,,7895,10,,,0,100,,7896,10,,,0
1701,'5425',817,,6467,10,0,11 12,0,100,,6468,10,0,11 12,0,115,,6469,10,0,11 12,0,95,,6470,10,0,13 14,0,200,,6472,10,0,11 12,0,210,,6471,10,0,13 14,0,100,,6474,10,0,11 12,0,100,,6473,10,0,15 1 16,0,100,,6475,10,0,13 14,0,170,,6476,10,0,13 14,0
1701,'5426',723,,6458,10,0,11 12,0,86,,6463,10,0,11 12,0,99,,6451,10,0,11 12,0,100,,6454,10,0,11 12,0,100,,6450,10,0,11 12,0,100,,6452,10,0,15 1 16,0,100,,6455,10,0,15 1 16,0,110,,6457,10,0,15 1 16,0,92,,6460,10,0,15 1 16,0,110,,6465,10,0,15 1 16,0,99,,6461,10,0,15 1 16,0,104,,6464,10,0,15 1 16,0,119,,6462,10,0,13 14,0,100,,6456,10,0,13 14,0,115,,6453,10,0,13 14,0,155,,6466,10,0,13 14,0
1701,'5427',723,,7947,10,0,11 12,0,86,,7951,10,0,11 12,0,99,,7940,10,0,11 12,0,100,,7943,10,0,11 12,0,100,,7939,10,0,11 12,0,100,,7941,10,0,15 1 16,0,100,,7944,10,0,15 1 16,0,110,,7946,10,0,15 1 16,0,92,,7948,10,0,15 1 16,0,110,,7953,10,0,15 1 16,0,99,,7949,10,0,15 1 16,0,104,,7952,10,0,15 1 16,0,119,,7950,10,0,13 14,0,100,,7945,10,0,13 14,0,115,,7942,10,0,13 14,0,155,,7954,10,0,13 14,0
1701,'5428',717,,7959,10,0,11 12,0,100,,7956,10,0,11 12,0,90,,7955,10,0,11 12,0,130,,7957,10,0,11 12,0,170,,7960,10,0,15 1 16,0,100,,7961,10,0,15 1 16,0,130,,7958,10,0,15 1 16,0,170,,7962,10,0,15 1 16,0,105,,7963,10,0,15 1 16,0,100,,7965,10,0,13 14,0,105,,7966,10,0,13 14,0,105,,7967,10,0,13 14,0,110,,7964,10,0,13 14,0,120,,7968,10,0,13 14,0
1701,'5429',817,,7969,10,0,11 12,0,100,,7970,10,0,11 12,0,115,,7971,10,0,11 12,0,95,,7972,10,0,13 14,0,200,,7974,10,0,11 12,0,210,,7973,10,0,13 14,0,100,,7976,10,0,11 12,0,100,,7975,10,0,15 1 16,0,100,,7977,10,0,13 14,0,170,,7978,10,0,13 14,0
