300,'4327',812,,3100,26,,,0,93,,3102,26,,,0,100,,3101,26,,,0,101,,3107,26,,,0,103,,3103,26,,,0,100,,3109,26,,,0,200,,3105,26,,,0,395,,3108,26,,,0,106,,3111,26,,,0,98,,3113,26,,,0,100,,3114,26,0,17 18 19,0
300,'4332',726,,3161,26,,,0,30,,3160,26,,,0,77,,3162,26,,,0,76,,3165,26,,,0,30,,3166,26,,,0,71,,3164,26,,,0,30,,3163,26,,,0,70,,3167,26,,,0,30,,3168,26,,,0,70,,3170,26,,,0,31,,3169,26,,,0,70,,3173,26,,,0,30,,3174,26,,,0,70,,3172,26,,,0,30,,3176,26,,,0,101,,3175,26,,,0,70,,3179,26,,,0,30,,3171,26,,,0,69,,3180,26,,,0,30,,3178,26,,,0,70,,3182,26,,,0,35,,3183,26,,,0,64,,3184,26,,,0,45,,3185,26,,,0,145,,3187,26,,,0,105,,3188,26,,,0,102,,3181,26,,,0,98,,3186,26,,,0
300,'4480',636,,3146,26,,,0,22,,3133,26,,,0,60,,3126,26,,,0,9,,3127,26,,,0,16,,3121,26,,,0,59,,3149,26,,,0,18,,3135,26,,,0,15,,3138,26,,,0,19,,3139,26,,,0,59,,3131,26,,,0,31,,3132,26,,,0,70,,3134,26,,,0,31,,3156,26,,,0,70,,3141,26,,,0,30,,3129,26,,,0,71,,3143,26,,,0,30,,3155,26,,,0,70,,3117,26,,,0,31,,3140,26,,,0,71,,3118,26,,,0,33,,3150,26,,,0,55,,3128,26,,,0,15,,3136,26,,,0,10,,3157,26,,,0,4,,3159,26,,,0,15,,3120,26,,,0,52,,3119,26,,,0,15,,3147,26,,,0,15,,3123,26,,,0,15,,3125,26,,,0,55,,3154,26,,,0,14,,3137,26,,,0,14,,3116,26,,,0,14,,3122,26,,,0,15,,3145,26,,,0,55,,3124,26,,,0,28,,3153,26,,,0,69,,3144,26,,,0,30,,3158,26,,,0,70,,3142,26,,,0,99,,3152,26,,,0,99,,3148,26,,,0,99,,3151,26,,,0,96,,3115,26,0,17 18 19,0
300,'5010',1409,,3104,26,,,0,200,,3110,26,,,0,100,,3106,26,,,0,97,,3112,26,,,0
300,'5196',1409,,4569,26,,,0,200,,4571,26,,,0,100,,4570,26,,,0,97,,4572,26,,,0
300,'5244',1512,,4573,26,,,0
1300,'5010',845,,4164,20,,,0,363,,4165,20,,,0,325,,4163,20,,,0,271,,4166,20,,,0
1300,'5196',845,,4621,20,,,0,363,,4622,20,,,0,325,,4620,20,,,0,271,,4623,20,,,0
1300,'5244',756,,4625,20,,,0,102,,4626,20,,,0,145,,4624,20,,,0,100,,4627,20,,,0,102,,4628,20,,,0,197,,4631,20,,,0,147,,4632,20,,,0,100,,4629,20,,,0,98,,4633,20,,,0,100,,4634,20,,,0,99,,4630,20,,,0,99,,4635,20,,,0
1300,'5246',719,,4167,20,,,0,135,,4169,20,,,0,148,,4171,20,,,0,100,,4170,20,,,0,100,,4172,20,,,0,214,,4168,20,,,0,108,,4173,20,,,0,108,,4174,20,,,0,108,,4175,20,,,0,105,,4176,20,,,0,105,,4177,20,,,0
1300,'5247',719,,4636,20,,,0,135,,4638,20,,,0,148,,4640,20,,,0,100,,4639,20,,,0,100,,4641,20,,,0,214,,4637,20,,,0,108,,4642,20,,,0,108,,4643,20,,,0,108,,4644,20,,,0,105,,4645,20,,,0,105,,4646,20,,,0
1400,'4327',1113,,4214,16,,,0,225,,4216,16,,,0,495,,4220,16,,,0
1400,'4332',808,,4237,16,,,0,135,,4240,16,,,0,96,,4246,16,,,0,101,,4243,16,,,0,200,,4245,16,,,0,318,,4242,16,,,0,245,,4238,16,,,0,100,,4244,16,,,0
1400,'4480',741,,4221,16,,,0,314,,4222,16,,,0,557,,4231,16,,,0,39,,4232,16,,,0,75,,4233,16,,,0,79,,4234,16,,,0,105,,4227,16,,,0
1400,'5010',913,,4215,16,,,0,330,,4219,16,,,0,195,,4217,16,,,0,170,,4218,16,,,0
1400,'5196',913,,4671,16,,,0,330,,4674,16,,,0,195,,4672,16,,,0,170,,4673,16,,,0
1400,'5244',1240,,4675,16,,,0,205,,4676,16,,,0
1400,'5246',621,,4229,16,,,0,31,,4228,16,,,0,176,,4223,59,0,7 8 2 9 2 10,0,22,,4226,16,,,0,91,,4224,16,,,0,299,,4230,16,,,0,784,,4235,16,,,0,30,,4236,16,,,0
1400,'5247',621,,4682,16,,,0,31,,4681,16,,,0,176,,4677,59,0,7 8 2 9 2 10,0,22,,4680,16,,,0,91,,4678,16,,,0,299,,4683,16,,,0,784,,4684,16,,,0,30,,4685,16,,,0
8100,'4480',820,,4548,69,,,0
8101,'4675',1438,,4550,52,,,0
8101,'5103',1549,,4549,52,,,0
