1601,'4528',739,,6374,11,,,0,100,,6370,11,,,0,100,,6371,11,,,0,200,,6378,11,,,0
1601,'4532',1538,,6404,11,,,0,105,,6402,11,,,0
1601,'5425',843,,6384,11,,,0,100,,6387,11,,,0,100,,6385,11,,,0,100,,6386,11,,,0,100,,6388,11,,,0,100,,6390,11,,,0,100,,6395,11,,,0,100,,6392,11,,,0,105,,6389,11,,,0,100,,6391,11,,,0,100,,6393,11,,,0,100,,6394,11,,,0
1601,'5426',1039,,6369,11,,,0,200,,6372,11,,,0,100,,6373,11,,,0,100,,6376,11,,,0,111,,6377,11,,,0,102,,6380,11,,,0,97,,6382,11,,,0,100,,6381,11,,,0,100,,6379,11,,,0
1601,'5427',1039,,7867,11,,,0,200,,7868,11,,,0,100,,7869,11,,,0,100,,7870,11,,,0,111,,7871,11,,,0,102,,7873,11,,,0,97,,7875,11,,,0,100,,7874,11,,,0,100,,7872,11,,,0
1601,'5428',824,,7877,11,,,0,114,,7876,11,,,0,95,,7878,11,,,0,110,,7880,11,,,0,95,,7881,11,,,0,100,,7879,11,,,0,100,,7882,11,,,0,300,,7883,11,,,0,100,,7884,11,,,0,100,,7885,11,,,0
1601,'5429',843,,7886,11,,,0,100,,7889,11,,,0,100,,7887,11,,,0,100,,7888,11,,,0,100,,7890,11,,,0,100,,7892,11,,,0,100,,7897,11,,,0,100,,7894,11,,,0,105,,7891,11,,,0,100,,7893,11,,,0,100,,7895,11,,,0,100,,7896,11,,,0
1701,'5425',818,,6467,11,0,11 12,0,100,,6468,11,0,11 12,0,115,,6469,11,0,11 12,0,95,,6470,11,0,13 14,0,200,,6472,11,0,11 12,0,210,,6471,11,0,13 14,0,100,,6474,11,0,11 12,0,100,,6473,11,0,15 1 16,0,100,,6475,11,0,13 14,0,170,,6476,11,0,13 14,0
1701,'5426',724,,6458,11,0,11 12,0,85,,6463,11,0,11 12,0,100,,6451,11,0,11 12,0,100,,6454,11,0,11 12,0,100,,6450,11,0,11 12,0,100,,6452,11,0,15 1 16,0,100,,6455,11,0,15 1 16,0,110,,6457,11,0,15 1 16,0,91,,6460,11,0,15 1 16,0,110,,6465,11,0,15 1 16,0,100,,6461,11,0,15 1 16,0,104,,6464,11,0,15 1 16,0,119,,6462,11,0,13 14,0,100,,6456,11,0,13 14,0,115,,6453,11,0,13 14,0,155,,6466,11,0,13 14,0
1701,'5427',724,,7947,11,0,11 12,0,85,,7951,11,0,11 12,0,100,,7940,11,0,11 12,0,100,,7943,11,0,11 12,0,100,,7939,11,0,11 12,0,100,,7941,11,0,15 1 16,0,100,,7944,11,0,15 1 16,0,110,,7946,11,0,15 1 16,0,91,,7948,11,0,15 1 16,0,110,,7953,11,0,15 1 16,0,100,,7949,11,0,15 1 16,0,104,,7952,11,0,15 1 16,0,119,,7950,11,0,13 14,0,100,,7945,11,0,13 14,0,115,,7942,11,0,13 14,0,155,,7954,11,0,13 14,0
1701,'5428',718,,7959,11,0,11 12,0,100,,7956,11,0,11 12,0,90,,7955,11,0,11 12,0,130,,7957,11,0,11 12,0,170,,7960,11,0,15 1 16,0,100,,7961,11,0,15 1 16,0,130,,7958,11,0,15 1 16,0,170,,7962,11,0,15 1 16,0,105,,7963,11,0,15 1 16,0,100,,7965,11,0,13 14,0,105,,7966,11,0,13 14,0,105,,7967,11,0,13 14,0,110,,7964,11,0,13 14,0,120,,7968,11,0,13 14,0
1701,'5429',818,,7969,11,0,11 12,0,100,,7970,11,0,11 12,0,115,,7971,11,0,11 12,0,95,,7972,11,0,13 14,0,200,,7974,11,0,11 12,0,210,,7973,11,0,13 14,0,100,,7976,11,0,11 12,0,100,,7975,11,0,15 1 16,0,100,,7977,11,0,13 14,0,170,,7978,11,0,13 14,0
