300,'4327',802,,3100,12,,,0,53,,3102,12,,,0,100,,3101,12,,,0,101,,3107,12,,,0,103,,3103,12,,,0,100,,3109,12,,,0,100,,3104,12,,,0,100,,3105,12,,,0,100,,3110,12,,,0,100,,3106,12,,,0,98,,3112,12,,,0,98,,3108,12,,,0,146,,3111,12,,,0,99,,3113,12,,,0,100,,3114,12,0,17 18 19,0
300,'4795',627,,426,12,,,0,22,,413,12,,,0,60,,406,12,,,0,9,,2351,12,,,0,15,,401,12,,,0,18,,429,12,,,0,58,,415,12,,,0,16,,418,12,,,0,19,,419,12,,,0,59,,411,12,,,0,30,,412,12,,,0,70,,414,12,,,0,31,,436,12,,,0,70,,421,12,,,0,30,,409,12,,,0,71,,423,12,,,0,30,,435,12,,,0,70,,397,12,,,0,31,,420,12,,,0,70,,398,12,,,0,33,,430,12,,,0,15,,408,12,,,0,55,,416,12,,,0,10,,1940,12,,,0,5,,439,12,,,0,15,,400,12,,,0,13,,399,12,,,0,55,,427,12,,,0,15,,403,12,,,0,15,,405,12,,,0,15,,434,12,,,0,54,,417,12,,,0,14,,396,12,,,0,14,,402,12,,,0,15,,425,12,,,0,55,,404,12,,,0,29,,433,12,,,0,69,,424,12,,,0,30,,438,12,,,0,70,,422,12,,,0,99,,1939,12,,,0,99,,428,12,,,0,100,,431,12,,,0,56,,395,12,0,17 18 19,0
300,'4800',717,,441,12,,,0,30,,2367,12,,,0,76,,442,12,,,0,36,,445,12,,,0,70,,446,12,,,0,71,,444,12,,,0,30,,443,12,,,0,70,,2368,12,,,0,30,,448,12,,,0,70,,450,12,,,0,31,,449,12,,,0,70,,453,12,,,0,30,,454,12,,,0,70,,2369,12,,,0,30,,456,12,,,0,71,,457,12,,,0,30,,455,12,,,0,70,,459,12,,,0,30,,451,12,,,0,70,,460,12,,,0,30,,458,12,,,0,70,,462,12,,,0,35,,463,12,,,0,64,,464,12,,,0,45,,2370,12,,,0,105,,467,12,,,0,105,,468,12,,,0,103,,461,12,,,0,99,,466,12,,,0
300,'5102',627,,3146,12,,,0,22,,3133,12,,,0,60,,3126,12,,,0,9,,3127,12,,,0,15,,3121,12,,,0,18,,3149,12,,,0,58,,3135,12,,,0,16,,3138,12,,,0,19,,3139,12,,,0,59,,3131,12,,,0,30,,3132,12,,,0,70,,3134,12,,,0,31,,3156,12,,,0,70,,3141,12,,,0,30,,3129,12,,,0,71,,3143,12,,,0,30,,3155,12,,,0,70,,3117,12,,,0,31,,3140,12,,,0,70,,3118,12,,,0,33,,3150,12,,,0,15,,3128,12,,,0,55,,3136,12,,,0,10,,3157,12,,,0,5,,3159,12,,,0,15,,3120,12,,,0,13,,3119,12,,,0,55,,3147,12,,,0,15,,3123,12,,,0,15,,3125,12,,,0,15,,3154,12,,,0,54,,3137,12,,,0,14,,3116,12,,,0,14,,3122,12,,,0,15,,3145,12,,,0,55,,3124,12,,,0,29,,3153,12,,,0,69,,3144,12,,,0,30,,3158,12,,,0,70,,3142,12,,,0,99,,3152,12,,,0,99,,3148,12,,,0,100,,3151,12,,,0,56,,3115,12,0,17 18 19,0
300,'5105',717,,3161,12,,,0,30,,3160,12,,,0,76,,3162,12,,,0,36,,3165,12,,,0,70,,3166,12,,,0,71,,3164,12,,,0,30,,3163,12,,,0,70,,3167,12,,,0,30,,3168,12,,,0,70,,3170,12,,,0,31,,3169,12,,,0,70,,3173,12,,,0,30,,3174,12,,,0,70,,3172,12,,,0,30,,3176,12,,,0,71,,3177,12,,,0,30,,3175,12,,,0,70,,3179,12,,,0,30,,3171,12,,,0,70,,3180,12,,,0,30,,3178,12,,,0,70,,3182,12,,,0,35,,3183,12,,,0,64,,3184,12,,,0,45,,3185,12,,,0,105,,3187,12,,,0,105,,3188,12,,,0,103,,3181,12,,,0,99,,3186,12,,,0
1400,'4795',819,,1517,45,0,7 8 2 9 2 10,0
1400,'5102',819,,4223,45,0,7 8 2 9 2 10,0
8100,'4795',814,,1842,55,,,0
8100,'5102',814,,4548,55,,,0
8101,'5095',1523,,1843,17,,,0
8101,'5097',1412,,1844,17,,,0
8101,'5103',1523,,4549,17,,,0
8101,'5104',1412,,4550,17,,,0
