601,'4528',924,,5607,27,,,0,120,,5608,27,,,0,75,,5610,27,,,0,538,,5617,27,,,0,75,,5620,27,,,0,95,,5619,27,,,0
601,'4532',1318,,5638,27,,,0,199,,5642,27,,,0
601,'5221',1652,,5631,27,,,0
601,'5425',820,,5623,25,,,0,120,,5624,25,,,0,95,,5627,25,,,0,112,,5626,27,,,0,100,,5625,27,,,0,100,,5630,27,,,0,100,,5628,27,,,0,100,,5629,27,,,0,198,,5632,25,,,0,105,,5634,25,,,0,100,,5633,25,,,0
601,'5426',719,,5605,27,,,0,103,,5606,27,,,0,197,,5609,27,,,0,220,,5611,27,,,0,80,,5612,27,,,0,100,,5613,27,,,0,102,,5614,27,,,0,79,,5615,27,,,0,41,,5616,27,,,0,118,,5618,27,,,0,168,,5621,27,,,0,273,,5622,25,,,0
601,'5427',719,,7262,27,,,0,103,,7263,27,,,0,197,,7264,27,,,0,220,,7265,27,,,0,80,,7266,27,,,0,100,,7267,27,,,0,102,,7268,27,,,0,79,,7269,27,,,0,41,,7270,27,,,0,118,,7271,27,,,0,168,,7272,27,,,0,273,,7273,25,,,0
601,'5428',817,,7275,27,,,0,105,,7276,27,,,0,96,,7277,27,,,0,100,,7278,27,,,0,100,,7274,27,,,0,199,,7279,27,,,0,130,,7281,27,,,0,70,,7283,27,,,0,30,,7287,27,,,0,70,,7284,27,,,0,30,,7286,27,,,0,70,,7282,27,,,0,185,,7280,27,,,0,122,,7285,25,,,0
601,'5429',820,,7288,25,,,0,120,,7289,25,,,0,95,,7292,25,,,0,112,,7291,27,,,0,100,,7290,27,,,0,100,,7295,27,,,0,100,,7293,27,,,0,100,,7294,27,,,0,198,,7296,25,,,0,105,,7298,25,,,0,100,,7297,25,,,0
701,'5425',703,,5828,5,,,0,25,,5829,5,,,0,100,,5830,5,,,0,95,,5831,5,,,0,35,,5834,5,,,0,70,,5832,5,,,0,25,,5833,5,,,0,75,,5841,5,,,0,25,,5836,5,,,0,70,,5835,5,,,0,30,,5838,5,,,0,70,,5848,5,,,0,30,,5840,5,,,0,70,,5844,5,,,0,30,,5839,5,,,0,70,,5837,5,,,0,30,,5843,5,,,0,70,,5847,5,,,0,30,,5842,5,,,0,70,,5849,5,,,0,30,,5845,5,,,0,70,,5851,5,,,0,100,,5846,5,,,0,100,,5854,5,,,0,104,,5850,5,,,0,96,,5852,5,,,0,102,,5853,5,,,0
701,'5426',608,,5774,5,,,0,15,,5775,5,,,0,15,,5776,5,,,0,15,,5777,5,,,0,55,,5778,5,,,0,15,,5779,5,,,0,16,,5780,5,,,0,15,,5781,5,,,0,55,,5782,5,,,0,15,,5783,5,,,0,15,,5784,5,,,0,13,,5785,5,,,0,57,,5786,5,,,0,14,,5822,5,,,0,16,,5787,5,,,0,14,,5827,5,,,0,56,,5788,5,,,0,30,,5789,5,,,0,70,,5790,5,,,0,30,,5791,5,,,0,70,,5792,5,,,0,30,,5793,5,,,0,70,,5794,5,,,0,30,,5795,5,,,0,70,,5796,5,,,0,15,,5797,5,,,0,15,,5798,5,,,0,15,,5799,5,,,0,55,,5800,5,,,0,15,,5801,5,,,0,15,,5802,5,,,0,15,,5803,5,,,0,55,,5804,5,,,0,15,,5805,5,,,0,15,,5806,5,,,0,15,,5807,5,,,0,55,,5808,5,,,0,16,,5809,5,,,0,13,,5823,5,,,0,15,,5824,5,,,0,55,,5810,5,,,0,30,,5811,5,,,0,70,,5812,5,,,0,30,,5813,5,,,0,70,,5814,5,,,0,30,,5815,5,,,0,70,,5816,5,,,0,30,,5817,5,,,0,70,,5818,5,,,0,30,,5819,5,,,0,70,,5820,5,,,0,33,,5821,5,,,0,72,,5825,5,,,0,30,,5826,5,,,0
701,'5427',608,,7422,5,,,0,15,,7423,5,0,5,0,15,,7424,5,,,0,15,,7425,5,0,5,0,55,,7426,5,0,5,0,15,,7427,5,,,0,16,,7428,5,0,5,0,15,,7429,5,,,0,55,,7430,5,0,5,0,15,,7431,5,,,0,15,,7432,5,0,5,0,13,,7433,5,,,0,57,,7434,5,0,5,0,14,,7470,5,,,0,16,,7435,5,0,5,0,14,,7475,5,,,0,56,,7436,5,0,5,0,30,,7437,5,,,0,70,,7438,5,0,5,0,30,,7439,5,,,0,70,,7440,5,0,5,0,30,,7441,5,,,0,70,,7442,5,0,5,0,30,,7443,5,,,0,70,,7444,5,0,5,0,15,,7445,5,,,0,15,,7446,5,,,0,15,,7447,5,0,5,0,55,,7448,5,,,0,15,,7449,5,0,5,0,15,,7450,5,,,0,15,,7451,5,0,5,0,55,,7452,5,,,0,15,,7453,5,0,5,0,15,,7454,5,,,0,15,,7455,5,0,5,0,55,,7456,5,,,0,16,,7457,5,0,5,0,13,,7471,5,,,0,15,,7472,5,0,5,0,55,,7458,5,,,0,30,,7459,5,0,5,0,70,,7460,5,,,0,30,,7461,5,0,5,0,70,,7462,5,,,0,30,,7463,5,0,5,0,70,,7464,5,,,0,30,,7465,5,0,5,0,70,,7466,5,,,0,30,,7467,5,0,5,0,70,,7468,5,,,0,33,,7469,5,0,5,0,72,,7473,5,,,0,30,,7474,5,0,5,0
701,'5428',617,,7514,5,0,5,0,31,,7513,5,,,0,70,,7501,5,0,5,0,30,,7476,5,,,0,70,,7477,5,,,0,30,,7478,5,0,5,0,70,,7479,5,,,0,30,,7487,5,,,0,70,,7492,5,0,5,0,15,,7505,5,,,0,15,,7491,5,0,5,0,56,,7506,5,,,0,22,,7494,5,,,0,30,,7490,5,0,5,0,70,,7493,5,,,0,30,,7486,5,,,0,70,,7496,5,0,5,0,30,,7489,5,,,0,68,,7509,5,0,5,0,15,,7497,5,,,0,15,,7510,5,,,0,55,,7498,5,0,5,0,15,,7508,5,,,0,15,,7485,5,,,0,15,,7511,5,0,5,0,55,,7495,5,,,0,15,,7507,5,,,0,23,,7488,5,0,5,0,70,,7499,5,,,0,30,,7480,5,,,0,75,,7483,5,0,5,0,35,,7484,5,,,0,75,,7502,5,0,5,0,75,,7503,5,,,0,105,,7482,5,,,0,96,,7481,5,0,5,0,104,,7500,5,,,0,100,,7504,5,,,0,25,,7512,5,0,5,0,70,,7515,5,,,0
701,'5429',703,,7516,5,,,0,25,,7517,5,0,5,0,100,,7518,5,,,0,95,,7519,5,0,5,0,35,,7522,5,,,0,70,,7520,5,,,0,25,,7521,5,0,5,0,75,,7529,5,,,0,25,,7524,5,0,5,0,70,,7523,5,,,0,30,,7526,5,0,5,0,70,,7536,5,,,0,30,,7528,5,0,5,0,70,,7532,5,,,0,30,,7527,5,0,5,0,70,,7525,5,,,0,30,,7531,5,0,5,0,70,,7535,5,,,0,30,,7530,5,0,5,0,70,,7537,5,,,0,30,,7533,5,0,5,0,70,,7539,5,,,0,100,,7534,5,0,5,0,100,,7542,5,,,0,104,,7538,5,0,5,0,96,,7540,5,,,0,102,,7541,5,0,5,0
901,'4528',703,,6037,5,,,0,115,,6042,5,,,0,115,,6047,5,,,0,115,,6052,5,,,0,371,,6066,5,,,0
901,'4532',633,,6173,5,,,0,100,,6156,5,,,0,200,,6135,5,,,0,115,,6166,5,,,0,155,,6143,5,,,0,130,,6145,5,,,0,70,,6146,5,,,0,15,,6171,5,,,0,30,,6168,5,,,0,70,,6170,5,,,0,30,,6165,5,,,0,55,,6153,5,,,0,100,,6147,5,,,0
901,'5221',903,,6107,5,,,0
901,'5425',703,,6100,5,,,0,30,,6103,5,,,0,70,,6101,5,,,0,30,,6102,5,,,0,100,,6104,5,,,0,70,,6106,5,,,0,30,,6105,5,,,0,70,,6110,5,,,0,30,,6108,5,,,0,70,,6109,5,,,0,30,,6114,5,,,0,70,,6112,5,,,0,30,,6115,5,,,0,70,,6111,5,,,0,30,,6113,5,,,0,70,,6127,5,,,0,30,,6117,5,,,0,70,,6118,5,,,0,30,,6116,5,,,0,70,,6119,5,,,0,30,,6120,5,,,0,70,,6132,5,,,0,30,,6124,5,,,0,70,,6121,5,,,0,30,,6123,5,,,0,70,,6122,5,,,0,30,,6125,5,,,0,70,,6131,5,,,0,30,,6126,5,,,0,70,,6128,5,,,0,30,,6129,5,,,0,70,,6130,5,,,0,30,,6133,5,,,0
901,'5426',603,,6035,5,,,0,30,,6036,5,,,0,85,,6038,5,,,0,15,,6039,5,,,0,15,,6040,5,,,0,55,,6041,5,,,0,32,,6043,5,,,0,13,,6044,5,,,0,55,,6045,5,,,0,15,,6046,5,,,0,30,,6048,5,,,0,55,,6049,5,,,0,15,,6050,5,,,0,15,,6051,5,,,0,71,,6053,5,,,0,15,,6054,5,,,0,15,,6055,5,,,0,15,,6056,5,,,0,55,,6057,5,,,0,15,,6058,5,,,0,14,,6059,5,,,0,16,,6060,5,,,0,55,,6061,5,,,0,15,,6062,5,,,0,15,,6063,5,,,0,15,,6064,5,,,0,54,,6065,5,,,0,30,,6067,5,,,0,15,,6068,5,,,0,56,,6069,5,,,0,15,,6070,5,,,0,15,,6071,5,,,0,14,,6072,5,,,0,55,,6073,5,,,0,16,,6074,5,,,0,15,,6075,5,,,0,15,,6076,5,,,0,55,,6077,5,,,0,14,,6078,5,,,0,15,,6079,5,,,0,15,,6080,5,,,0,55,,6081,5,,,0,15,,6082,5,,,0,15,,6083,5,,,0,15,,6084,5,,,0,54,,6085,5,,,0,15,,6086,5,,,0,16,,6087,5,,,0,15,,6088,5,,,0,55,,6089,5,,,0,20,,6090,5,,,0,20,,6091,5,,,0,74,,6092,5,,,0,30,,6093,5,,,0,66,,6094,5,,,0,33,,6095,5,,,0,67,,6096,5,,,0,33,,6097,5,,,0,67,,6098,5,,,0,30,,6099,5,,,0
901,'5427',603,,7664,5,,,0,30,,7665,5,,,0,85,,7666,5,,,0,15,,7667,5,,,0,15,,7668,5,,,0,55,,7669,5,,,0,32,,7670,5,,,0,13,,7671,5,,,0,55,,7672,5,,,0,15,,7673,5,,,0,30,,7674,5,,,0,55,,7675,5,,,0,15,,7676,5,,,0,15,,7677,5,,,0,71,,7678,5,,,0,15,,7679,5,,,0,15,,7680,5,,,0,15,,7681,5,,,0,55,,7682,5,,,0,15,,7683,5,,,0,14,,7684,5,,,0,16,,7685,5,,,0,55,,7686,5,,,0,15,,7687,5,,,0,15,,7688,5,,,0,15,,7689,5,,,0,54,,7690,5,,,0,30,,7691,5,,,0,15,,7692,5,,,0,56,,7693,5,,,0,15,,7694,5,,,0,15,,7695,5,,,0,14,,7696,5,,,0,55,,7697,5,,,0,16,,7698,5,,,0,15,,7699,5,,,0,15,,7700,5,,,0,55,,7701,5,,,0,14,,7702,5,,,0,15,,7703,5,,,0,15,,7704,5,,,0,55,,7705,5,,,0,15,,7706,5,,,0,15,,7707,5,,,0,15,,7708,5,,,0,54,,7709,5,,,0,15,,7710,5,,,0,16,,7711,5,,,0,15,,7712,5,,,0,55,,7713,5,,,0,20,,7714,5,,,0,20,,7715,5,,,0,74,,7716,5,,,0,30,,7717,5,,,0,66,,7718,5,,,0,33,,7719,5,,,0,67,,7720,5,,,0,33,,7721,5,,,0,67,,7722,5,,,0,30,,7723,5,,,0
901,'5428',603,,7750,5,,,0,100,,7743,5,,,0,100,,7724,5,,,0,30,,7727,5,,,0,70,,7725,5,,,0,100,,7726,5,,,0,30,,7728,5,,,0,70,,7729,5,,,0,15,,7747,5,,,0,15,,7731,5,,,0,100,,7732,5,,,0,70,,7730,5,,,0,130,,7733,5,,,0,70,,7735,5,,,0,30,,7737,5,,,0,85,,7748,5,,,0,15,,7734,5,,,0,15,,7749,5,,,0,85,,7736,5,,,0,75,,7738,5,,,0,40,,7745,5,,,0,70,,7740,5,,,0,100,,7741,5,,,0,100,,7742,5,,,0,100,,7739,5,,,0,105,,7744,5,,,0,105,,7746,5,,,0,105,,7751,5,,,0
901,'5429',703,,7752,5,,,0,30,,7755,5,,,0,70,,7753,5,,,0,30,,7754,5,,,0,100,,7756,5,,,0,70,,7758,5,,,0,30,,7757,5,,,0,70,,7761,5,,,0,30,,7759,5,,,0,70,,7760,5,,,0,30,,7765,5,,,0,70,,7763,5,,,0,30,,7766,5,,,0,70,,7762,5,,,0,30,,7764,5,,,0,70,,7778,5,,,0,30,,7768,5,,,0,70,,7769,5,,,0,30,,7767,5,,,0,70,,7770,5,,,0,30,,7771,5,,,0,70,,7783,5,,,0,30,,7775,5,,,0,70,,7772,5,,,0,30,,7774,5,,,0,70,,7773,5,,,0,30,,7776,5,,,0,70,,7782,5,,,0,30,,7777,5,,,0,70,,7779,5,,,0,30,,7780,5,,,0,70,,7781,5,,,0,30,,7784,5,,,0
1600,'4528',705,,6335,28,,,0
