400,'4783',2239,,585,13,,,0,117,,590,13,,,0
400,'4795',633,,564,13,,,0,26,,569,13,,,0,88,,566,13,,,0,74,,571,13,,,0,29,,568,13,,,0,69,,574,13,,,0,30,,567,13,,,0,70,,565,13,,,0,31,,575,13,,,0,70,,580,13,,,0,32,,577,13,,,0,70,,570,13,,,0,30,,582,13,,,0,70,,591,13,,,0,30,,581,13,,,0,70,,593,13,,,0,30,,572,13,,,0,70,,592,13,,,0,7,,594,13,,,0,25,,589,13,,,0,70,,578,13,,,0,12,,595,13,,,0,18,,579,13,,,0,70,,576,13,,,0,28,,586,13,,,0,69,,573,13,,,0,28,,587,13,,,0,96,,588,13,,,0,96,,584,13,,,0,98,,583,13,,,0
400,'4800',1245,,606,13,,,0,68,,607,13,,,0,27,,608,13,,,0,68,,609,13,,,0,27,,611,13,,,0,69,,613,13,,,0,27,,610,13,,,0,69,,616,13,,,0,27,,614,13,,,0,26,,612,13,,,0,67,,615,13,,,0,27,,617,13,,,0,67,,618,13,,,0,26,,619,13,,,0,74,,621,13,,,0,100,,620,13,,,0,100,,622,13,,,0,99,,623,13,,,0
400,'5125',2239,,2390,13,,,0,117,,2391,13,,,0
400,'5127',841,,2395,13,,,0,159,,2393,13,,,0,120,,2392,13,,,0,121,,2394,13,,,0,95,,2399,13,,,0,166,,2397,13,,,0,127,,2398,13,,,0,123,,2396,13,,,0,160,,2400,13,,,0
400,'5128',828,,2402,13,,,0,25,,2403,13,,,0,65,,2401,13,,,0,25,,2404,13,,,0,67,,2405,13,,,0,25,,2406,13,,,0,65,,2407,13,,,0,26,,2408,13,,,0,25,,2409,13,,,0,67,,2410,13,,,0,1094,,2411,13,,,0
500,'4783',2159,,719,13,,,0,156,,729,16,,,0
500,'4795',713,,703,16,,,0,16,,714,13,,,0,15,,705,13,,,0,74,,706,16,,,0,33,,704,13,,,0,73,,712,16,,,0,33,,713,13,,,0,73,,715,13,,,0,73,,707,16,,,0,33,,708,13,,,0,73,,716,16,,,0,36,,710,13,,,0,75,,711,16,,,0,37,,709,13,,,0,75,,717,16,,,0,77,,727,13,,,0,35,,720,16,,,0,76,,722,16,,,0,37,,728,13,,,0,75,,723,16,,,0,76,,724,13,,,0,31,,721,16,,,0,76,,725,13,,,0,85,,726,13,,,0,100,,718,13,,,0
500,'4800',803,,731,13,,,0,30,,732,16,,,0,70,,733,16,,,0,30,,734,13,,,0,71,,730,16,,,0,29,,736,13,,,0,71,,737,16,,,0,29,,735,13,,,0,71,,740,16,,,0,29,,741,13,,,0,72,,739,16,,,0,30,,738,13,,,0,71,,742,16,,,0,29,,743,13,,,0,71,,744,16,,,0,30,,747,13,,,0,71,,748,16,,,0,28,,745,13,,,0,70,,746,16,,,0,29,,749,13,,,0,71,,750,16,,,0,29,,752,13,,,0,120,,753,16,,,0,94,,751,13,,,0,103,,754,16,,,0,100,,755,16,,,0
500,'5125',2159,,2434,13,,,0,156,,2435,16,,,0
500,'5127',918,,2438,16,,,0,120,,2437,16,,,0,120,,2436,16,,,0,162,,2439,16,,,0,96,,2440,16,,,0,127,,2441,16,,,0,167,,2442,16,,,0,120,,2443,16,,,0
