700,'4687',1827,,928,11,,,0,112,,938,11,,,0,270,,932,11,,,0
700,'4795',618,,890,11,,,0,18,,891,11,,,0,17,,892,11,,,0,54,,893,11,,,0,16,,894,11,,,0,7,,895,11,,,0,10,,896,11,,,0,17,,897,11,,,0,60,,898,11,,,0,11,,899,11,,,0,19,,900,11,,,0,10,,901,11,,,0,56,,902,11,,,0,12,,903,11,,,0,18,,904,11,,,0,13,,920,11,,,0,57,,905,11,,,0,13,,945,11,,,0,17,,906,11,,,0,70,,907,11,,,0,33,,908,11,,,0,68,,909,11,,,0,32,,910,11,,,0,68,,911,11,,,0,32,,912,11,,,0,69,,913,11,,,0,34,,914,11,,,0,51,,915,11,,,0,15,,916,11,,,0,18,,917,11,,,0,13,,918,11,,,0,57,,919,11,,,0,12,,921,11,,,0,18,,924,11,,,0,11,,936,11,,,0,59,,925,11,,,0,11,,922,11,,,0,18,,926,11,,,0,11,,937,11,,,0,58,,927,11,,,0,10,,923,11,,,0,29,,939,11,,,0,72,,929,11,,,0,100,,930,11,,,0,27,,941,11,,,0,71,,931,11,,,0,29,,940,11,,,0,98,,942,11,,,0,70,,933,11,,,0,28,,943,11,,,0,73,,934,11,,,0,31,,944,11,,,0,70,,935,11,,,0
700,'4800',646,,984,11,,,0,70,,983,11,,,0,31,,971,11,,,0,70,,946,11,,,0,31,,947,11,,,0,71,,949,11,,,0,29,,948,11,,,0,71,,955,11,,,0,31,,960,11,,,0,54,,975,11,,,0,16,,961,11,,,0,15,,976,11,,,0,22,,963,11,,,0,73,,958,11,,,0,28,,964,11,,,0,70,,957,11,,,0,72,,965,11,,,0,28,,959,11,,,0,30,,979,11,,,0,53,,966,11,,,0,14,,977,11,,,0,16,,967,11,,,0,14,,981,11,,,0,55,,956,11,,,0,16,,980,11,,,0,14,,968,11,,,0,15,,978,11,,,0,64,,962,11,,,0,29,,969,11,,,0,70,,950,11,,,0,36,,951,11,,,0,73,,952,11,,,0,76,,973,11,,,0,34,,972,11,,,0,105,,953,11,,,0,96,,954,11,,,0,100,,970,11,,,0,98,,974,11,,,0,66,,982,11,,,0,29,,985,11,,,0
700,'5096',1827,,2018,11,,,0,112,,2020,11,,,0,270,,2019,11,,,0
700,'5100',731,,2021,11,,,0,27,,2022,11,,,0,100,,2023,11,,,0,97,,2024,11,,,0,73,,2026,11,,,0,30,,2025,11,,,0,67,,2028,11,,,0,33,,2034,11,,,0,67,,2029,11,,,0,29,,2027,11,,,0,72,,2031,11,,,0,28,,2041,11,,,0,72,,2032,11,,,0,29,,2036,11,,,0,71,,2030,11,,,0,29,,2033,11,,,0,71,,2035,11,,,0,27,,2040,11,,,0,72,,2037,11,,,0,27,,2042,11,,,0,71,,2038,11,,,0,29,,2044,11,,,0,101,,2039,11,,,0,99,,2046,11,,,0,104,,2043,11,,,0,95,,2045,11,,,0,100,,2047,11,,,0
7300,'4795',745,,1828,19,,,0
7301,'4795',1534,,1829,33,,,0
7701,'4795',1555,,1834,31,,,0
7900,'4795',757,,1837,24,0,6,0
7901,'5095',1521,,1838,24,0,6,0
7901,'5097',1521,,1839,24,0,6,0
