1600,'4528',656,,6335,16,,,0,82,,6344,16,0,5,0,67,,6336,16,0,5,0,99,,6331,16,0,5,0,100,,6332,16,0,5,0,200,,6339,16,0,5,0
1600,'4532',1604,,6360,16,0,5,0,105,,6364,16,0,5,0
1600,'5425',906,,6345,16,0,5,0,100,,6348,16,0,5,0,100,,6346,16,0,5,0,100,,6347,16,0,5,0,102,,6349,16,0,5,0,100,,6352,16,0,5,0,99,,6355,16,0,5,0,100,,6353,16,0,5,0,105,,6350,16,0,5,0,99,,6351,16,0,5,0,98,,6354,16,0,5,0,100,,6356,16,0,5,0
1600,'5426',1104,,6333,16,0,5,0,200,,6334,16,0,5,0,103,,6330,16,0,5,0,101,,6337,16,0,5,0,112,,6338,16,0,5,0,100,,6341,16,0,5,0,95,,6343,16,0,5,0,98,,6342,16,0,5,0,99,,6340,16,0,5,0
1600,'5427',1104,,7837,16,0,5,0,200,,7838,16,0,5,0,103,,7836,16,0,5,0,101,,7839,16,0,5,0,112,,7840,16,0,5,0,100,,7842,16,0,5,0,95,,7844,16,0,5,0,98,,7843,16,0,5,0,99,,7841,16,0,5,0
1600,'5428',846,,7848,16,0,5,0,156,,7847,16,0,5,0,55,,7846,16,0,5,0,151,,7849,16,0,5,0,95,,7850,16,0,5,0,101,,7845,16,0,5,0,100,,7851,16,0,5,0,300,,7852,16,0,5,0,97,,7853,16,0,5,0,100,,7854,16,0,5,0
1600,'5429',906,,7855,16,0,5,0,100,,7858,16,0,5,0,100,,7856,16,0,5,0,100,,7857,16,0,5,0,102,,7859,16,0,5,0,100,,7862,16,0,5,0,99,,7865,16,0,5,0,100,,7863,16,0,5,0,105,,7860,16,0,5,0,99,,7861,16,0,5,0,98,,7864,16,0,5,0,100,,7866,16,0,5,0
1700,'4528',730,,6418,47,,,0
1700,'5425',918,,6426,47,,,0,100,,6427,47,,,0,102,,6428,28,,,0,96,,6429,46,,,0,200,,6431,28,,,0,208,,6430,16,,,0,102,,6432,28,,,0,112,,6433,28,,,0,85,,6434,16,,,0,130,,6435,16,,,0
1700,'5426',703,,6410,47,,,0,129,,6416,47,,,0,86,,6422,47,,,0,99,,6409,47,,,0,100,,6413,47,,,0,100,,6408,47,,,0,99,,6411,28,,,0,101,,6414,28,,,0,115,,6417,28,,,0,93,,6419,28,,,0,107,,6424,28,,,0,97,,6420,28,,,0,113,,6423,47,,,0,87,,6421,16,,,0,98,,6415,16,,,0,115,,6412,16,,,0,114,,6425,16,,,0
1700,'5427',703,,7900,47,,,0,129,,7906,47,,,0,86,,7911,47,,,0,99,,7899,47,,,0,100,,7903,47,,,0,100,,7898,47,,,0,99,,7901,28,,,0,101,,7904,28,,,0,115,,7907,28,,,0,93,,7908,28,,,0,107,,7913,28,,,0,97,,7909,28,,,0,113,,7912,47,,,0,87,,7910,16,,,0,98,,7905,16,,,0,115,,7902,16,,,0,114,,7914,16,,,0
1700,'5428',811,,7915,47,,,0,103,,7916,47,,,0,90,,7917,47,,,0,132,,7918,47,,,0,169,,7919,28,,,0,103,,7920,28,,,0,130,,7921,28,,,0,171,,7922,28,,,0,104,,7923,28,,,0,45,,7924,16,,,0,145,,7925,16,,,0,105,,7926,16,,,0,110,,7927,16,,,0,119,,7928,16,,,0
1700,'5429',918,,7929,47,,,0,100,,7930,47,,,0,102,,7931,28,,,0,96,,7932,46,,,0,200,,7934,28,,,0,208,,7933,16,,,0,102,,7935,28,,,0,112,,7936,28,,,0,85,,7937,16,,,0,130,,7938,16,,,0
