100,'4528',614,,4803,22,,,0,30,,4804,30,,,0,72,,4805,30,,,0,31,,4806,30,,,0,58,,6581,30,,,0,17,,4815,30,,,0,15,,4814,30,,,0,15,,4842,30,,,0,54,,6602,30,,,0,15,,8108,30,,,0,16,,8105,30,,,0,15,,4837,30,,,0,60,,6599,30,,,0,21,,4847,30,,,0,20,,8113,30,,,0,71,,6603,30,,,0,30,,8115,30,,,0,72,,8114,30,,,0,30,,4834,30,,,0,70,,4833,30,,,0,30,,8109,30,,,0,70,,8107,30,,,0,33,,6586,30,,,0,60,,4816,30,,,0,19,,8106,30,,,0,17,,8111,30,,,0,55,,6590,30,,,0,14,,4838,30,,,0,15,,4844,30,,,0,15,,8112,30,,,0,55,,8116,30,,,0,14,,6609,30,,,0,14,,6598,30,,,0,15,,4829,30,,,0,52,,6611,30,,,0,14,,8110,30,,,0,15,,4827,30,,,0,15,,6605,30,,,0,60,,6608,30,,,0,19,,6595,30,,,0,25,,4835,30,,,0,67,,6597,30,,,0,30,,4826,30,,,0,69,,6591,30,,,0,30,,4820,30,,,0,70,,6589,30,,,0,30,,4817,30,,,0,69,,6594,30,,,0,28,,4841,30,,,0,66,,6592,30,,,0,29,,8104,30,,,0,70,,6583,30,,,0
100,'4532',651,,6634,30,,,0,49,,8080,30,,,0,30,,6637,30,,,0,71,,8069,30,,,0,27,,6639,30,,,0,20,,6613,30,,,0,55,,8082,30,,,0,17,,6614,30,,,0,16,,6641,30,,,0,16,,4891,30,,,0,72,,8071,30,,,0,30,,4896,30,,,0,70,,8070,30,,,0,32,,4898,30,,,0,70,,6618,30,,,0,30,,4901,30,,,0,70,,6617,30,,,0,30,,4902,30,,,0,70,,6620,30,,,0,31,,8072,30,,,0,70,,6621,30,,,0,30,,6623,30,,,0,68,,8074,30,,,0,13,,8083,30,,,0,15,,6625,30,,,0,55,,8084,30,,,0,15,,8073,30,,,0,14,,8085,30,,,0,14,,6626,30,,,0,55,,8086,30,,,0,15,,8075,30,,,0,15,,8087,30,,,0,15,,6628,30,,,0,70,,6629,30,,,0,85,,6633,30,,,0,99,,8078,30,,,0,104,,8077,30,,,0,104,,8076,30,,,0,103,,8079,30,,,0,97,,8081,30,,,0
100,'5221',722,,8088,30,,,0,19,,4856,30,,,0,70,,8089,30,,,0,30,,4859,30,,,0,70,,8090,30,,,0,32,,6650,30,,,0,72,,6652,30,,,0,30,,4861,30,,,0,70,,6651,30,,,0,31,,4864,30,,,0,73,,6662,30,,,0,30,,4866,30,,,0,70,,6653,30,,,0,30,,6656,30,,,0,70,,8091,30,,,0,30,,6657,30,,,0,71,,8092,30,,,0,30,,6655,30,,,0,68,,4872,30,,,0,30,,6659,30,,,0,69,,4883,30,,,0,30,,8093,30,,,0,70,,4886,30,,,0,33,,8095,30,,,0,65,,8094,30,,,0,29,,8096,30,,,0,70,,8103,30,,,0,29,,8098,30,,,0,70,,8097,30,,,0,29,,8099,30,,,0,68,,8100,30,,,0,30,,8101,30,,,0,70,,6672,30,,,0,37,,8102,30,,,0,62,,6673,30,,,0
200,'4528',629,,8185,37,,,0,79,,6775,37,,,0,28,,5068,37,,,0,15,,8187,37,,,0,72,,8186,37,,,0,16,,5070,37,,,0,15,,8188,37,,,0,66,,6781,37,,,0,30,,5074,37,,,0,70,,6780,37,,,0,30,,5078,37,,,0,69,,6782,37,,,0,30,,5077,37,,,0,71,,6783,37,,,0,30,,5080,37,,,0,70,,6784,37,,,0,30,,5082,37,,,0,71,,6785,37,,,0,30,,5083,37,,,0,77,,6786,37,,,0,26,,5086,37,,,0,78,,6771,37,,,0,70,,5056,37,,,0,29,,6768,37,,,0,28,,5059,37,,,0,70,,6774,37,,,0,74,,8181,37,,,0,39,,8183,37,,,0,69,,8180,37,,,0,33,,8182,37,,,0,65,,8179,37,,,0,30,,6772,37,,,0
200,'4532',803,,6788,37,,,0,113,,5103,37,,,0,103,,6787,37,,,0,101,,6790,37,,,0,100,,8164,37,,,0,101,,8165,37,,,0,100,,8166,37,,,0,100,,8168,37,,,0,30,,6796,37,,,0,70,,8167,37,,,0,30,,6793,37,,,0,69,,8169,37,,,0,30,,8170,37,,,0,70,,8171,37,,,0,88,,6804,37,,,0,40,,6802,37,,,0,91,,6800,37,,,0,93,,6801,37,,,0,100,,6803,37,,,0
200,'5221',820,,8173,37,,,0,81,,8172,37,,,0,113,,6808,37,,,0,100,,6807,37,,,0,101,,6809,37,,,0,105,,6810,37,,,0,96,,6812,37,,,0,100,,6811,37,,,0,98,,8176,37,,,0,106,,8178,37,,,0,99,,8177,37,,,0,124,,8174,37,,,0,99,,8175,37,,,0
300,'4528',649,,5210,41,,,0,62,,8238,41,,,0,18,,8237,13,,,0,12,,8235,41,,,0,76,,6894,41,,,0,18,,8240,41,,,0,14,,5202,41,,,0,58,,6887,41,,,0,19,,6881,41,,,0,31,,5196,41,,,0,70,,8239,41,,,0,31,,8249,41,,,0,70,,8242,41,,,0,30,,8236,41,,,0,71,,8244,41,,,0,30,,8248,41,,,0,70,,6870,41,,,0,73,,5204,41,,,0,32,,8231,41,,,0,73,,6895,41,,,0,32,,6885,41,,,0,12,,6902,41,,,0,52,,8233,41,,,0,12,,8232,41,,,0,15,,5211,41,,,0,15,,6875,41,,,0,55,,6877,41,,,0,15,,6898,41,,,0,14,,8241,41,,,0,13,,5183,41,,,0,14,,8234,41,,,0,55,,6892,41,,,0,15,,6876,41,,,0,28,,5217,41,,,0,69,,6891,41,,,0,30,,6901,41,,,0,70,,8243,41,,,0,99,,8247,41,,,0,98,,8245,41,,,0,98,,8246,41,,,0
300,'4532',738,,8214,41,,,0,70,,8213,41,,,0,37,,5240,41,,,0,76,,6907,41,,,0,30,,6908,41,,,0,72,,6906,41,,,0,30,,6905,41,,,0,70,,8215,41,,,0,30,,6910,41,,,0,70,,6912,41,,,0,31,,8216,41,,,0,70,,8219,41,,,0,30,,5252,41,,,0,70,,8218,41,,,0,30,,6917,41,,,0,71,,5255,41,,,0,30,,6916,41,,,0,70,,5257,41,,,0,30,,8217,41,,,0,69,,5258,41,,,0,30,,6918,41,,,0,70,,6920,41,,,0,33,,8221,41,,,0,64,,8222,41,,,0,85,,8223,41,,,0,105,,8225,41,,,0,105,,8226,41,,,0,102,,8220,41,,,0,97,,8224,41,,,0
300,'5221',824,,8227,41,,,0,93,,6929,41,,,0,100,,6928,41,,,0,101,,6934,41,,,0,105,,6930,41,,,0,100,,8229,41,,,0,100,,6931,41,,,0,100,,8228,41,,,0,100,,5233,41,,,0,99,,6933,41,,,0,97,,6936,41,,,0,97,,5231,41,,,0,105,,5234,41,,,0,98,,6937,41,,,0
601,'4528',723,,8323,31,,,0,104,,8324,31,,,0,101,,5607,31,,,0,96,,8325,31,,,0,25,,5608,31,,,0,75,,5610,31,,,0,120,,8326,31,,,0,80,,8327,31,,,0,100,,7267,31,,,0,100,,8328,31,,,0,81,,8329,31,,,0,41,,8330,31,,,0,56,,5617,31,,,0,35,,5620,31,,,0,66,,8331,31,,,0,28,,5619,31,,,0,100,,8332,31,,,0
601,'4532',821,,7275,31,,,0,104,,7276,31,,,0,97,,8309,31,,,0,100,,8310,31,,,0,100,,7274,31,,,0,100,,5638,31,,,0,99,,8311,31,,,0,100,,5642,31,,,0,30,,8313,31,,,0,70,,8315,31,,,0,30,,8318,31,,,0,70,,8316,31,,,0,30,,8317,31,,,0,70,,8314,31,,,0,184,,8312,31,,,0
601,'5221',1150,,7291,31,,,0,100,,7290,31,,,0,100,,7295,31,,,0,101,,8321,31,,,0,100,,7294,31,,,0,105,,5631,31,,,0
700,'4528',640,,8382,37,,,0,18,,7300,38,,,0,59,,8383,37,,,0,12,,7302,38,,,0,18,,8384,37,,,0,57,,8385,37,,,0,21,,7305,38,,,0,17,,8386,37,,,0,10,,7307,38,,,0,59,,8387,37,,,0,10,,7309,38,,,0,16,,8388,37,,,0,12,,8389,38,,,0,58,,8390,37,,,0,13,,7328,38,,,0,18,,8391,37,,,0,12,,7353,38,,,0,58,,8392,37,,,0,32,,7315,38,,,0,71,,8393,37,,,0,30,,7317,38,,,0,71,,8394,37,,,0,29,,7319,38,,,0,71,,8395,37,,,0,32,,7321,38,,,0,72,,8396,37,,,0,12,,7323,38,,,0,15,,8397,38,,,0,16,,8398,37,,,0,55,,8399,38,,,0,15,,8400,37,,,0,14,,8401,38,,,0,16,,8402,37,,,0,53,,7344,38,,,0,17,,8403,37,,,0,14,,7330,38,,,0,15,,8404,37,,,0,50,,7345,38,,,0,17,,8405,37,,,0,11,,7331,38,,,0,15,,8406,37,,,0,54,,7347,38,,,0,31,,8407,37,,,0,68,,8414,38,,,0,32,,8408,37,,,0,66,,8416,38,,,0,32,,8409,37,,,0,67,,8415,38,,,0,30,,8410,37,,,0,26,,7350,38,,,0,72,,8411,37,,,0,24,,8417,38,,,0,74,,8412,37,,,0,30,,8418,38,,,0,70,,8413,37,,,0
700,'4532',709,,8357,37,,,0,28,,7391,38,,,0,73,,8348,37,,,0,28,,8333,38,,,0,71,,7355,38,,,0,33,,8335,37,,,0,67,,8334,38,,,0,31,,7363,38,,,0,73,,8340,37,,,0,12,,7383,38,,,0,18,,8341,37,,,0,13,,7384,38,,,0,64,,8343,38,,,0,36,,8339,37,,,0,67,,7372,38,,,0,30,,8338,38,,,0,73,,8344,37,,,0,27,,7367,38,,,0,71,,8351,37,,,0,12,,8345,38,,,0,14,,8352,38,,,0,57,,8346,37,,,0,13,,7389,38,,,0,15,,7364,38,,,0,17,,8354,37,,,0,53,,7376,38,,,0,15,,8353,38,,,0,25,,8342,37,,,0,68,,7377,38,,,0,30,,7358,38,,,0,77,,8336,37,,,0,30,,7360,38,,,0,78,,8349,37,,,0,72,,7380,38,,,0,105,,7361,38,,,0,96,,8337,37,,,0,57,,8347,38,,,0,96,,8350,38,,,0,69,,8355,37,,,0,26,,8356,38,,,0
700,'5221',753,,7394,38,,,0,67,,8358,37,,,0,100,,8359,38,,,0,98,,8360,37,,,0,32,,8361,38,,,0,70,,7398,38,,,0,28,,8363,37,,,0,72,,8369,38,,,0,30,,8364,37,,,0,67,,8362,38,,,0,34,,8365,37,,,0,67,,8376,38,,,0,33,,8367,37,,,0,69,,8371,38,,,0,32,,8366,37,,,0,68,,8368,38,,,0,33,,8370,37,,,0,66,,8374,38,,,0,33,,8372,37,,,0,64,,8377,38,,,0,32,,8373,37,,,0,67,,7417,38,,,0,102,,8375,37,,,0,98,,8380,38,,,0,104,,8378,37,,,0,93,,8379,38,,,0,100,,8381,37,,,0
900,'4528',652,,8541,37,,,0,73,,7545,37,,,0,34,,5898,37,,,0,60,,7546,37,,,0,16,,8542,37,,,0,15,,7548,37,,,0,53,,8543,37,,,0,10,,5903,37,,,0,17,,7550,37,,,0,14,,7551,37,,,0,15,,8544,37,,,0,55,,8545,37,,,0,15,,5908,37,,,0,15,,7554,37,,,0,56,,7555,37,,,0,15,,8546,37,,,0,16,,8547,37,,,0,16,,5913,37,,,0,56,,8548,37,,,0,14,,7559,37,,,0,15,,8549,37,,,0,15,,8550,37,,,0,56,,7562,37,,,0,14,,8551,37,,,0,15,,8552,37,,,0,16,,8553,37,,,0,55,,7566,37,,,0,15,,8554,37,,,0,16,,8555,37,,,0,17,,8556,37,,,0,54,,8557,37,,,0,18,,5927,37,,,0,14,,8558,37,,,0,15,,7572,37,,,0,57,,7573,37,,,0,14,,7574,37,,,0,16,,7575,37,,,0,14,,7576,37,,,0,55,,8559,37,,,0,17,,8560,37,,,0,15,,8561,37,,,0,11,,7580,37,,,0,53,,8562,37,,,0,13,,8563,37,,,0,15,,7583,37,,,0,12,,8564,37,,,0,12,,8565,37,,,0,55,,8566,37,,,0,15,,8567,37,,,0,15,,7588,37,,,0,14,,8568,37,,,0,55,,8569,37,,,0,15,,7591,37,,,0,14,,7592,37,,,0,15,,8570,37,,,0,60,,8571,37,,,0,20,,8572,37,,,0,73,,8573,37,,,0,30,,8574,37,,,0,63,,7598,37,,,0,32,,8575,37,,,0,25,,7600,37,,,0,71,,8576,37,,,0,25,,7602,37,,,0,70,,8540,37,,,0
900,'4532',649,,7630,37,,,0,70,,6034,37,,,0,33,,7624,37,,,0,70,,5995,37,,,0,33,,7604,37,,,0,70,,8506,37,,,0,32,,8505,37,,,0,72,,5999,37,,,0,29,,8509,37,,,0,69,,8507,37,,,0,15,,6026,37,,,0,15,,7609,37,,,0,55,,8516,37,,,0,15,,8508,37,,,0,73,,6004,37,,,0,31,,7611,37,,,0,70,,8510,37,,,0,32,,6006,37,,,0,70,,6007,37,,,0,11,,6024,37,,,0,15,,8512,37,,,0,15,,6028,37,,,0,15,,7614,37,,,0,55,,6025,37,,,0,15,,8511,37,,,0,15,,6027,37,,,0,15,,6012,37,,,0,55,,7628,37,,,0,15,,7616,37,,,0,15,,7626,37,,,0,15,,6014,37,,,0,70,,7615,37,,,0,75,,7618,37,,,0,39,,7622,37,,,0,70,,8514,37,,,0,100,,8515,37,,,0,100,,8513,37,,,0,97,,7621,37,,,0,100,,7623,37,,,0,102,,7625,37,,,0,103,,7629,37,,,0
900,'5221',750,,7631,37,,,0,70,,7633,37,,,0,31,,7632,37,,,0,70,,7634,37,,,0,30,,5965,37,,,0,71,,8517,37,,,0,31,,7636,37,,,0,70,,8519,37,,,0,30,,8520,37,,,0,71,,8518,37,,,0,31,,8521,37,,,0,71,,8522,37,,,0,30,,8525,37,,,0,71,,8524,37,,,0,30,,8526,37,,,0,70,,8523,37,,,0,31,,8532,37,,,0,70,,8527,37,,,0,30,,7648,37,,,0,69,,8528,37,,,0,30,,7649,37,,,0,68,,8529,37,,,0,30,,8537,37,,,0,70,,7655,37,,,0,29,,8530,37,,,0,68,,7652,37,,,0,30,,7653,37,,,0,70,,8531,37,,,0,29,,8536,37,,,0,70,,8533,37,,,0,29,,8534,37,,,0,68,,8535,37,,,0,30,,8538,37,,,0,70,,8539,37,,,0
1600,'4528',747,,6344,29,0,5,0,71,,6336,29,0,5,0,97,,6331,29,0,5,0,100,,6332,29,0,5,0,100,,8685,29,0,5,0,100,,6339,29,0,5,0,100,,8686,29,0,5,0,103,,8684,29,0,5,0,105,,8687,29,0,5,0,108,,8688,29,0,5,0,100,,8690,29,0,5,0,93,,8691,29,0,5,0,98,,7843,29,0,5,0,99,,8689,29,0,5,0
1600,'4532',854,,8670,29,0,5,0,157,,7847,29,0,5,0,95,,7846,29,0,5,0,111,,8671,29,0,5,0,95,,8672,29,0,5,0,101,,7845,29,0,5,0,100,,7851,29,0,5,0,100,,6360,29,0,5,0,105,,6364,29,0,5,0,95,,8673,29,0,5,0,97,,8674,29,0,5,0,100,,8675,29,0,5,0
1600,'5221',914,,8676,29,0,5,0,100,,7858,29,0,5,0,100,,8677,29,0,5,0,101,,8678,29,0,5,0,102,,7859,29,0,5,0,100,,8680,29,0,5,0,99,,7865,29,0,5,0,100,,8681,29,0,5,0,105,,7860,29,0,5,0,99,,8679,29,0,5,0,97,,8682,29,0,5,0,100,,8683,29,0,5,0
