300,'4327',807,,3100,21,,,0,93,,3102,21,,,0,100,,3101,21,,,0,101,,3107,21,,,0,103,,3103,21,,,0,100,,3109,21,,,0,100,,3104,21,,,0,100,,3105,21,,,0,100,,3110,21,,,0,100,,3106,21,,,0,98,,3112,21,,,0,98,,3108,21,,,0,106,,3111,21,,,0,99,,3113,21,,,0,100,,3114,21,0,17 18 19,0
300,'4795',632,,426,21,,,0,22,,413,21,,,0,60,,406,21,,,0,9,,2351,21,,,0,15,,401,21,,,0,19,,429,21,,,0,58,,415,21,,,0,16,,418,21,,,0,19,,419,21,,,0,59,,411,21,,,0,30,,412,21,,,0,70,,414,21,,,0,31,,436,21,,,0,70,,421,21,,,0,30,,409,21,,,0,71,,423,21,,,0,30,,435,21,,,0,70,,397,21,,,0,31,,420,21,,,0,71,,398,21,,,0,33,,430,21,,,0,55,,408,21,,,0,15,,416,21,,,0,10,,1940,21,,,0,4,,439,21,,,0,15,,400,21,,,0,12,,399,21,,,0,55,,427,21,,,0,15,,403,21,,,0,15,,405,21,,,0,15,,434,21,,,0,54,,417,21,,,0,14,,396,21,,,0,14,,402,21,,,0,15,,425,21,,,0,55,,404,21,,,0,29,,433,21,,,0,69,,424,21,,,0,30,,438,21,,,0,70,,422,21,,,0,99,,1939,21,,,0,99,,428,21,,,0,100,,431,21,,,0,96,,395,21,0,17 18 19,0
300,'4800',722,,441,21,,,0,30,,2367,21,,,0,76,,442,21,,,0,76,,445,21,,,0,30,,446,21,,,0,71,,444,21,,,0,30,,443,21,,,0,70,,2368,21,,,0,30,,448,21,,,0,70,,450,21,,,0,31,,449,21,,,0,70,,453,21,,,0,30,,454,21,,,0,70,,2369,21,,,0,30,,456,21,,,0,71,,457,21,,,0,30,,455,21,,,0,70,,459,21,,,0,30,,451,21,,,0,70,,460,21,,,0,30,,458,21,,,0,70,,462,21,,,0,35,,463,21,,,0,64,,464,21,,,0,45,,2370,21,,,0,105,,467,21,,,0,145,,468,21,,,0,103,,461,21,,,0,98,,466,21,,,0
300,'5102',632,,3146,21,,,0,22,,3133,21,,,0,60,,3126,21,,,0,9,,3127,21,,,0,15,,3121,21,,,0,19,,3149,21,,,0,58,,3135,21,,,0,16,,3138,21,,,0,19,,3139,21,,,0,59,,3131,21,,,0,30,,3132,21,,,0,70,,3134,21,,,0,31,,3156,21,,,0,70,,3141,21,,,0,30,,3129,21,,,0,71,,3143,21,,,0,30,,3155,21,,,0,70,,3117,21,,,0,31,,3140,21,,,0,71,,3118,21,,,0,33,,3150,21,,,0,55,,3128,21,,,0,15,,3136,21,,,0,10,,3157,21,,,0,4,,3159,21,,,0,15,,3120,21,,,0,12,,3119,21,,,0,55,,3147,21,,,0,15,,3123,21,,,0,15,,3125,21,,,0,15,,3154,21,,,0,54,,3137,21,,,0,14,,3116,21,,,0,14,,3122,21,,,0,15,,3145,21,,,0,55,,3124,21,,,0,29,,3153,21,,,0,69,,3144,21,,,0,30,,3158,21,,,0,70,,3142,21,,,0,99,,3152,21,,,0,99,,3148,21,,,0,100,,3151,21,,,0,96,,3115,21,0,17 18 19,0
300,'5105',722,,3161,21,,,0,30,,3160,21,,,0,76,,3162,21,,,0,76,,3165,21,,,0,30,,3166,21,,,0,71,,3164,21,,,0,30,,3163,21,,,0,70,,3167,21,,,0,30,,3168,21,,,0,70,,3170,21,,,0,31,,3169,21,,,0,70,,3173,21,,,0,30,,3174,21,,,0,70,,3172,21,,,0,30,,3176,21,,,0,71,,3177,21,,,0,30,,3175,21,,,0,70,,3179,21,,,0,30,,3171,21,,,0,70,,3180,21,,,0,30,,3178,21,,,0,70,,3182,21,,,0,35,,3183,21,,,0,64,,3184,21,,,0,45,,3185,21,,,0,105,,3187,21,,,0,145,,3188,21,,,0,103,,3181,21,,,0,98,,3186,21,,,0
1400,'4795',825,,1517,54,0,7 8 2 9 2 10,0
1400,'5102',825,,4223,54,0,7 8 2 9 2 10,0
8100,'4795',819,,1842,64,,,0
8100,'5102',819,,4548,64,,,0
8101,'5095',1529,,1843,26,,,0
8101,'5097',1418,,1844,26,,,0
8101,'5103',1529,,4549,26,,,0
8101,'5104',1418,,4550,26,,,0
