400,'5425',852,,5381,24,,,0,159,,5382,24,,,0,120,,5379,24,,,0,122,,5380,24,,,0,95,,5386,24,,,0,167,,5384,24,,,0,127,,5385,24,,,0,162,,5383,24,,,0,120,,5387,24,,,0
400,'5426',644,,5349,24,,,0,66,,5354,24,,,0,91,,5351,24,,,0,34,,5356,24,,,0,68,,5353,24,,,0,28,,5359,24,,,0,70,,5352,24,,,0,30,,5350,24,,,0,72,,5360,24,,,0,30,,5365,24,,,0,72,,5362,24,,,0,30,,5355,24,,,0,70,,5367,24,,,0,30,,5376,24,,,0,72,,5366,24,,,0,30,,5378,24,,,0,70,,5357,24,,,0,30,,5377,24,,,0,72,,5374,24,,,0,30,,5363,24,,,0,70,,5364,24,,,0,29,,5361,24,,,0,67,,5371,24,,,0,29,,5358,24,,,0,67,,5372,24,,,0,56,,5373,24,,,0,95,,5369,24,,,0,97,,5368,24,,,0,100,,5370,24,,,0,157,,5375,24,,,0
400,'5427',644,,7006,24,,,0,66,,7011,24,,,0,91,,7008,24,,,0,34,,7013,24,,,0,68,,7010,24,,,0,28,,7016,24,,,0,70,,7009,24,,,0,30,,7007,24,,,0,72,,7017,24,,,0,30,,7022,24,,,0,72,,7019,24,,,0,30,,7012,24,,,0,70,,7024,24,,,0,30,,7033,24,,,0,72,,7023,24,,,0,30,,7035,24,,,0,70,,7014,24,,,0,30,,7034,24,,,0,72,,7031,24,,,0,30,,7020,24,,,0,70,,7021,24,,,0,29,,7018,24,,,0,67,,7028,24,,,0,29,,7015,24,,,0,67,,7029,24,,,0,56,,7030,24,,,0,95,,7026,24,,,0,97,,7025,24,,,0,100,,7027,24,,,0,157,,7032,24,,,0
400,'5428',839,,7037,24,,,0,66,,7038,24,,,0,25,,7036,24,,,0,26,,7039,24,,,0,67,,7040,24,,,0,26,,7041,24,,,0,65,,7042,24,,,0,26,,7043,24,,,0,66,,7044,24,,,0,27,,7045,24,,,0,67,,7046,24,,,0,28,,7047,24,,,0,27,,7048,24,,,0,69,,7049,24,,,0,27,,7052,24,,,0,69,,7054,24,,,0,27,,7050,24,,,0,68,,7056,24,,,0,27,,7051,24,,,0,66,,7053,24,,,0,27,,7055,24,,,0,67,,7057,24,,,0,27,,7058,24,,,0,24,,7059,24,,,0,74,,7061,24,,,0,99,,7060,24,,,0,100,,7062,24,,,0,99,,7063,24,,,0,99,,7064,24,,,0
400,'5429',852,,7067,24,,,0,159,,7068,24,,,0,120,,7065,24,,,0,122,,7066,24,,,0,95,,7072,24,,,0,167,,7070,24,,,0,127,,7071,24,,,0,162,,7069,24,,,0,120,,7073,24,,,0
500,'5425',923,,5513,21,,,0,120,,5512,21,,,0,160,,5511,21,,,0,122,,5514,21,,,0,97,,5515,21,,,0,127,,5516,21,,,0,166,,5517,21,,,0,120,,5518,21,,,0
500,'5426',719,,5485,21,,,0,32,,5487,18,,,0,74,,5488,21,,,0,33,,5486,18,,,0,73,,5494,21,,,0,73,,5495,18,,,0,33,,5496,18,,,0,73,,5489,21,,,0,33,,5490,18,,,0,73,,5497,21,,,0,36,,5492,18,,,0,75,,5493,21,,,0,77,,5491,18,,,0,35,,5498,21,,,0,77,,5508,18,,,0,36,,5501,21,,,0,76,,5503,21,,,0,77,,5509,18,,,0,34,,5504,21,,,0,76,,5505,18,,,0,31,,5502,21,,,0,76,,5506,18,,,0,84,,5507,18,,,0,100,,5499,18,,,0,99,,5500,18,,,0,115,,5510,21,,,0
500,'5427',719,,7142,21,,,0,32,,7144,18,,,0,74,,7145,21,,,0,33,,7143,18,,,0,73,,7151,21,,,0,73,,7152,18,,,0,33,,7153,18,,,0,73,,7146,21,,,0,33,,7147,18,,,0,73,,7154,21,,,0,36,,7149,18,,,0,75,,7150,21,,,0,77,,7148,18,,,0,35,,7155,21,,,0,77,,7165,18,,,0,36,,7158,21,,,0,76,,7160,21,,,0,77,,7166,18,,,0,34,,7161,21,,,0,76,,7162,18,,,0,31,,7159,21,,,0,76,,7163,18,,,0,84,,7164,18,,,0,100,,7156,18,,,0,99,,7157,18,,,0,115,,7167,21,,,0
500,'5428',808,,7169,18,,,0,30,,7170,21,,,0,70,,7171,21,,,0,30,,7192,18,,,0,71,,7168,21,,,0,29,,7173,18,,,0,71,,7174,21,,,0,29,,7172,18,,,0,72,,7177,21,,,0,29,,7178,18,,,0,72,,7176,21,,,0,30,,7175,18,,,0,71,,7179,21,,,0,29,,7180,18,,,0,71,,7181,21,,,0,30,,7184,18,,,0,71,,7185,21,,,0,28,,7182,18,,,0,70,,7183,21,,,0,29,,7186,18,,,0,71,,7187,21,,,0,29,,7190,18,,,0,160,,7191,21,,,0,54,,7188,18,,,0,103,,7189,21,,,0,99,,7193,21,,,0
500,'5429',923,,7196,21,,,0,120,,7195,21,,,0,160,,7194,21,,,0,122,,7197,21,,,0,97,,7198,21,,,0,127,,7199,21,,,0,166,,7200,21,,,0,120,,7201,21,,,0
701,'5425',712,,5828,17,,,0,27,,5829,20,,,0,99,,5830,17,,,0,97,,5831,20,,,0,73,,5834,17,,,0,30,,5832,17,,,0,67,,5833,20,,,0,33,,5841,17,,,0,67,,5836,20,,,0,28,,5835,17,,,0,72,,5838,20,,,0,28,,5848,17,,,0,72,,5840,20,,,0,29,,5844,17,,,0,71,,5839,20,,,0,29,,5837,17,,,0,71,,5843,20,,,0,28,,5847,17,,,0,72,,5842,20,,,0,28,,5849,17,,,0,71,,5845,20,,,0,29,,5851,17,,,0,101,,5846,20,,,0,99,,5854,17,,,0,104,,5850,20,,,0,96,,5852,17,,,0,101,,5853,20,,,0
701,'5426',617,,5774,17,,,0,17,,5775,20,,,0,14,,5776,17,,,0,56,,5777,20,,,0,16,,5778,20,,,0,15,,5779,17,,,0,19,,5780,20,,,0,52,,5781,17,,,0,19,,5782,20,,,0,11,,5783,17,,,0,16,,5784,20,,,0,52,,5785,17,,,0,18,,5786,20,,,0,13,,5822,17,,,0,17,,5787,20,,,0,53,,5827,17,,,0,17,,5788,20,,,0,29,,5789,17,,,0,73,,5790,20,,,0,27,,5791,17,,,0,72,,5792,20,,,0,28,,5793,17,,,0,72,,5794,20,,,0,28,,5795,17,,,0,74,,5796,20,,,0,11,,5797,17,,,0,15,,5798,17,,,0,58,,5799,20,,,0,13,,5800,17,,,0,17,,5801,20,,,0,12,,5802,17,,,0,58,,5803,20,,,0,12,,5804,17,,,0,18,,5805,20,,,0,12,,5806,17,,,0,58,,5807,20,,,0,12,,5808,17,,,0,18,,5809,20,,,0,11,,5823,17,,,0,56,,5824,20,,,0,13,,5810,17,,,0,32,,5811,20,,,0,67,,5812,17,,,0,33,,5813,20,,,0,67,,5814,17,,,0,31,,5815,20,,,0,69,,5816,17,,,0,31,,5817,20,,,0,69,,5818,17,,,0,30,,5819,20,,,0,69,,5820,17,,,0,33,,5821,20,,,0,72,,5825,17,,,0,30,,5826,20,,,0
701,'5427',617,,7422,17,,,0,17,,7423,20,0,5,0,14,,7424,17,,,0,56,,7425,20,0,5,0,16,,7426,20,0,5,0,15,,7427,17,,,0,19,,7428,20,0,5,0,52,,7429,17,,,0,19,,7430,20,0,5,0,11,,7431,17,,,0,16,,7432,20,0,5,0,52,,7433,17,,,0,18,,7434,20,0,5,0,13,,7470,17,,,0,17,,7435,20,0,5,0,53,,7475,17,,,0,17,,7436,20,0,5,0,29,,7437,17,,,0,73,,7438,20,0,5,0,27,,7439,17,,,0,72,,7440,20,0,5,0,28,,7441,17,,,0,72,,7442,20,0,5,0,28,,7443,17,,,0,74,,7444,20,0,5,0,11,,7445,17,,,0,15,,7446,17,,,0,58,,7447,20,0,5,0,13,,7448,17,,,0,17,,7449,20,0,5,0,12,,7450,17,,,0,58,,7451,20,0,5,0,12,,7452,17,,,0,18,,7453,20,0,5,0,12,,7454,17,,,0,58,,7455,20,0,5,0,12,,7456,17,,,0,18,,7457,20,0,5,0,11,,7471,17,,,0,56,,7472,20,0,5,0,13,,7458,17,,,0,32,,7459,20,0,5,0,67,,7460,17,,,0,33,,7461,20,0,5,0,67,,7462,17,,,0,31,,7463,20,0,5,0,69,,7464,17,,,0,31,,7465,20,0,5,0,69,,7466,17,,,0,30,,7467,20,0,5,0,69,,7468,17,,,0,33,,7469,20,0,5,0,72,,7473,17,,,0,30,,7474,20,0,5,0
701,'5428',627,,7514,20,0,5,0,30,,7513,17,,,0,71,,7501,20,0,5,0,30,,7476,17,,,0,70,,7477,17,,,0,31,,7478,20,0,5,0,69,,7479,17,,,0,30,,7487,17,,,0,71,,7492,20,0,5,0,14,,7505,17,,,0,16,,7491,20,0,5,0,55,,7506,17,,,0,22,,7494,17,,,0,72,,7490,20,0,5,0,28,,7493,17,,,0,70,,7486,17,,,0,32,,7496,20,0,5,0,68,,7489,17,,,0,30,,7509,20,0,5,0,13,,7497,17,,,0,55,,7510,17,,,0,16,,7498,20,0,5,0,14,,7508,17,,,0,15,,7485,17,,,0,56,,7511,20,0,5,0,14,,7495,17,,,0,15,,7507,17,,,0,24,,7488,20,0,5,0,69,,7499,17,,,0,30,,7480,17,,,0,76,,7483,20,0,5,0,74,,7484,17,,,0,36,,7502,20,0,5,0,74,,7503,17,,,0,105,,7482,17,,,0,97,,7481,20,0,5,0,102,,7500,17,,,0,99,,7504,17,,,0,26,,7512,20,0,5,0,69,,7515,17,,,0
701,'5429',712,,7516,17,,,0,27,,7517,20,0,5,0,99,,7518,17,,,0,97,,7519,20,0,5,0,73,,7522,17,,,0,30,,7520,17,,,0,67,,7521,20,0,5,0,33,,7529,17,,,0,67,,7524,20,0,5,0,28,,7523,17,,,0,72,,7526,20,0,5,0,28,,7536,17,,,0,72,,7528,20,0,5,0,29,,7532,17,,,0,71,,7527,20,0,5,0,29,,7525,17,,,0,71,,7531,20,0,5,0,28,,7535,17,,,0,72,,7530,20,0,5,0,28,,7537,17,,,0,71,,7533,20,0,5,0,29,,7539,17,,,0,101,,7534,20,0,5,0,99,,7542,17,,,0,104,,7538,20,0,5,0,96,,7540,17,,,0,101,,7541,20,0,5,0
901,'4528',710,,6037,12,,,0,117,,6042,12,,,0,114,,6047,12,,,0,115,,6052,12,,,0,371,,6066,12,,,0
901,'4532',638,,6173,12,,,0,102,,6156,12,,,0,201,,6135,12,,,0,114,,6166,12,,,0,157,,6143,12,,,0,130,,6145,12,,,0,70,,6146,12,,,0,14,,6171,12,,,0,30,,6168,12,,,0,70,,6170,12,,,0,30,,6165,12,,,0,55,,6153,12,,,0,100,,6147,12,,,0
901,'5221',909,,6107,12,,,0
901,'5425',709,,6100,12,,,0,30,,6103,12,,,0,70,,6101,12,,,0,30,,6102,12,,,0,100,,6104,12,,,0,70,,6106,12,,,0,30,,6105,12,,,0,70,,6110,12,,,0,30,,6108,12,,,0,70,,6109,12,,,0,31,,6114,12,,,0,70,,6112,12,,,0,30,,6115,12,,,0,70,,6111,12,,,0,30,,6113,12,,,0,71,,6127,12,,,0,30,,6117,12,,,0,70,,6118,12,,,0,29,,6116,12,,,0,70,,6119,12,,,0,30,,6120,12,,,0,70,,6132,12,,,0,30,,6124,12,,,0,70,,6121,12,,,0,29,,6123,12,,,0,70,,6122,12,,,0,30,,6125,12,,,0,70,,6131,12,,,0,30,,6126,12,,,0,70,,6128,12,,,0,29,,6129,12,,,0,70,,6130,12,,,0,30,,6133,12,,,0
901,'5426',609,,6035,12,,,0,30,,6036,12,,,0,87,,6038,12,,,0,15,,6039,12,,,0,16,,6040,12,,,0,55,,6041,12,,,0,31,,6043,12,,,0,13,,6044,12,,,0,55,,6045,12,,,0,15,,6046,12,,,0,30,,6048,12,,,0,55,,6049,12,,,0,15,,6050,12,,,0,15,,6051,12,,,0,71,,6053,12,,,0,15,,6054,12,,,0,15,,6055,12,,,0,15,,6056,12,,,0,55,,6057,12,,,0,15,,6058,12,,,0,14,,6059,12,,,0,16,,6060,12,,,0,55,,6061,12,,,0,15,,6062,12,,,0,15,,6063,12,,,0,15,,6064,12,,,0,54,,6065,12,,,0,30,,6067,12,,,0,15,,6068,12,,,0,56,,6069,12,,,0,15,,6070,12,,,0,16,,6071,12,,,0,14,,6072,12,,,0,55,,6073,12,,,0,16,,6074,12,,,0,15,,6075,12,,,0,15,,6076,12,,,0,55,,6077,12,,,0,14,,6078,12,,,0,15,,6079,12,,,0,15,,6080,12,,,0,54,,6081,12,,,0,15,,6082,12,,,0,15,,6083,12,,,0,15,,6084,12,,,0,54,,6085,12,,,0,15,,6086,12,,,0,16,,6087,12,,,0,14,,6088,12,,,0,55,,6089,12,,,0,20,,6090,12,,,0,20,,6091,12,,,0,74,,6092,12,,,0,30,,6093,12,,,0,65,,6094,12,,,0,33,,6095,12,,,0,67,,6096,12,,,0,33,,6097,12,,,0,66,,6098,12,,,0,30,,6099,12,,,0
901,'5427',609,,7664,12,,,0,30,,7665,12,,,0,87,,7666,12,,,0,15,,7667,12,,,0,16,,7668,12,,,0,55,,7669,12,,,0,31,,7670,12,,,0,13,,7671,12,,,0,55,,7672,12,,,0,15,,7673,12,,,0,30,,7674,12,,,0,55,,7675,12,,,0,15,,7676,12,,,0,15,,7677,12,,,0,71,,7678,12,,,0,15,,7679,12,,,0,15,,7680,12,,,0,15,,7681,12,,,0,55,,7682,12,,,0,15,,7683,12,,,0,14,,7684,12,,,0,16,,7685,12,,,0,55,,7686,12,,,0,15,,7687,12,,,0,15,,7688,12,,,0,15,,7689,12,,,0,54,,7690,12,,,0,30,,7691,12,,,0,15,,7692,12,,,0,56,,7693,12,,,0,15,,7694,12,,,0,16,,7695,12,,,0,14,,7696,12,,,0,55,,7697,12,,,0,16,,7698,12,,,0,15,,7699,12,,,0,15,,7700,12,,,0,55,,7701,12,,,0,14,,7702,12,,,0,15,,7703,12,,,0,15,,7704,12,,,0,54,,7705,12,,,0,15,,7706,12,,,0,15,,7707,12,,,0,15,,7708,12,,,0,54,,7709,12,,,0,15,,7710,12,,,0,16,,7711,12,,,0,14,,7712,12,,,0,55,,7713,12,,,0,20,,7714,12,,,0,20,,7715,12,,,0,74,,7716,12,,,0,30,,7717,12,,,0,65,,7718,12,,,0,33,,7719,12,,,0,67,,7720,12,,,0,33,,7721,12,,,0,66,,7722,12,,,0,30,,7723,12,,,0
901,'5428',608,,7750,12,,,0,102,,7743,12,,,0,100,,7724,12,,,0,30,,7727,12,,,0,71,,7725,12,,,0,100,,7726,12,,,0,29,,7728,12,,,0,70,,7729,12,,,0,15,,7747,12,,,0,15,,7731,12,,,0,102,,7732,12,,,0,70,,7730,12,,,0,129,,7733,12,,,0,70,,7735,12,,,0,30,,7737,12,,,0,85,,7748,12,,,0,15,,7734,12,,,0,15,,7749,12,,,0,85,,7736,12,,,0,75,,7738,12,,,0,40,,7745,12,,,0,70,,7740,12,,,0,100,,7741,12,,,0,100,,7742,12,,,0,99,,7739,12,,,0,105,,7744,12,,,0,104,,7746,12,,,0,104,,7751,12,,,0
901,'5429',709,,7752,12,,,0,30,,7755,12,,,0,70,,7753,12,,,0,30,,7754,12,,,0,100,,7756,12,,,0,70,,7758,12,,,0,30,,7757,12,,,0,70,,7761,12,,,0,30,,7759,12,,,0,70,,7760,12,,,0,31,,7765,12,,,0,70,,7763,12,,,0,30,,7766,12,,,0,70,,7762,12,,,0,30,,7764,12,,,0,71,,7778,12,,,0,30,,7768,12,,,0,70,,7769,12,,,0,29,,7767,12,,,0,70,,7770,12,,,0,30,,7771,12,,,0,70,,7783,12,,,0,30,,7775,12,,,0,70,,7772,12,,,0,29,,7774,12,,,0,70,,7773,12,,,0,30,,7776,12,,,0,70,,7782,12,,,0,30,,7777,12,,,0,70,,7779,12,,,0,29,,7780,12,,,0,70,,7781,12,,,0,30,,7784,12,,,0
1600,'4528',711,,6335,35,,,0
