300,'4783',717,,407,10,,,0
300,'4795',626,,426,10,,,0,22,,413,10,,,0,60,,406,10,,,0,24,,401,10,,,0,18,,429,10,,,0,58,,415,10,,,0,16,,418,10,,,0,19,,419,10,,,0,59,,411,10,,,0,30,,412,10,,,0,70,,414,10,,,0,31,,436,10,,,0,70,,421,10,,,0,30,,409,10,,,0,71,,423,10,,,0,30,,435,10,,,0,70,,397,10,,,0,31,,420,10,,,0,70,,398,10,,,0,33,,430,10,,,0,15,,408,10,,,0,55,,416,10,,,0,10,,1940,10,,,0,5,,439,10,,,0,15,,400,10,,,0,13,,399,10,,,0,55,,427,10,,,0,15,,403,10,,,0,15,,405,10,,,0,15,,434,10,,,0,54,,417,10,,,0,14,,396,10,,,0,14,,402,10,,,0,15,,425,10,,,0,55,,404,10,,,0,29,,433,10,,,0,69,,424,10,,,0,30,,438,10,,,0,70,,422,10,,,0,99,,1939,10,,,0,59,,428,10,,,0,100,,431,10,,,0,96,,395,10,0,17 18 19,0
300,'4800',716,,441,10,,,0,106,,442,10,,,0,36,,445,10,,,0,70,,446,10,,,0,31,,444,10,,,0,70,,443,10,,,0,100,,448,10,,,0,30,,450,10,,,0,71,,449,10,,,0,70,,453,10,,,0,30,,454,10,,,0,100,,456,10,,,0,71,,457,10,,,0,30,,455,10,,,0,70,,459,10,,,0,30,,451,10,,,0,70,,460,10,,,0,30,,458,10,,,0,70,,462,10,,,0,35,,463,10,,,0,64,,464,10,,,0,150,,467,10,,,0,105,,468,10,,,0,103,,461,10,,,0,99,,466,10,,,0
300,'5125',717,,2351,10,,,0
300,'5127',801,,2352,10,,,0,53,,2354,10,,,0,100,,2353,10,,,0,101,,2359,10,,,0,103,,2355,10,,,0,100,,2361,10,,,0,100,,2356,10,,,0,100,,2357,10,,,0,100,,2362,10,,,0,100,,2358,10,,,0,98,,2364,10,,,0,98,,2360,10,,,0,146,,2363,10,,,0,59,,2365,10,,,0,100,,2366,10,0,17 18 19,0
300,'5128',746,,2367,10,,,0,313,,2368,10,,,0,341,,2369,10,,,0,545,,2370,10,,,0
1400,'4795',818,,1517,43,0,7 8 2 9 2 10,0
8100,'4795',813,,1842,53,,,0
8101,'5095',1522,,1843,15,,,0
8101,'5097',1411,,1844,15,,,0
