701,'5425',710,,5828,14,,,0,27,,5829,17,,,0,99,,5830,14,,,0,96,,5831,17,,,0,74,,5834,14,,,0,30,,5832,14,,,0,66,,5833,17,,,0,34,,5841,14,,,0,66,,5836,17,,,0,29,,5835,14,,,0,71,,5838,17,,,0,29,,5848,14,,,0,71,,5840,17,,,0,29,,5844,14,,,0,71,,5839,17,,,0,29,,5837,14,,,0,71,,5843,17,,,0,29,,5847,14,,,0,71,,5842,17,,,0,29,,5849,14,,,0,71,,5845,17,,,0,29,,5851,14,,,0,101,,5846,17,,,0,99,,5854,14,,,0,104,,5850,17,,,0,96,,5852,14,,,0,102,,5853,17,,,0
701,'5426',615,,5774,14,,,0,17,,5775,17,,,0,14,,5776,14,,,0,56,,5777,17,,,0,16,,5778,17,,,0,14,,5779,14,,,0,19,,5780,17,,,0,52,,5781,14,,,0,18,,5782,17,,,0,12,,5783,14,,,0,16,,5784,17,,,0,52,,5785,14,,,0,18,,5786,17,,,0,13,,5822,14,,,0,17,,5787,17,,,0,53,,5827,14,,,0,17,,5788,17,,,0,29,,5789,14,,,0,73,,5790,17,,,0,27,,5791,14,,,0,72,,5792,17,,,0,28,,5793,14,,,0,72,,5794,17,,,0,28,,5795,14,,,0,74,,5796,17,,,0,11,,5797,14,,,0,15,,5798,14,,,0,58,,5799,17,,,0,13,,5800,14,,,0,17,,5801,17,,,0,12,,5802,14,,,0,58,,5803,17,,,0,12,,5804,14,,,0,18,,5805,17,,,0,12,,5806,14,,,0,58,,5807,17,,,0,12,,5808,14,,,0,18,,5809,17,,,0,11,,5823,14,,,0,56,,5824,17,,,0,14,,5810,14,,,0,31,,5811,17,,,0,68,,5812,14,,,0,32,,5813,17,,,0,68,,5814,14,,,0,31,,5815,17,,,0,69,,5816,14,,,0,31,,5817,17,,,0,69,,5818,14,,,0,30,,5819,17,,,0,69,,5820,14,,,0,34,,5821,17,,,0,71,,5825,14,,,0,31,,5826,17,,,0
701,'5427',615,,7422,14,,,0,17,,7423,17,0,5,0,14,,7424,14,,,0,56,,7425,17,0,5,0,16,,7426,17,0,5,0,14,,7427,14,,,0,19,,7428,17,0,5,0,52,,7429,14,,,0,18,,7430,17,0,5,0,12,,7431,14,,,0,16,,7432,17,0,5,0,52,,7433,14,,,0,18,,7434,17,0,5,0,13,,7470,14,,,0,17,,7435,17,0,5,0,53,,7475,14,,,0,17,,7436,17,0,5,0,29,,7437,14,,,0,73,,7438,17,0,5,0,27,,7439,14,,,0,72,,7440,17,0,5,0,28,,7441,14,,,0,72,,7442,17,0,5,0,28,,7443,14,,,0,74,,7444,17,0,5,0,11,,7445,14,,,0,15,,7446,14,,,0,58,,7447,17,0,5,0,13,,7448,14,,,0,17,,7449,17,0,5,0,12,,7450,14,,,0,58,,7451,17,0,5,0,12,,7452,14,,,0,18,,7453,17,0,5,0,12,,7454,14,,,0,58,,7455,17,0,5,0,12,,7456,14,,,0,18,,7457,17,0,5,0,11,,7471,14,,,0,56,,7472,17,0,5,0,14,,7458,14,,,0,31,,7459,17,0,5,0,68,,7460,14,,,0,32,,7461,17,0,5,0,68,,7462,14,,,0,31,,7463,17,0,5,0,69,,7464,14,,,0,31,,7465,17,0,5,0,69,,7466,14,,,0,30,,7467,17,0,5,0,69,,7468,14,,,0,34,,7469,17,0,5,0,71,,7473,14,,,0,31,,7474,17,0,5,0
701,'5428',625,,7514,17,0,5,0,30,,7513,14,,,0,71,,7501,17,0,5,0,30,,7476,14,,,0,70,,7477,14,,,0,31,,7478,17,0,5,0,69,,7479,14,,,0,30,,7487,14,,,0,71,,7492,17,0,5,0,14,,7505,14,,,0,16,,7491,17,0,5,0,55,,7506,14,,,0,22,,7494,14,,,0,71,,7490,17,0,5,0,29,,7493,14,,,0,70,,7486,14,,,0,31,,7496,17,0,5,0,69,,7489,14,,,0,29,,7509,17,0,5,0,14,,7497,14,,,0,55,,7510,14,,,0,16,,7498,17,0,5,0,14,,7508,14,,,0,15,,7485,14,,,0,56,,7511,17,0,5,0,14,,7495,14,,,0,15,,7507,14,,,0,24,,7488,17,0,5,0,69,,7499,14,,,0,30,,7480,14,,,0,76,,7483,17,0,5,0,74,,7484,14,,,0,36,,7502,17,0,5,0,74,,7503,14,,,0,105,,7482,14,,,0,97,,7481,17,0,5,0,102,,7500,14,,,0,100,,7504,14,,,0,26,,7512,17,0,5,0,69,,7515,14,,,0
701,'5429',710,,7516,14,,,0,27,,7517,17,0,5,0,99,,7518,14,,,0,96,,7519,17,0,5,0,74,,7522,14,,,0,30,,7520,14,,,0,66,,7521,17,0,5,0,34,,7529,14,,,0,66,,7524,17,0,5,0,29,,7523,14,,,0,71,,7526,17,0,5,0,29,,7536,14,,,0,71,,7528,17,0,5,0,29,,7532,14,,,0,71,,7527,17,0,5,0,29,,7525,14,,,0,71,,7531,17,0,5,0,29,,7535,14,,,0,71,,7530,17,0,5,0,29,,7537,14,,,0,71,,7533,17,0,5,0,29,,7539,14,,,0,101,,7534,17,0,5,0,99,,7542,14,,,0,104,,7538,17,0,5,0,96,,7540,14,,,0,102,,7541,17,0,5,0
901,'4528',708,,6037,9,,,0,116,,6042,9,,,0,114,,6047,9,,,0,115,,6052,9,,,0,371,,6066,9,,,0
901,'4532',637,,6173,9,,,0,100,,6156,9,,,0,201,,6135,9,,,0,115,,6166,9,,,0,156,,6143,9,,,0,130,,6145,9,,,0,70,,6146,9,,,0,14,,6171,9,,,0,30,,6168,9,,,0,70,,6170,9,,,0,30,,6165,9,,,0,55,,6153,9,,,0,100,,6147,9,,,0
901,'5221',907,,6107,9,,,0
901,'5425',707,,6100,9,,,0,30,,6103,9,,,0,70,,6101,9,,,0,30,,6102,9,,,0,100,,6104,9,,,0,70,,6106,9,,,0,30,,6105,9,,,0,70,,6110,9,,,0,30,,6108,9,,,0,70,,6109,9,,,0,30,,6114,9,,,0,70,,6112,9,,,0,30,,6115,9,,,0,70,,6111,9,,,0,30,,6113,9,,,0,71,,6127,9,,,0,30,,6117,9,,,0,70,,6118,9,,,0,29,,6116,9,,,0,70,,6119,9,,,0,30,,6120,9,,,0,70,,6132,9,,,0,30,,6124,9,,,0,70,,6121,9,,,0,30,,6123,9,,,0,70,,6122,9,,,0,30,,6125,9,,,0,70,,6131,9,,,0,30,,6126,9,,,0,70,,6128,9,,,0,30,,6129,9,,,0,70,,6130,9,,,0,30,,6133,9,,,0
901,'5426',607,,6035,9,,,0,30,,6036,9,,,0,86,,6038,9,,,0,15,,6039,9,,,0,16,,6040,9,,,0,55,,6041,9,,,0,31,,6043,9,,,0,13,,6044,9,,,0,55,,6045,9,,,0,15,,6046,9,,,0,30,,6048,9,,,0,55,,6049,9,,,0,15,,6050,9,,,0,15,,6051,9,,,0,71,,6053,9,,,0,15,,6054,9,,,0,15,,6055,9,,,0,15,,6056,9,,,0,55,,6057,9,,,0,15,,6058,9,,,0,14,,6059,9,,,0,16,,6060,9,,,0,55,,6061,9,,,0,15,,6062,9,,,0,15,,6063,9,,,0,15,,6064,9,,,0,54,,6065,9,,,0,30,,6067,9,,,0,15,,6068,9,,,0,56,,6069,9,,,0,15,,6070,9,,,0,16,,6071,9,,,0,14,,6072,9,,,0,55,,6073,9,,,0,16,,6074,9,,,0,15,,6075,9,,,0,15,,6076,9,,,0,55,,6077,9,,,0,14,,6078,9,,,0,15,,6079,9,,,0,15,,6080,9,,,0,54,,6081,9,,,0,15,,6082,9,,,0,15,,6083,9,,,0,15,,6084,9,,,0,54,,6085,9,,,0,15,,6086,9,,,0,16,,6087,9,,,0,14,,6088,9,,,0,55,,6089,9,,,0,20,,6090,9,,,0,20,,6091,9,,,0,74,,6092,9,,,0,30,,6093,9,,,0,66,,6094,9,,,0,33,,6095,9,,,0,67,,6096,9,,,0,33,,6097,9,,,0,67,,6098,9,,,0,30,,6099,9,,,0
901,'5427',607,,7664,9,,,0,30,,7665,9,,,0,86,,7666,9,,,0,15,,7667,9,,,0,16,,7668,9,,,0,55,,7669,9,,,0,31,,7670,9,,,0,13,,7671,9,,,0,55,,7672,9,,,0,15,,7673,9,,,0,30,,7674,9,,,0,55,,7675,9,,,0,15,,7676,9,,,0,15,,7677,9,,,0,71,,7678,9,,,0,15,,7679,9,,,0,15,,7680,9,,,0,15,,7681,9,,,0,55,,7682,9,,,0,15,,7683,9,,,0,14,,7684,9,,,0,16,,7685,9,,,0,55,,7686,9,,,0,15,,7687,9,,,0,15,,7688,9,,,0,15,,7689,9,,,0,54,,7690,9,,,0,30,,7691,9,,,0,15,,7692,9,,,0,56,,7693,9,,,0,15,,7694,9,,,0,16,,7695,9,,,0,14,,7696,9,,,0,55,,7697,9,,,0,16,,7698,9,,,0,15,,7699,9,,,0,15,,7700,9,,,0,55,,7701,9,,,0,14,,7702,9,,,0,15,,7703,9,,,0,15,,7704,9,,,0,54,,7705,9,,,0,15,,7706,9,,,0,15,,7707,9,,,0,15,,7708,9,,,0,54,,7709,9,,,0,15,,7710,9,,,0,16,,7711,9,,,0,14,,7712,9,,,0,55,,7713,9,,,0,20,,7714,9,,,0,20,,7715,9,,,0,74,,7716,9,,,0,30,,7717,9,,,0,66,,7718,9,,,0,33,,7719,9,,,0,67,,7720,9,,,0,33,,7721,9,,,0,67,,7722,9,,,0,30,,7723,9,,,0
901,'5428',607,,7750,9,,,0,100,,7743,9,,,0,100,,7724,9,,,0,30,,7727,9,,,0,71,,7725,9,,,0,100,,7726,9,,,0,30,,7728,9,,,0,70,,7729,9,,,0,15,,7747,9,,,0,15,,7731,9,,,0,101,,7732,9,,,0,70,,7730,9,,,0,129,,7733,9,,,0,70,,7735,9,,,0,30,,7737,9,,,0,85,,7748,9,,,0,15,,7734,9,,,0,15,,7749,9,,,0,85,,7736,9,,,0,75,,7738,9,,,0,40,,7745,9,,,0,70,,7740,9,,,0,100,,7741,9,,,0,100,,7742,9,,,0,100,,7739,9,,,0,105,,7744,9,,,0,104,,7746,9,,,0,105,,7751,9,,,0
901,'5429',707,,7752,9,,,0,30,,7755,9,,,0,70,,7753,9,,,0,30,,7754,9,,,0,100,,7756,9,,,0,70,,7758,9,,,0,30,,7757,9,,,0,70,,7761,9,,,0,30,,7759,9,,,0,70,,7760,9,,,0,30,,7765,9,,,0,70,,7763,9,,,0,30,,7766,9,,,0,70,,7762,9,,,0,30,,7764,9,,,0,71,,7778,9,,,0,30,,7768,9,,,0,70,,7769,9,,,0,29,,7767,9,,,0,70,,7770,9,,,0,30,,7771,9,,,0,70,,7783,9,,,0,30,,7775,9,,,0,70,,7772,9,,,0,30,,7774,9,,,0,70,,7773,9,,,0,30,,7776,9,,,0,70,,7782,9,,,0,30,,7777,9,,,0,70,,7779,9,,,0,30,,7780,9,,,0,70,,7781,9,,,0,30,,7784,9,,,0
1600,'4528',709,,6335,32,,,0
