700,'5425',739,,5706,21,,,0,67,,5707,21,,,0,100,,5708,21,,,0,97,,5709,21,,,0,33,,5711,21,,,0,70,,5710,21,,,0,27,,5713,21,,,0,73,,5719,21,,,0,28,,5714,21,,,0,69,,5712,21,,,0,32,,5715,21,,,0,68,,5726,21,,,0,32,,5717,21,,,0,70,,5721,21,,,0,31,,5716,21,,,0,69,,5718,21,,,0,31,,5720,21,,,0,67,,5724,21,,,0,32,,5722,21,,,0,67,,5727,21,,,0,31,,5723,21,,,0,68,,5729,21,,,0,101,,5725,21,,,0,99,,5731,21,,,0,103,,5728,21,,,0,55,,5730,21,,,0,100,,5732,21,,,0
700,'5426',626,,5651,21,,,0,18,,5652,21,,,0,57,,5653,21,,,0,14,,5654,21,,,0,16,,5655,21,,,0,17,,5656,21,,,0,57,,5657,21,,,0,21,,5658,21,,,0,11,,5659,21,,,0,18,,5660,21,,,0,51,,5661,21,,,0,15,,5662,21,,,0,13,,5663,21,,,0,17,,5664,21,,,0,54,,5680,21,,,0,17,,5665,21,,,0,13,,5705,21,,,0,17,,5666,21,,,0,70,,5667,21,,,0,33,,5668,21,,,0,68,,5669,21,,,0,32,,5670,21,,,0,68,,5671,21,,,0,32,,5672,21,,,0,70,,5673,21,,,0,34,,5674,21,,,0,51,,5675,21,,,0,15,,5676,21,,,0,17,,5677,21,,,0,14,,5678,21,,,0,56,,5679,21,,,0,13,,5681,21,,,0,17,,5684,21,,,0,11,,5696,21,,,0,59,,5685,21,,,0,11,,5682,21,,,0,18,,5686,21,,,0,11,,5697,21,,,0,58,,5687,21,,,0,10,,5683,21,,,0,16,,5688,21,,,0,13,,5699,21,,,0,72,,5689,21,,,0,27,,5698,21,,,0,73,,5690,21,,,0,26,,5701,21,,,0,72,,5691,21,,,0,28,,5700,21,,,0,70,,5692,21,,,0,28,,5702,21,,,0,70,,5693,21,,,0,27,,5703,21,,,0,73,,5694,21,,,0,31,,5704,21,,,0,70,,5695,21,,,0
700,'5427',626,,7299,21,,,0,18,,7300,21,,,0,57,,7301,21,,,0,14,,7302,21,,,0,16,,7303,21,,,0,17,,7304,21,,,0,57,,7305,21,,,0,21,,7306,21,,,0,11,,7307,21,,,0,18,,7308,21,,,0,51,,7309,21,,,0,15,,7310,21,,,0,13,,7311,21,,,0,17,,7312,21,,,0,54,,7328,21,,,0,17,,7313,21,,,0,13,,7353,21,,,0,17,,7314,21,,,0,70,,7315,21,,,0,33,,7316,21,,,0,68,,7317,21,,,0,32,,7318,21,,,0,68,,7319,21,,,0,32,,7320,21,,,0,70,,7321,21,,,0,34,,7322,21,,,0,51,,7323,21,,,0,15,,7324,21,,,0,17,,7325,21,,,0,14,,7326,21,,,0,56,,7327,21,,,0,13,,7329,21,,,0,17,,7332,21,,,0,11,,7344,21,,,0,59,,7333,21,,,0,11,,7330,21,,,0,18,,7334,21,,,0,11,,7345,21,,,0,58,,7335,21,,,0,10,,7331,21,,,0,16,,7336,21,,,0,13,,7347,21,,,0,72,,7337,21,,,0,27,,7346,21,,,0,73,,7338,21,,,0,26,,7349,21,,,0,72,,7339,21,,,0,28,,7348,21,,,0,70,,7340,21,,,0,28,,7350,21,,,0,70,,7341,21,,,0,27,,7351,21,,,0,73,,7342,21,,,0,31,,7352,21,,,0,70,,7343,21,,,0
700,'5428',654,,7393,21,,,0,70,,7391,21,,,0,31,,7379,21,,,0,70,,7354,21,,,0,31,,7355,21,,,0,71,,7357,21,,,0,29,,7356,21,,,0,71,,7363,21,,,0,31,,7368,21,,,0,54,,7383,21,,,0,16,,7369,21,,,0,15,,7384,21,,,0,63,,7371,21,,,0,33,,7366,21,,,0,68,,7372,21,,,0,30,,7365,21,,,0,72,,7373,21,,,0,28,,7367,21,,,0,70,,7385,21,,,0,13,,7374,21,,,0,14,,7386,21,,,0,16,,7375,21,,,0,54,,7389,21,,,0,15,,7364,21,,,0,16,,7388,21,,,0,14,,7376,21,,,0,55,,7387,21,,,0,24,,7370,21,,,0,29,,7377,21,,,0,70,,7358,21,,,0,76,,7359,21,,,0,32,,7360,21,,,0,76,,7381,21,,,0,34,,7380,21,,,0,105,,7361,21,,,0,96,,7362,21,,,0,100,,7378,21,,,0,97,,7382,21,,,0,66,,7390,21,,,0,29,,7392,21,,,0
700,'5429',739,,7394,21,,,0,67,,7395,21,,,0,100,,7396,21,,,0,97,,7397,21,,,0,33,,7399,21,,,0,70,,7398,21,,,0,27,,7401,21,,,0,73,,7407,21,,,0,28,,7402,21,,,0,69,,7400,21,,,0,32,,7403,21,,,0,68,,7414,21,,,0,32,,7405,21,,,0,70,,7409,21,,,0,31,,7404,21,,,0,69,,7406,21,,,0,31,,7408,21,,,0,67,,7412,21,,,0,32,,7410,21,,,0,67,,7415,21,,,0,31,,7411,21,,,0,68,,7417,21,,,0,101,,7413,21,,,0,99,,7419,21,,,0,103,,7416,21,,,0,55,,7418,21,,,0,100,,7420,21,,,0
900,'4528',745,,5898,28,,,0,156,,5903,28,,,0,114,,5908,28,,,0,116,,5913,28,,,0,375,,5927,28,,,0
900,'4532',708,,6034,28,,,0,103,,5995,28,,,0,205,,5999,28,,,0,113,,6026,28,,,0,117,,6004,28,,,0,173,,6006,28,,,0,30,,6007,28,,,0,52,,6024,28,,,0,30,,6028,28,,,0,70,,6025,28,,,0,30,,6027,28,,,0,15,,6012,28,,,0,100,,6014,28,,,0
900,'5221',939,,5965,28,,,0
900,'5425',738,,5960,28,,,0,70,,5962,28,,,0,31,,5961,28,,,0,70,,5963,28,,,0,101,,5964,28,,,0,31,,5966,28,,,0,70,,5968,28,,,0,30,,5969,28,,,0,71,,5967,28,,,0,30,,5970,28,,,0,71,,5971,28,,,0,30,,5974,28,,,0,71,,5973,28,,,0,30,,5975,28,,,0,70,,5972,28,,,0,31,,5986,28,,,0,70,,5976,28,,,0,30,,5978,28,,,0,69,,5977,28,,,0,30,,5979,28,,,0,70,,5980,28,,,0,30,,5991,28,,,0,70,,5985,28,,,0,29,,5981,28,,,0,68,,5982,28,,,0,30,,5983,28,,,0,70,,5984,28,,,0,29,,5990,28,,,0,70,,5987,28,,,0,29,,5988,28,,,0,68,,5989,28,,,0,30,,5992,28,,,0,70,,5993,28,,,0
900,'5426',640,,5896,28,,,0,72,,5897,28,,,0,89,,5899,28,,,0,16,,5900,28,,,0,17,,5901,28,,,0,14,,5902,28,,,0,69,,5904,28,,,0,13,,5905,28,,,0,15,,5906,28,,,0,55,,5907,28,,,0,30,,5909,28,,,0,15,,5910,28,,,0,55,,5911,28,,,0,15,,5912,28,,,0,32,,5914,28,,,0,55,,5915,28,,,0,15,,5916,28,,,0,15,,5917,28,,,0,16,,5918,28,,,0,54,,5919,28,,,0,15,,5920,28,,,0,16,,5921,28,,,0,15,,5922,28,,,0,55,,5923,28,,,0,15,,5924,28,,,0,15,,5925,28,,,0,14,,5926,28,,,0,73,,5928,28,,,0,15,,5929,28,,,0,17,,5930,28,,,0,55,,5931,28,,,0,16,,5932,28,,,0,14,,5933,28,,,0,15,,5934,28,,,0,57,,5935,28,,,0,15,,5936,28,,,0,13,,5937,28,,,0,13,,5938,28,,,0,53,,5939,28,,,0,15,,5940,28,,,0,13,,5941,28,,,0,12,,5942,28,,,0,15,,5943,28,,,0,55,,5944,28,,,0,15,,5945,28,,,0,14,,5946,28,,,0,15,,5947,28,,,0,56,,5948,28,,,0,14,,5949,28,,,0,15,,5950,28,,,0,60,,5951,28,,,0,20,,5952,28,,,0,34,,5953,28,,,0,70,,5954,28,,,0,23,,5955,28,,,0,73,,5956,28,,,0,25,,5957,28,,,0,71,,5958,28,,,0,25,,5959,28,,,0,70,,5895,28,,,0
900,'5427',640,,7544,28,,,0,72,,7545,28,,,0,89,,7546,28,,,0,16,,7547,28,,,0,17,,7548,28,,,0,14,,7549,28,,,0,69,,7550,28,,,0,13,,7551,28,,,0,15,,7552,28,,,0,55,,7553,28,,,0,30,,7554,28,,,0,15,,7555,28,,,0,55,,7556,28,,,0,15,,7557,28,,,0,32,,7558,28,,,0,55,,7559,28,,,0,15,,7560,28,,,0,15,,7561,28,,,0,16,,7562,28,,,0,54,,7563,28,,,0,15,,7564,28,,,0,16,,7565,28,,,0,15,,7566,28,,,0,55,,7567,28,,,0,15,,7568,28,,,0,15,,7569,28,,,0,14,,7570,28,,,0,73,,7571,28,,,0,15,,7572,28,,,0,17,,7573,28,,,0,55,,7574,28,,,0,16,,7575,28,,,0,14,,7576,28,,,0,15,,7577,28,,,0,57,,7578,28,,,0,15,,7579,28,,,0,13,,7580,28,,,0,13,,7581,28,,,0,53,,7582,28,,,0,15,,7583,28,,,0,13,,7584,28,,,0,12,,7585,28,,,0,15,,7586,28,,,0,55,,7587,28,,,0,15,,7588,28,,,0,14,,7589,28,,,0,15,,7590,28,,,0,56,,7591,28,,,0,14,,7592,28,,,0,15,,7593,28,,,0,60,,7594,28,,,0,20,,7595,28,,,0,34,,7596,28,,,0,70,,7597,28,,,0,23,,7598,28,,,0,73,,7599,28,,,0,25,,7600,28,,,0,71,,7601,28,,,0,25,,7602,28,,,0,70,,7543,28,,,0
900,'5428',638,,7630,28,,,0,103,,7624,28,,,0,101,,7604,28,,,0,70,,7605,28,,,0,32,,7603,28,,,0,101,,7608,28,,,0,69,,7606,28,,,0,30,,7609,28,,,0,15,,7627,28,,,0,55,,7607,28,,,0,103,,7611,28,,,0,30,,7610,28,,,0,169,,7613,28,,,0,30,,7614,28,,,0,70,,7612,28,,,0,85,,7628,28,,,0,15,,7616,28,,,0,15,,7626,28,,,0,85,,7615,28,,,0,35,,7618,28,,,0,79,,7622,28,,,0,70,,7619,28,,,0,100,,7620,28,,,0,100,,7617,28,,,0,59,,7621,28,,,0,141,,7623,28,,,0,102,,7625,28,,,0,103,,7629,28,,,0
900,'5429',738,,7631,28,,,0,70,,7633,28,,,0,31,,7632,28,,,0,70,,7634,28,,,0,101,,7635,28,,,0,31,,7636,28,,,0,70,,7638,28,,,0,30,,7639,28,,,0,71,,7637,28,,,0,30,,7640,28,,,0,71,,7641,28,,,0,30,,7644,28,,,0,71,,7643,28,,,0,30,,7645,28,,,0,70,,7642,28,,,0,31,,7656,28,,,0,70,,7646,28,,,0,30,,7648,28,,,0,69,,7647,28,,,0,30,,7649,28,,,0,70,,7650,28,,,0,30,,7661,28,,,0,70,,7655,28,,,0,29,,7651,28,,,0,68,,7652,28,,,0,30,,7653,28,,,0,70,,7654,28,,,0,29,,7660,28,,,0,70,,7657,28,,,0,29,,7658,28,,,0,68,,7659,28,,,0,30,,7662,28,,,0,70,,7663,28,,,0
