1700,'4528',713,,6418,27,,,0
1700,'5425',904,,6426,27,,,0,100,,6427,27,,,0,198,,6429,26,,,0
1700,'5426',647,,6410,27,,,0,166,,6416,27,,,0,89,,6422,27,,,0,99,,6409,27,,,0,100,,6413,27,,,0,100,,6408,27,,,0,727,,6423,27,,,0
1700,'5427',647,,7900,27,,,0,166,,7906,27,,,0,89,,7911,27,,,0,99,,7899,27,,,0,100,,7903,27,,,0,100,,7898,27,,,0,727,,7912,27,,,0
1700,'5428',756,,7915,27,,,0,103,,7916,27,,,0,90,,7917,27,,,0,171,,7918,27,,,0
1700,'5429',904,,7929,27,,,0,100,,7930,27,,,0,198,,7932,26,,,0
1701,'5425',1559,,6471,39,0,13 14,0,200,,6473,39,0,15 1 16,0,100,,6475,39,0,13 14,0,170,,6476,39,0,13 14,0
1701,'5426',1230,,6452,39,0,15 1 16,0,102,,6455,39,0,15 1 16,0,111,,6457,39,0,15 1 16,0,93,,6460,39,0,15 1 16,0,108,,6465,39,0,15 1 16,0,98,,6461,39,0,15 1 16,0,104,,6464,39,0,15 1 16,0,159,,6462,39,0,13 14,0,98,,6456,39,0,13 14,0,115,,6453,39,0,13 14,0,114,,6466,39,0,13 14,0
1701,'5427',1230,,7941,39,0,15 1 16,0,102,,7944,39,0,15 1 16,0,111,,7946,39,0,15 1 16,0,93,,7948,39,0,15 1 16,0,108,,7953,39,0,15 1 16,0,98,,7949,39,0,15 1 16,0,104,,7952,39,0,15 1 16,0,159,,7950,39,0,13 14,0,98,,7945,39,0,13 14,0,115,,7942,39,0,13 14,0,114,,7954,39,0,13 14,0
1701,'5428',1229,,7960,39,0,15 1 16,0,100,,7961,39,0,15 1 16,0,130,,7958,39,0,15 1 16,0,170,,7962,39,0,15 1 16,0,105,,7963,39,0,15 1 16,0,99,,7965,39,0,13 14,0,105,,7966,39,0,13 14,0,105,,7967,39,0,13 14,0,110,,7964,39,0,13 14,0,159,,7968,39,0,13 14,0
1701,'5429',1559,,7973,39,0,13 14,0,200,,7975,39,0,15 1 16,0,100,,7977,39,0,13 14,0,170,,7978,39,0,13 14,0
