300,'4327',809,,3100,23,,,0,93,,3102,23,,,0,100,,3101,23,,,0,101,,3107,23,,,0,103,,3103,23,,,0,100,,3109,23,,,0,100,,3104,23,,,0,100,,3105,23,,,0,100,,3110,23,,,0,100,,3106,23,,,0,97,,3112,23,,,0,98,,3108,23,,,0,106,,3111,23,,,0,99,,3113,23,,,0,100,,3114,23,0,17 18 19,0
300,'4795',633,,426,23,,,0,22,,413,23,,,0,60,,406,23,,,0,9,,2351,23,,,0,16,,401,23,,,0,19,,429,23,,,0,58,,415,23,,,0,15,,418,23,,,0,19,,419,23,,,0,59,,411,23,,,0,31,,412,23,,,0,70,,414,23,,,0,31,,436,23,,,0,70,,421,23,,,0,30,,409,23,,,0,71,,423,23,,,0,30,,435,23,,,0,70,,397,23,,,0,31,,420,23,,,0,71,,398,23,,,0,33,,430,23,,,0,55,,408,23,,,0,15,,416,23,,,0,10,,1940,23,,,0,4,,439,23,,,0,15,,400,23,,,0,12,,399,23,,,0,55,,427,23,,,0,15,,403,23,,,0,15,,405,23,,,0,15,,434,23,,,0,54,,417,23,,,0,14,,396,23,,,0,14,,402,23,,,0,15,,425,23,,,0,55,,404,23,,,0,28,,433,23,,,0,69,,424,23,,,0,30,,438,23,,,0,70,,422,23,,,0,99,,1939,23,,,0,99,,428,23,,,0,100,,431,23,,,0,96,,395,23,0,17 18 19,0
300,'4800',723,,441,23,,,0,30,,2367,23,,,0,77,,442,23,,,0,76,,445,23,,,0,30,,446,23,,,0,71,,444,23,,,0,30,,443,23,,,0,70,,2368,23,,,0,30,,448,23,,,0,70,,450,23,,,0,31,,449,23,,,0,70,,453,23,,,0,30,,454,23,,,0,70,,2369,23,,,0,30,,456,23,,,0,71,,457,23,,,0,30,,455,23,,,0,70,,459,23,,,0,30,,451,23,,,0,69,,460,23,,,0,30,,458,23,,,0,70,,462,23,,,0,35,,463,23,,,0,64,,464,23,,,0,45,,2370,23,,,0,105,,467,23,,,0,145,,468,23,,,0,103,,461,23,,,0,98,,466,23,,,0
300,'5102',633,,3146,23,,,0,22,,3133,23,,,0,60,,3126,23,,,0,9,,3127,23,,,0,16,,3121,23,,,0,19,,3149,23,,,0,58,,3135,23,,,0,15,,3138,23,,,0,19,,3139,23,,,0,59,,3131,23,,,0,31,,3132,23,,,0,70,,3134,23,,,0,31,,3156,23,,,0,70,,3141,23,,,0,30,,3129,23,,,0,71,,3143,23,,,0,30,,3155,23,,,0,70,,3117,23,,,0,31,,3140,23,,,0,71,,3118,23,,,0,33,,3150,23,,,0,55,,3128,23,,,0,15,,3136,23,,,0,10,,3157,23,,,0,4,,3159,23,,,0,15,,3120,23,,,0,12,,3119,23,,,0,55,,3147,23,,,0,15,,3123,23,,,0,15,,3125,23,,,0,15,,3154,23,,,0,54,,3137,23,,,0,14,,3116,23,,,0,14,,3122,23,,,0,15,,3145,23,,,0,55,,3124,23,,,0,28,,3153,23,,,0,69,,3144,23,,,0,30,,3158,23,,,0,70,,3142,23,,,0,99,,3152,23,,,0,99,,3148,23,,,0,100,,3151,23,,,0,96,,3115,23,0,17 18 19,0
300,'5105',723,,3161,23,,,0,30,,3160,23,,,0,77,,3162,23,,,0,76,,3165,23,,,0,30,,3166,23,,,0,71,,3164,23,,,0,30,,3163,23,,,0,70,,3167,23,,,0,30,,3168,23,,,0,70,,3170,23,,,0,31,,3169,23,,,0,70,,3173,23,,,0,30,,3174,23,,,0,70,,3172,23,,,0,30,,3176,23,,,0,71,,3177,23,,,0,30,,3175,23,,,0,70,,3179,23,,,0,30,,3171,23,,,0,69,,3180,23,,,0,30,,3178,23,,,0,70,,3182,23,,,0,35,,3183,23,,,0,64,,3184,23,,,0,45,,3185,23,,,0,105,,3187,23,,,0,145,,3188,23,,,0,103,,3181,23,,,0,98,,3186,23,,,0
1400,'4795',826,,1517,56,0,7 8 2 9 2 10,0
1400,'5102',826,,4223,56,0,7 8 2 9 2 10,0
8100,'4795',819,,1842,66,,,0
8100,'5102',819,,4548,66,,,0
8101,'5095',1529,,1843,28,,,0
8101,'5097',1418,,1844,28,,,0
8101,'5103',1529,,4549,28,,,0
8101,'5104',1418,,4550,28,,,0
