301,'4528',800,,5291,14,,,0,110,,5290,14,,,0,402,,5297,14,,,0,230,,5275,14,,,0,115,,5285,14,,,0,155,,5299,14,,,0
301,'4532',1310,,5333,14,,,0,130,,5332,14,,,0,100,,5338,14,,,0,100,,5342,14,,,0
301,'5221',1537,,5315,14,,,0,298,,5314,14,,,0,106,,5316,14,,,0
301,'5425',836,,5306,14,,,0,100,,5307,14,,,0,101,,5312,14,,,0,103,,5308,14,,,0,97,,5313,14,,,0,100,,5309,14,,,0,100,,5310,14,,,0,200,,5311,14,,,0,98,,5317,14,,,0,305,,5318,14,,,0,100,,5319,14,,,0
301,'5426',656,,5280,14,,,0,71,,5273,14,,,0,17,,5281,14,,,0,76,,5276,14,,,0,20,,5282,14,,,0,100,,5287,14,,,0,71,,5304,14,,,0,30,,5270,14,,,0,70,,5268,14,,,0,30,,5292,14,,,0,70,,5277,14,,,0,30,,5303,14,,,0,101,,5296,14,,,0,70,,5302,14,,,0,30,,5300,14,,,0,70,,5298,14,,,0,15,,5294,14,,,0,30,,5274,14,,,0,55,,5271,14,,,0,15,,5301,14,,,0,15,,5272,14,,,0,70,,5284,14,,,0,15,,5278,14,,,0,15,,5279,14,,,0,99,,5289,14,,,0,70,,5305,14,,,0,30,,5269,14,,,0,99,,5295,14,,,0,100,,5286,14,,,0,100,,5293,14,,,0,98,,5267,14,,,0
301,'5427',656,,6951,14,,,0,71,,6945,14,,,0,17,,6952,14,,,0,76,,6947,14,,,0,20,,6953,14,,,0,100,,6957,14,,,0,71,,6969,14,,,0,30,,6942,14,,,0,70,,6940,14,,,0,30,,6959,14,,,0,70,,6948,14,,,0,30,,6968,14,,,0,101,,6963,14,,,0,70,,6967,14,,,0,30,,6965,14,,,0,70,,6964,14,,,0,15,,6961,14,,,0,30,,6946,14,,,0,55,,6943,14,,,0,15,,6966,14,,,0,15,,6944,14,,,0,70,,6955,14,,,0,15,,6949,14,,,0,15,,6950,14,,,0,99,,6958,14,,,0,70,,6970,14,,,0,30,,6941,14,,,0,99,,6962,14,,,0,100,,6956,14,,,0,100,,6960,14,,,0,98,,6939,14,,,0
301,'5428',839,,6973,14,,,0,70,,6975,14,,,0,31,,6980,14,,,0,70,,6978,14,,,0,30,,6977,14,,,0,70,,6976,14,,,0,30,,6979,14,,,0,70,,6972,14,,,0,30,,6981,14,,,0,100,,6982,14,,,0,70,,6983,14,,,0,100,,6984,14,,,0,100,,6986,14,,,0,100,,6985,14,,,0,30,,6990,14,,,0,75,,6987,14,,,0,25,,6988,14,,,0,85,,6989,14,,,0,105,,6991,14,,,0,105,,6992,14,,,0,104,,6993,14,,,0,100,,6994,14,,,0
301,'5429',836,,6995,14,,,0,100,,6996,14,,,0,101,,7001,14,,,0,103,,6997,14,,,0,97,,7002,14,,,0,100,,6998,14,,,0,100,,6999,14,,,0,200,,7000,14,,,0,98,,7003,14,,,0,305,,7004,14,,,0,100,,7005,14,,,0
1301,'4528',806,,6241,3,,,0,108,,6244,3,,,0,100,,6243,3,,,0,100,,6242,3,,,0,210,,6240,3,,,0,103,,6245,3,,,0,108,,6246,3,,,0,108,,6247,3,,,0,108,,6248,3,,,0,105,,6249,3,,,0
1301,'4532',811,,6254,3,,,0,105,,6255,3,,,0,100,,6259,3,,,0,100,,6253,3,,,0,195,,6257,3,,,0,145,,6256,3,,,0,100,,6260,3,,,0,100,,6261,3,,,0,100,,6262,3,,,0,100,,6258,3,,,0,100,,6263,3,,,0
1301,'5221',1716,,6251,3,,,0
1301,'5425',1121,,6252,3,,,0,325,,6250,3,,,0
1301,'5429',1121,,7799,3,,,0,325,,7798,3,,,0
1401,'4528',601,,6304,3,,,0,30,,6305,3,,,0,195,,6302,3,,,0,390,,6306,3,,,0,216,,6301,3,,,0,115,,6308,3,,,0,80,,6307,3,,,0,75,,6309,3,,,0,39,,6310,3,,,0,260,,6311,3,,,0,30,,6312,3,,,0
1401,'4532',1217,,6322,3,,,0,205,,6321,3,,,0,210,,6325,3,,,0
1401,'5221',1316,,6316,3,,,0
1401,'5425',851,,6314,3,,,0,200,,6313,3,,,0,170,,6318,3,,,0,195,,6315,3,,,0,130,,6317,3,,,0,265,,6319,3,,,0
1401,'5426',716,,6297,3,,,0,26,,6299,3,,,0,175,,6300,3,,,0,114,,6298,3,,,0,815,,6303,3,,,0
1401,'5427',716,,7818,3,,,0,26,,7820,3,,,0,175,,7821,3,,,0,114,,7819,3,,,0,815,,7822,3,,,0
1401,'5428',746,,7823,3,,,0,175,,7825,3,,,0,95,,7828,3,,,0,101,,7826,3,,,0,200,,7829,3,,,0,524,,7824,3,,,0,100,,7827,3,,,0
1401,'5429',851,,7831,3,,,0,200,,7830,3,,,0,170,,7834,3,,,0,195,,7832,3,,,0,130,,7833,3,,,0,265,,7835,3,,,0
