700,'5425',810,,5707,25,,,0,197,,5709,25,,,0,130,,5713,25,,,0,101,,5714,25,,,0,101,,5715,25,,,0,100,,5717,25,,,0,101,,5716,25,,,0,101,,5720,25,,,0,99,,5722,25,,,0,97,,5723,25,,,0,169,,5725,25,,,0,202,,5728,25,,,0,194,,5732,25,,,0
700,'5426',630,,5651,25,,,0,75,,5653,25,,,0,30,,5655,25,,,0,17,,5656,25,,,0,78,,5658,25,,,0,29,,5660,25,,,0,66,,5662,25,,,0,30,,5664,25,,,0,71,,5665,25,,,0,30,,5666,25,,,0,103,,5668,25,,,0,141,,5670,25,,,0,100,,5672,25,,,0,104,,5674,25,,,0,43,,5677,25,,,0,70,,5679,25,,,0,30,,5684,25,,,0,70,,5685,25,,,0,29,,5686,25,,,0,68,,5687,25,,,0,26,,5688,25,,,0,85,,5689,25,,,0,100,,5690,25,,,0,98,,5691,25,,,0,98,,5692,25,,,0,98,,5693,25,,,0,99,,5694,25,,,0,101,,5695,25,,,0
700,'5427',630,,7299,25,,,0,75,,7301,25,,,0,30,,7303,25,,,0,17,,7304,25,,,0,78,,7306,25,,,0,29,,7308,25,,,0,66,,7310,25,,,0,30,,7312,25,,,0,71,,7313,25,,,0,30,,7314,25,,,0,103,,7316,25,,,0,141,,7318,25,,,0,100,,7320,25,,,0,104,,7322,25,,,0,43,,7325,25,,,0,70,,7327,25,,,0,30,,7332,25,,,0,70,,7333,25,,,0,29,,7334,25,,,0,68,,7335,25,,,0,26,,7336,25,,,0,85,,7337,25,,,0,100,,7338,25,,,0,98,,7339,25,,,0,98,,7340,25,,,0,98,,7341,25,,,0,99,,7342,25,,,0,101,,7343,25,,,0
700,'5428',658,,7393,25,,,0,101,,7379,25,,,0,172,,7357,25,,,0,171,,7368,25,,,0,30,,7369,25,,,0,111,,7366,25,,,0,170,,7373,25,,,0,98,,7385,25,,,0,43,,7375,25,,,0,85,,7388,25,,,0,93,,7370,25,,,0,175,,7359,25,,,0,108,,7381,25,,,0,235,,7362,25,,,0,263,,7390,25,,,0
700,'5429',810,,7395,25,,,0,197,,7397,25,,,0,130,,7401,25,,,0,101,,7402,25,,,0,101,,7403,25,,,0,100,,7405,25,,,0,101,,7404,25,,,0,101,,7408,25,,,0,99,,7410,25,,,0,97,,7411,25,,,0,169,,7413,25,,,0,202,,7416,25,,,0,194,,7420,25,,,0
900,'4528',751,,5898,32,,,0,154,,5903,32,,,0,115,,5908,32,,,0,117,,5913,32,,,0,375,,5927,32,,,0
900,'4532',713,,6034,32,,,0,103,,5995,32,,,0,205,,5999,32,,,0,113,,6026,32,,,0,117,,6004,32,,,0,173,,6006,32,,,0,30,,6007,32,,,0,52,,6024,32,,,0,30,,6028,32,,,0,70,,6025,32,,,0,30,,6027,32,,,0,15,,6012,32,,,0,100,,6014,32,,,0
900,'5221',944,,5965,32,,,0
900,'5425',743,,5960,32,,,0,70,,5962,32,,,0,31,,5961,32,,,0,70,,5963,32,,,0,101,,5964,32,,,0,31,,5966,32,,,0,70,,5968,32,,,0,30,,5969,32,,,0,71,,5967,32,,,0,30,,5970,32,,,0,71,,5971,32,,,0,30,,5974,32,,,0,71,,5973,32,,,0,30,,5975,32,,,0,70,,5972,32,,,0,31,,5986,32,,,0,70,,5976,32,,,0,30,,5978,32,,,0,69,,5977,32,,,0,30,,5979,32,,,0,69,,5980,32,,,0,30,,5991,32,,,0,70,,5985,32,,,0,29,,5981,32,,,0,68,,5982,32,,,0,30,,5983,32,,,0,70,,5984,32,,,0,29,,5990,32,,,0,70,,5987,32,,,0,29,,5988,32,,,0,68,,5989,32,,,0,30,,5992,32,,,0,70,,5993,32,,,0
900,'5426',645,,5896,32,,,0,72,,5897,32,,,0,90,,5899,32,,,0,17,,5900,32,,,0,17,,5901,32,,,0,13,,5902,32,,,0,67,,5904,32,,,0,14,,5905,32,,,0,15,,5906,32,,,0,55,,5907,32,,,0,30,,5909,32,,,0,15,,5910,32,,,0,55,,5911,32,,,0,16,,5912,32,,,0,32,,5914,32,,,0,55,,5915,32,,,0,15,,5916,32,,,0,15,,5917,32,,,0,16,,5918,32,,,0,54,,5919,32,,,0,15,,5920,32,,,0,16,,5921,32,,,0,15,,5922,32,,,0,55,,5923,32,,,0,15,,5924,32,,,0,15,,5925,32,,,0,14,,5926,32,,,0,73,,5928,32,,,0,15,,5929,32,,,0,17,,5930,32,,,0,55,,5931,32,,,0,16,,5932,32,,,0,14,,5933,32,,,0,15,,5934,32,,,0,57,,5935,32,,,0,15,,5936,32,,,0,12,,5937,32,,,0,13,,5938,32,,,0,53,,5939,32,,,0,15,,5940,32,,,0,13,,5941,32,,,0,12,,5942,32,,,0,55,,5943,32,,,0,15,,5944,32,,,0,15,,5945,32,,,0,14,,5946,32,,,0,55,,5947,32,,,0,16,,5948,32,,,0,14,,5949,32,,,0,15,,5950,32,,,0,60,,5951,32,,,0,20,,5952,32,,,0,73,,5953,32,,,0,30,,5954,32,,,0,23,,5955,32,,,0,73,,5956,32,,,0,25,,5957,32,,,0,71,,5958,32,,,0,25,,5959,32,,,0,70,,5895,32,,,0
900,'5427',645,,7544,32,,,0,72,,7545,32,,,0,90,,7546,32,,,0,17,,7547,32,,,0,17,,7548,32,,,0,13,,7549,32,,,0,67,,7550,32,,,0,14,,7551,32,,,0,15,,7552,32,,,0,55,,7553,32,,,0,30,,7554,32,,,0,15,,7555,32,,,0,55,,7556,32,,,0,16,,7557,32,,,0,32,,7558,32,,,0,55,,7559,32,,,0,15,,7560,32,,,0,15,,7561,32,,,0,16,,7562,32,,,0,54,,7563,32,,,0,15,,7564,32,,,0,16,,7565,32,,,0,15,,7566,32,,,0,55,,7567,32,,,0,15,,7568,32,,,0,15,,7569,32,,,0,14,,7570,32,,,0,73,,7571,32,,,0,15,,7572,32,,,0,17,,7573,32,,,0,55,,7574,32,,,0,16,,7575,32,,,0,14,,7576,32,,,0,15,,7577,32,,,0,57,,7578,32,,,0,15,,7579,32,,,0,12,,7580,32,,,0,13,,7581,32,,,0,53,,7582,32,,,0,15,,7583,32,,,0,13,,7584,32,,,0,12,,7585,32,,,0,55,,7586,32,,,0,15,,7587,32,,,0,15,,7588,32,,,0,14,,7589,32,,,0,55,,7590,32,,,0,16,,7591,32,,,0,14,,7592,32,,,0,15,,7593,32,,,0,60,,7594,32,,,0,20,,7595,32,,,0,73,,7596,32,,,0,30,,7597,32,,,0,23,,7598,32,,,0,73,,7599,32,,,0,25,,7600,32,,,0,71,,7601,32,,,0,25,,7602,32,,,0,70,,7543,32,,,0
900,'5428',643,,7630,32,,,0,103,,7624,32,,,0,101,,7604,32,,,0,70,,7605,32,,,0,32,,7603,32,,,0,101,,7608,32,,,0,69,,7606,32,,,0,30,,7609,32,,,0,55,,7627,32,,,0,15,,7607,32,,,0,103,,7611,32,,,0,30,,7610,32,,,0,169,,7613,32,,,0,30,,7614,32,,,0,70,,7612,32,,,0,85,,7628,32,,,0,15,,7616,32,,,0,15,,7626,32,,,0,85,,7615,32,,,0,35,,7618,32,,,0,79,,7622,32,,,0,70,,7619,32,,,0,100,,7620,32,,,0,100,,7617,32,,,0,98,,7621,32,,,0,101,,7623,32,,,0,102,,7625,32,,,0,103,,7629,32,,,0
900,'5429',743,,7631,32,,,0,70,,7633,32,,,0,31,,7632,32,,,0,70,,7634,32,,,0,101,,7635,32,,,0,31,,7636,32,,,0,70,,7638,32,,,0,30,,7639,32,,,0,71,,7637,32,,,0,30,,7640,32,,,0,71,,7641,32,,,0,30,,7644,32,,,0,71,,7643,32,,,0,30,,7645,32,,,0,70,,7642,32,,,0,31,,7656,32,,,0,70,,7646,32,,,0,30,,7648,32,,,0,69,,7647,32,,,0,30,,7649,32,,,0,69,,7650,32,,,0,30,,7661,32,,,0,70,,7655,32,,,0,29,,7651,32,,,0,68,,7652,32,,,0,30,,7653,32,,,0,70,,7654,32,,,0,29,,7660,32,,,0,70,,7657,32,,,0,29,,7658,32,,,0,68,,7659,32,,,0,30,,7662,32,,,0,70,,7663,32,,,0
