1700,'4528',714,,6418,28,,,0
1700,'5425',905,,6426,28,,,0,100,,6427,28,,,0,198,,6429,27,,,0
1700,'5426',648,,6410,28,,,0,166,,6416,28,,,0,89,,6422,28,,,0,99,,6409,28,,,0,100,,6413,28,,,0,100,,6408,28,,,0,726,,6423,28,,,0
1700,'5427',648,,7900,28,,,0,166,,7906,28,,,0,89,,7911,28,,,0,99,,7899,28,,,0,100,,7903,28,,,0,100,,7898,28,,,0,726,,7912,28,,,0
1700,'5428',756,,7915,28,,,0,103,,7916,28,,,0,90,,7917,28,,,0,172,,7918,28,,,0
1700,'5429',905,,7929,28,,,0,100,,7930,28,,,0,198,,7932,27,,,0
1701,'5425',1559,,6471,40,0,13 14,0,200,,6473,40,0,15 1 16,0,100,,6475,40,0,13 14,0,170,,6476,40,0,13 14,0
1701,'5426',1230,,6452,40,0,15 1 16,0,102,,6455,40,0,15 1 16,0,112,,6457,40,0,15 1 16,0,92,,6460,40,0,15 1 16,0,108,,6465,40,0,15 1 16,0,98,,6461,40,0,15 1 16,0,104,,6464,40,0,15 1 16,0,159,,6462,40,0,13 14,0,98,,6456,40,0,13 14,0,115,,6453,40,0,13 14,0,114,,6466,40,0,13 14,0
1701,'5427',1230,,7941,40,0,15 1 16,0,102,,7944,40,0,15 1 16,0,112,,7946,40,0,15 1 16,0,92,,7948,40,0,15 1 16,0,108,,7953,40,0,15 1 16,0,98,,7949,40,0,15 1 16,0,104,,7952,40,0,15 1 16,0,159,,7950,40,0,13 14,0,98,,7945,40,0,13 14,0,115,,7942,40,0,13 14,0,114,,7954,40,0,13 14,0
1701,'5428',1229,,7960,40,0,15 1 16,0,100,,7961,40,0,15 1 16,0,130,,7958,40,0,15 1 16,0,171,,7962,40,0,15 1 16,0,105,,7963,40,0,15 1 16,0,98,,7965,40,0,13 14,0,105,,7966,40,0,13 14,0,105,,7967,40,0,13 14,0,110,,7964,40,0,13 14,0,159,,7968,40,0,13 14,0
1701,'5429',1559,,7973,40,0,13 14,0,200,,7975,40,0,15 1 16,0,100,,7977,40,0,13 14,0,170,,7978,40,0,13 14,0
