301,'4327',841,,3189,24,,,0,100,,3190,24,,,0,101,,3195,24,,,0,103,,3191,24,,,0,98,,3196,24,,,0,100,,3192,24,,,0,100,,3193,24,,,0,101,,3198,24,,,0,100,,3194,24,,,0,98,,3200,24,,,0,98,,3197,24,,,0,106,,3199,24,,,0,99,,3201,24,,,0,100,,3202,24,,,0
301,'4795',652,,498,24,,,0,49,,2371,24,,,0,32,,490,24,,,0,17,,499,24,,,0,56,,509,24,,,0,20,,493,24,,,0,19,,500,24,,,0,70,,508,24,,,0,30,,505,24,,,0,71,,523,24,,,0,30,,487,24,,,0,70,,484,24,,,0,31,,510,24,,,0,70,,494,24,,,0,30,,522,24,,,0,71,,516,24,,,0,30,,515,24,,,0,72,,521,24,,,0,15,,514,24,,,0,15,,519,24,,,0,50,,1957,24,,,0,20,,517,24,,,0,14,,512,24,,,0,15,,492,24,,,0,55,,491,24,,,0,15,,488,24,,,0,15,,520,24,,,0,15,,489,24,,,0,54,,503,24,,,0,14,,502,24,,,0,15,,495,24,,,0,15,,496,24,,,0,70,,518,24,,,0,29,,507,24,,,0,70,,525,24,,,0,30,,485,24,,,0,99,,1956,24,,,0,100,,504,24,,,0,100,,511,24,,,0,98,,483,24,,,0
301,'4800',844,,527,24,,,0,70,,531,24,,,0,31,,536,24,,,0,70,,533,24,,,0,30,,2387,24,,,0,70,,535,24,,,0,30,,534,24,,,0,71,,530,24,,,0,30,,537,24,,,0,70,,539,24,,,0,30,,2388,24,,,0,70,,541,24,,,0,30,,538,24,,,0,70,,542,24,,,0,30,,544,24,,,0,70,,545,24,,,0,30,,547,24,,,0,70,,543,24,,,0,30,,549,24,,,0,75,,546,24,,,0,24,,550,24,,,0,85,,2389,24,,,0,105,,551,24,,,0,105,,552,24,,,0,104,,553,24,,,0,100,,554,24,,,0
301,'5102',652,,3218,24,,,0,49,,3217,24,,,0,32,,3210,24,,,0,17,,3219,24,,,0,56,,3229,24,,,0,20,,3213,24,,,0,19,,3220,24,,,0,70,,3228,24,,,0,30,,3225,24,,,0,71,,3243,24,,,0,30,,3207,24,,,0,70,,3204,24,,,0,31,,3230,24,,,0,70,,3214,24,,,0,30,,3242,24,,,0,71,,3236,24,,,0,30,,3235,24,,,0,72,,3241,24,,,0,15,,3234,24,,,0,15,,3239,24,,,0,50,,3244,24,,,0,20,,3237,24,,,0,14,,3232,24,,,0,15,,3212,24,,,0,55,,3211,24,,,0,15,,3208,24,,,0,15,,3240,24,,,0,15,,3209,24,,,0,54,,3223,24,,,0,14,,3222,24,,,0,15,,3215,24,,,0,15,,3216,24,,,0,70,,3238,24,,,0,29,,3227,24,,,0,70,,3245,24,,,0,30,,3205,24,,,0,99,,3233,24,,,0,100,,3224,24,,,0,100,,3231,24,,,0,98,,3203,24,,,0
301,'5105',844,,3247,24,,,0,70,,3251,24,,,0,31,,3256,24,,,0,70,,3253,24,,,0,30,,3252,24,,,0,70,,3255,24,,,0,30,,3254,24,,,0,71,,3250,24,,,0,30,,3257,24,,,0,70,,3259,24,,,0,30,,3260,24,,,0,70,,3261,24,,,0,30,,3258,24,,,0,70,,3262,24,,,0,30,,3264,24,,,0,70,,3265,24,,,0,30,,3267,24,,,0,70,,3263,24,,,0,30,,3269,24,,,0,75,,3266,24,,,0,24,,3270,24,,,0,85,,3268,24,,,0,105,,3271,24,,,0,105,,3272,24,,,0,104,,3273,24,,,0,100,,3274,24,,,0
1400,'4795',806,,1517,21,0,7 8 2 9 2 10,0,650,,1519,21,0,9,0
1400,'5102',806,,4223,21,0,7 8 2 9 2 10,0,650,,4225,21,0,9,0
8001,'5095',1452,,1840,5,,,0
8001,'5097',1452,,1841,5,,,0
8001,'5103',1452,,4546,5,,,0
8001,'5104',1452,,4547,5,,,0
8100,'4795',758,,1842,30,,,0
8100,'5102',758,,4548,30,,,0
