100,'4528',603,,4803,10,,,0,30,,4804,18,,,0,72,,4805,18,,,0,30,,4806,18,,,0,74,,4815,18,,,0,15,,4814,18,,,0,15,,4842,18,,,0,99,,4837,18,,,0,81,,4847,18,,,0,223,,4834,18,,,0,70,,4833,18,,,0,192,,4816,18,,,0,106,,4838,18,,,0,15,,4844,18,,,0,114,,4829,18,,,0,83,,4827,18,,,0,119,,4835,18,,,0,97,,4826,18,,,0,100,,4820,18,,,0,100,,4817,18,,,0,98,,4841,18,,,0
100,'4532',940,,4891,18,,,0,101,,4896,18,,,0,102,,4898,18,,,0,100,,4901,18,,,0,100,,4902,18,,,0
100,'5221',731,,4856,18,,,0,100,,4859,18,,,0,203,,4861,18,,,0,101,,4864,18,,,0,102,,4866,18,,,0,370,,4872,18,,,0,99,,4883,18,,,0,100,,4886,18,,,0
100,'5425',712,,4855,18,,,0,89,,4857,18,,,0,100,,4858,18,,,0,31,,4860,18,,,0,72,,4863,18,,,0,100,,4862,18,,,0,103,,4876,18,,,0,100,,4865,18,,,0,30,,4869,18,,,0,70,,4867,18,,,0,30,,4870,18,,,0,71,,4871,18,,,0,30,,4868,18,,,0,99,,4873,18,,,0,99,,4874,18,,,0,103,,4877,18,,,0,65,,4875,18,,,0,30,,4878,18,,,0,70,,4887,18,,,0,29,,4880,18,,,0,70,,4879,18,,,0,29,,4881,18,,,0,69,,4882,18,,,0,30,,4884,18,,,0,70,,4888,18,,,0,37,,4885,18,,,0,62,,4889,18,,,0
100,'5426',752,,4807,18,,,0,101,,4843,18,,,0,55,,4818,18,,,0,15,,4810,18,,,0,35,,4836,18,,,0,81,,4846,18,,,0,71,,4845,18,,,0,30,,4850,18,,,0,72,,4849,18,,,0,130,,4824,18,,,0,70,,4813,18,,,0,32,,4812,18,,,0,79,,4811,18,,,0,18,,4839,18,,,0,15,,4821,18,,,0,84,,4840,18,,,0,15,,4853,18,,,0,54,,4852,18,,,0,15,,4832,18,,,0,28,,4854,18,,,0,55,,4830,18,,,0,30,,4848,18,,,0,20,,4851,18,,,0,59,,4828,18,,,0,92,,4831,18,,,0,100,,4822,18,,,0,100,,4819,18,,,0,99,,4825,18,,,0,97,,4823,18,,,0,29,,4808,18,,,0,70,,4809,18,,,0
100,'5427',752,,6581,18,,,0,101,,6602,18,,,0,55,,6588,18,,,0,15,,6584,18,,,0,35,,6599,18,,,0,81,,6604,18,,,0,71,,6603,18,,,0,30,,6607,18,,,0,72,,6606,18,,,0,130,,6593,18,,,0,70,,6587,18,,,0,32,,6586,18,,,0,79,,6585,18,,,0,18,,6600,18,,,0,15,,6590,18,,,0,84,,6601,18,,,0,15,,6610,18,,,0,54,,6609,18,,,0,15,,6598,18,,,0,28,,6611,18,,,0,55,,6596,18,,,0,30,,6605,18,,,0,20,,6608,18,,,0,59,,6595,18,,,0,92,,6597,18,,,0,100,,6591,18,,,0,100,,6589,18,,,0,99,,6594,18,,,0,97,,6592,18,,,0,29,,6582,18,,,0,70,,6583,18,,,0
100,'5428',642,,6634,18,,,0,9,,6636,18,,,0,70,,6637,18,,,0,30,,6612,18,,,0,66,,6639,18,,,0,20,,6613,18,,,0,15,,6640,18,,,0,57,,6614,18,,,0,16,,6641,18,,,0,86,,6616,18,,,0,100,,6615,18,,,0,102,,6618,18,,,0,100,,6617,18,,,0,100,,6620,18,,,0,31,,6619,18,,,0,70,,6621,18,,,0,30,,6623,18,,,0,69,,6624,18,,,0,13,,6642,18,,,0,15,,6625,18,,,0,15,,6643,18,,,0,55,,6622,18,,,0,15,,6644,18,,,0,15,,6626,18,,,0,15,,6645,18,,,0,55,,6627,18,,,0,15,,6646,18,,,0,15,,6628,18,,,0,70,,6629,18,,,0,45,,6633,18,,,0,99,,6632,18,,,0,104,,6631,18,,,0,144,,6630,18,,,0,103,,6635,18,,,0,98,,6638,18,,,0
100,'5429',712,,6647,18,,,0,89,,6648,18,,,0,100,,6649,18,,,0,31,,6650,18,,,0,72,,6652,18,,,0,100,,6651,18,,,0,103,,6662,18,,,0,100,,6653,18,,,0,30,,6656,18,,,0,70,,6654,18,,,0,30,,6657,18,,,0,71,,6658,18,,,0,30,,6655,18,,,0,99,,6659,18,,,0,99,,6660,18,,,0,103,,6663,18,,,0,65,,6661,18,,,0,30,,6664,18,,,0,70,,6671,18,,,0,29,,6666,18,,,0,70,,6665,18,,,0,29,,6667,18,,,0,69,,6668,18,,,0,30,,6669,18,,,0,70,,6672,18,,,0,37,,6670,18,,,0,62,,6673,18,,,0
1001,'4528',718,,6200,2,,,0,36,,6199,2,,,0,267,,6211,2,,,0,120,,6209,2,,,0,80,,6207,2,,,0,80,,6208,2,,,0,40,,6205,2,,,0,80,,6206,2,,,0,80,,6204,2,,,0,40,,6203,2,,,0,80,,6202,2,,,0,80,,6197,2,,,0,40,,6196,2,,,0,80,,6198,2,,,0,80,,6201,2,,,0
1001,'5426',736,,6194,2,,,0,77,,6195,2,,,0,94,,6210,2,,,0,1214,,6212,2,,,0
1001,'5427',736,,7790,2,,,0,77,,7791,2,,,0,94,,7792,2,,,0,1214,,7793,2,,,0
