1700,'4528',712,,6418,24,,,0
1700,'5425',903,,6426,24,,,0,100,,6427,24,,,0,198,,6429,23,,,0
1700,'5426',646,,6410,24,,,0,165,,6416,24,,,0,90,,6422,24,,,0,99,,6409,24,,,0,100,,6413,24,,,0,100,,6408,24,,,0,727,,6423,24,,,0
1700,'5427',646,,7900,24,,,0,165,,7906,24,,,0,90,,7911,24,,,0,99,,7899,24,,,0,100,,7903,24,,,0,100,,7898,24,,,0,727,,7912,24,,,0
1700,'5428',755,,7915,24,,,0,103,,7916,24,,,0,90,,7917,24,,,0,171,,7918,24,,,0
1700,'5429',903,,7929,24,,,0,100,,7930,24,,,0,198,,7932,23,,,0
1701,'5425',1558,,6471,36,0,13 14,0,200,,6473,36,0,15 1 16,0,100,,6475,36,0,13 14,0,170,,6476,36,0,13 14,0
1701,'5426',1229,,6452,36,0,15 1 16,0,102,,6455,36,0,15 1 16,0,111,,6457,36,0,15 1 16,0,93,,6460,36,0,15 1 16,0,108,,6465,36,0,15 1 16,0,98,,6461,36,0,15 1 16,0,104,,6464,36,0,15 1 16,0,159,,6462,36,0,13 14,0,98,,6456,36,0,13 14,0,115,,6453,36,0,13 14,0,114,,6466,36,0,13 14,0
1701,'5427',1229,,7941,36,0,15 1 16,0,102,,7944,36,0,15 1 16,0,111,,7946,36,0,15 1 16,0,93,,7948,36,0,15 1 16,0,108,,7953,36,0,15 1 16,0,98,,7949,36,0,15 1 16,0,104,,7952,36,0,15 1 16,0,159,,7950,36,0,13 14,0,98,,7945,36,0,13 14,0,115,,7942,36,0,13 14,0,114,,7954,36,0,13 14,0
1701,'5428',1228,,7960,36,0,15 1 16,0,100,,7961,36,0,15 1 16,0,130,,7958,36,0,15 1 16,0,170,,7962,36,0,15 1 16,0,105,,7963,36,0,15 1 16,0,99,,7965,36,0,13 14,0,105,,7966,36,0,13 14,0,105,,7967,36,0,13 14,0,110,,7964,36,0,13 14,0,159,,7968,36,0,13 14,0
1701,'5429',1558,,7973,36,0,13 14,0,200,,7975,36,0,15 1 16,0,100,,7977,36,0,13 14,0,170,,7978,36,0,13 14,0
