301,'4528',759,,5291,13,,,0,150,,5290,13,,,0,402,,5297,13,,,0,230,,5275,13,,,0,115,,5285,13,,,0,155,,5299,13,,,0
301,'4532',1309,,5333,13,,,0,130,,5332,13,,,0,100,,5338,13,,,0,100,,5342,13,,,0
301,'5221',1536,,5315,13,,,0,298,,5314,13,,,0,106,,5316,13,,,0
301,'5425',835,,5306,13,,,0,100,,5307,13,,,0,101,,5312,13,,,0,103,,5308,13,,,0,97,,5313,13,,,0,100,,5309,13,,,0,100,,5310,13,,,0,200,,5311,13,,,0,98,,5317,13,,,0,306,,5318,13,,,0,100,,5319,13,,,0
301,'5426',656,,5280,13,,,0,71,,5273,13,,,0,16,,5281,13,,,0,76,,5276,13,,,0,20,,5282,13,,,0,100,,5287,13,,,0,71,,5304,13,,,0,30,,5270,13,,,0,70,,5268,13,,,0,30,,5292,13,,,0,70,,5277,13,,,0,30,,5303,13,,,0,101,,5296,13,,,0,70,,5302,13,,,0,30,,5300,13,,,0,70,,5298,13,,,0,15,,5294,13,,,0,30,,5274,13,,,0,55,,5271,13,,,0,15,,5301,13,,,0,15,,5272,13,,,0,70,,5284,13,,,0,15,,5278,13,,,0,15,,5279,13,,,0,99,,5289,13,,,0,70,,5305,13,,,0,30,,5269,13,,,0,99,,5295,13,,,0,100,,5286,13,,,0,100,,5293,13,,,0,99,,5267,13,,,0
301,'5427',656,,6951,13,,,0,71,,6945,13,,,0,16,,6952,13,,,0,76,,6947,13,,,0,20,,6953,13,,,0,100,,6957,13,,,0,71,,6969,13,,,0,30,,6942,13,,,0,70,,6940,13,,,0,30,,6959,13,,,0,70,,6948,13,,,0,30,,6968,13,,,0,101,,6963,13,,,0,70,,6967,13,,,0,30,,6965,13,,,0,70,,6964,13,,,0,15,,6961,13,,,0,30,,6946,13,,,0,55,,6943,13,,,0,15,,6966,13,,,0,15,,6944,13,,,0,70,,6955,13,,,0,15,,6949,13,,,0,15,,6950,13,,,0,99,,6958,13,,,0,70,,6970,13,,,0,30,,6941,13,,,0,99,,6962,13,,,0,100,,6956,13,,,0,100,,6960,13,,,0,99,,6939,13,,,0
301,'5428',838,,6973,13,,,0,70,,6975,13,,,0,31,,6980,13,,,0,70,,6978,13,,,0,30,,6977,13,,,0,70,,6976,13,,,0,30,,6979,13,,,0,70,,6972,13,,,0,30,,6981,13,,,0,100,,6982,13,,,0,70,,6983,13,,,0,100,,6984,13,,,0,100,,6986,13,,,0,100,,6985,13,,,0,30,,6990,13,,,0,75,,6987,13,,,0,25,,6988,13,,,0,85,,6989,13,,,0,105,,6991,13,,,0,105,,6992,13,,,0,105,,6993,13,,,0,100,,6994,13,,,0
301,'5429',835,,6995,13,,,0,100,,6996,13,,,0,101,,7001,13,,,0,103,,6997,13,,,0,97,,7002,13,,,0,100,,6998,13,,,0,100,,6999,13,,,0,200,,7000,13,,,0,98,,7003,13,,,0,306,,7004,13,,,0,100,,7005,13,,,0
1301,'4528',805,,6241,2,,,0,108,,6244,2,,,0,100,,6243,2,,,0,100,,6242,2,,,0,211,,6240,2,,,0,103,,6245,2,,,0,108,,6246,2,,,0,108,,6247,2,,,0,107,,6248,2,,,0,105,,6249,2,,,0
1301,'4532',810,,6254,2,,,0,105,,6255,2,,,0,100,,6259,2,,,0,101,,6253,2,,,0,195,,6257,2,,,0,145,,6256,2,,,0,100,,6260,2,,,0,100,,6261,2,,,0,100,,6262,2,,,0,100,,6258,2,,,0,100,,6263,2,,,0
1301,'5221',1715,,6251,2,,,0
1301,'5425',1120,,6252,2,,,0,325,,6250,2,,,0
1301,'5429',1120,,7799,2,,,0,325,,7798,2,,,0
1401,'4528',601,,6304,2,,,0,30,,6305,2,,,0,194,,6302,2,,,0,391,,6306,2,,,0,215,,6301,2,,,0,115,,6308,2,,,0,80,,6307,2,,,0,75,,6309,2,,,0,40,,6310,2,,,0,260,,6311,2,,,0,30,,6312,2,,,0
1401,'4532',1216,,6322,2,,,0,205,,6321,2,,,0,210,,6325,2,,,0
1401,'5221',1316,,6316,2,,,0
1401,'5425',851,,6314,2,,,0,200,,6313,2,,,0,170,,6318,2,,,0,195,,6315,2,,,0,130,,6317,2,,,0,265,,6319,2,,,0
1401,'5426',716,,6297,2,,,0,25,,6299,2,,,0,175,,6300,2,,,0,115,,6298,2,,,0,815,,6303,2,,,0
1401,'5427',716,,7818,2,,,0,25,,7820,2,,,0,175,,7821,2,,,0,115,,7819,2,,,0,815,,7822,2,,,0
1401,'5428',746,,7823,2,,,0,175,,7825,2,,,0,95,,7828,2,,,0,100,,7826,2,,,0,200,,7829,2,,,0,525,,7824,2,,,0,100,,7827,2,,,0
1401,'5429',851,,7831,2,,,0,200,,7830,2,,,0,170,,7834,2,,,0,195,,7832,2,,,0,130,,7833,2,,,0,265,,7835,2,,,0
