900,'4528',743,,5898,26,,,0,116,,5903,26,,,0,154,,5908,26,,,0,116,,5913,26,,,0,375,,5927,26,,,0
900,'4532',706,,6034,26,,,0,103,,5995,26,,,0,205,,5999,26,,,0,113,,6026,26,,,0,117,,6004,26,,,0,173,,6006,26,,,0,30,,6007,26,,,0,12,,6024,26,,,0,70,,6028,26,,,0,30,,6025,26,,,0,70,,6027,26,,,0,15,,6012,26,,,0,100,,6014,26,,,0
900,'5221',938,,5965,26,,,0
900,'5425',737,,5960,26,,,0,70,,5962,26,,,0,31,,5961,26,,,0,70,,5963,26,,,0,101,,5964,26,,,0,30,,5966,26,,,0,70,,5968,26,,,0,30,,5969,26,,,0,71,,5967,26,,,0,30,,5970,26,,,0,71,,5971,26,,,0,30,,5974,26,,,0,71,,5973,26,,,0,30,,5975,26,,,0,70,,5972,26,,,0,31,,5986,26,,,0,70,,5976,26,,,0,30,,5978,26,,,0,69,,5977,26,,,0,30,,5979,26,,,0,70,,5980,26,,,0,30,,5991,26,,,0,70,,5985,26,,,0,29,,5981,26,,,0,68,,5982,26,,,0,30,,5983,26,,,0,70,,5984,26,,,0,30,,5990,26,,,0,70,,5987,26,,,0,29,,5988,26,,,0,68,,5989,26,,,0,30,,5992,26,,,0,70,,5993,26,,,0
900,'5426',638,,5896,26,,,0,72,,5897,26,,,0,49,,5899,26,,,0,56,,5900,26,,,0,17,,5901,26,,,0,14,,5902,26,,,0,69,,5904,26,,,0,13,,5905,26,,,0,15,,5906,26,,,0,15,,5907,26,,,0,70,,5909,26,,,0,15,,5910,26,,,0,15,,5911,26,,,0,55,,5912,26,,,0,32,,5914,26,,,0,55,,5915,26,,,0,15,,5916,26,,,0,15,,5917,26,,,0,16,,5918,26,,,0,54,,5919,26,,,0,15,,5920,26,,,0,16,,5921,26,,,0,15,,5922,26,,,0,55,,5923,26,,,0,15,,5924,26,,,0,15,,5925,26,,,0,14,,5926,26,,,0,73,,5928,26,,,0,15,,5929,26,,,0,17,,5930,26,,,0,55,,5931,26,,,0,16,,5932,26,,,0,14,,5933,26,,,0,15,,5934,26,,,0,57,,5935,26,,,0,15,,5936,26,,,0,13,,5937,26,,,0,13,,5938,26,,,0,53,,5939,26,,,0,15,,5940,26,,,0,13,,5941,26,,,0,12,,5942,26,,,0,15,,5943,26,,,0,55,,5944,26,,,0,15,,5945,26,,,0,14,,5946,26,,,0,15,,5947,26,,,0,56,,5948,26,,,0,14,,5949,26,,,0,15,,5950,26,,,0,60,,5951,26,,,0,20,,5952,26,,,0,34,,5953,26,,,0,70,,5954,26,,,0,24,,5955,26,,,0,73,,5956,26,,,0,25,,5957,26,,,0,71,,5958,26,,,0,25,,5959,26,,,0,70,,5895,26,,,0
900,'5427',638,,7544,26,,,0,72,,7545,26,,,0,49,,7546,26,,,0,56,,7547,26,,,0,17,,7548,26,,,0,14,,7549,26,,,0,69,,7550,26,,,0,13,,7551,26,,,0,15,,7552,26,,,0,15,,7553,26,,,0,70,,7554,26,,,0,15,,7555,26,,,0,15,,7556,26,,,0,55,,7557,26,,,0,32,,7558,26,,,0,55,,7559,26,,,0,15,,7560,26,,,0,15,,7561,26,,,0,16,,7562,26,,,0,54,,7563,26,,,0,15,,7564,26,,,0,16,,7565,26,,,0,15,,7566,26,,,0,55,,7567,26,,,0,15,,7568,26,,,0,15,,7569,26,,,0,14,,7570,26,,,0,73,,7571,26,,,0,15,,7572,26,,,0,17,,7573,26,,,0,55,,7574,26,,,0,16,,7575,26,,,0,14,,7576,26,,,0,15,,7577,26,,,0,57,,7578,26,,,0,15,,7579,26,,,0,13,,7580,26,,,0,13,,7581,26,,,0,53,,7582,26,,,0,15,,7583,26,,,0,13,,7584,26,,,0,12,,7585,26,,,0,15,,7586,26,,,0,55,,7587,26,,,0,15,,7588,26,,,0,14,,7589,26,,,0,15,,7590,26,,,0,56,,7591,26,,,0,14,,7592,26,,,0,15,,7593,26,,,0,60,,7594,26,,,0,20,,7595,26,,,0,34,,7596,26,,,0,70,,7597,26,,,0,24,,7598,26,,,0,73,,7599,26,,,0,25,,7600,26,,,0,71,,7601,26,,,0,25,,7602,26,,,0,70,,7543,26,,,0
900,'5428',636,,7630,26,,,0,103,,7624,26,,,0,101,,7604,26,,,0,70,,7605,26,,,0,32,,7603,26,,,0,101,,7608,26,,,0,69,,7606,26,,,0,30,,7609,26,,,0,15,,7627,26,,,0,55,,7607,26,,,0,103,,7611,26,,,0,30,,7610,26,,,0,169,,7613,26,,,0,30,,7614,26,,,0,70,,7612,26,,,0,45,,7628,26,,,0,55,,7616,26,,,0,15,,7626,26,,,0,85,,7615,26,,,0,35,,7618,26,,,0,79,,7622,26,,,0,30,,7619,26,,,0,100,,7620,26,,,0,100,,7617,26,,,0,99,,7621,26,,,0,102,,7623,26,,,0,142,,7625,26,,,0,103,,7629,26,,,0
900,'5429',737,,7631,26,,,0,70,,7633,26,,,0,31,,7632,26,,,0,70,,7634,26,,,0,101,,7635,26,,,0,30,,7636,26,,,0,70,,7638,26,,,0,30,,7639,26,,,0,71,,7637,26,,,0,30,,7640,26,,,0,71,,7641,26,,,0,30,,7644,26,,,0,71,,7643,26,,,0,30,,7645,26,,,0,70,,7642,26,,,0,31,,7656,26,,,0,70,,7646,26,,,0,30,,7648,26,,,0,69,,7647,26,,,0,30,,7649,26,,,0,70,,7650,26,,,0,30,,7661,26,,,0,70,,7655,26,,,0,29,,7651,26,,,0,68,,7652,26,,,0,30,,7653,26,,,0,70,,7654,26,,,0,30,,7660,26,,,0,70,,7657,26,,,0,29,,7658,26,,,0,68,,7659,26,,,0,30,,7662,26,,,0,70,,7663,26,,,0
1000,'4528',733,,6179,3,,,0,303,,6190,3,,,0,120,,6191,3,,,0,80,,6188,3,,,0,80,,6192,3,,,0,40,,6185,3,,,0,79,,6186,3,,,0,80,,6187,3,,,0,40,,6183,3,,,0,80,,6184,3,,,0,80,,6182,3,,,0,40,,6181,3,,,0,79,,6178,3,,,0,80,,6180,3,,,0
1000,'5426',718,,6175,3,,,0,33,,6176,3,,,0,77,,6177,3,,,0,93,,6189,3,,,0,1180,,6193,3,,,0
1000,'5427',718,,7785,3,,,0,33,,7786,3,,,0,77,,7787,3,,,0,93,,7788,3,,,0,1180,,7789,3,,,0
