300,'4327',804,,3100,15,,,0,53,,3102,15,,,0,100,,3101,15,,,0,101,,3107,15,,,0,143,,3103,15,,,0,100,,3109,15,,,0,100,,3104,15,,,0,100,,3105,15,,,0,100,,3110,15,,,0,100,,3106,15,,,0,58,,3112,15,,,0,98,,3108,15,,,0,146,,3111,15,,,0,99,,3113,15,,,0,100,,3114,15,0,17 18 19,0
300,'4795',629,,426,15,,,0,22,,413,15,,,0,60,,406,15,,,0,9,,2351,15,,,0,15,,401,15,,,0,19,,429,15,,,0,58,,415,15,,,0,16,,418,15,,,0,19,,419,15,,,0,59,,411,15,,,0,30,,412,15,,,0,70,,414,15,,,0,31,,436,15,,,0,70,,421,15,,,0,30,,409,15,,,0,71,,423,15,,,0,30,,435,15,,,0,70,,397,15,,,0,31,,420,15,,,0,70,,398,15,,,0,33,,430,15,,,0,15,,408,15,,,0,55,,416,15,,,0,10,,1940,15,,,0,5,,439,15,,,0,15,,400,15,,,0,12,,399,15,,,0,55,,427,15,,,0,15,,403,15,,,0,15,,405,15,,,0,15,,434,15,,,0,54,,417,15,,,0,14,,396,15,,,0,14,,402,15,,,0,15,,425,15,,,0,55,,404,15,,,0,29,,433,15,,,0,69,,424,15,,,0,30,,438,15,,,0,70,,422,15,,,0,99,,1939,15,,,0,99,,428,15,,,0,100,,431,15,,,0,56,,395,15,0,17 18 19,0
300,'4800',719,,441,15,,,0,30,,2367,15,,,0,76,,442,15,,,0,76,,445,15,,,0,30,,446,15,,,0,71,,444,15,,,0,30,,443,15,,,0,70,,2368,15,,,0,30,,448,15,,,0,70,,450,15,,,0,31,,449,15,,,0,70,,453,15,,,0,30,,454,15,,,0,70,,2369,15,,,0,30,,456,15,,,0,71,,457,15,,,0,30,,455,15,,,0,70,,459,15,,,0,30,,451,15,,,0,70,,460,15,,,0,30,,458,15,,,0,70,,462,15,,,0,35,,463,15,,,0,64,,464,15,,,0,45,,2370,15,,,0,105,,467,15,,,0,105,,468,15,,,0,143,,461,15,,,0,58,,466,15,,,0
300,'5102',629,,3146,15,,,0,22,,3133,15,,,0,60,,3126,15,,,0,9,,3127,15,,,0,15,,3121,15,,,0,19,,3149,15,,,0,58,,3135,15,,,0,16,,3138,15,,,0,19,,3139,15,,,0,59,,3131,15,,,0,30,,3132,15,,,0,70,,3134,15,,,0,31,,3156,15,,,0,70,,3141,15,,,0,30,,3129,15,,,0,71,,3143,15,,,0,30,,3155,15,,,0,70,,3117,15,,,0,31,,3140,15,,,0,70,,3118,15,,,0,33,,3150,15,,,0,15,,3128,15,,,0,55,,3136,15,,,0,10,,3157,15,,,0,5,,3159,15,,,0,15,,3120,15,,,0,12,,3119,15,,,0,55,,3147,15,,,0,15,,3123,15,,,0,15,,3125,15,,,0,15,,3154,15,,,0,54,,3137,15,,,0,14,,3116,15,,,0,14,,3122,15,,,0,15,,3145,15,,,0,55,,3124,15,,,0,29,,3153,15,,,0,69,,3144,15,,,0,30,,3158,15,,,0,70,,3142,15,,,0,99,,3152,15,,,0,99,,3148,15,,,0,100,,3151,15,,,0,56,,3115,15,0,17 18 19,0
300,'5105',719,,3161,15,,,0,30,,3160,15,,,0,76,,3162,15,,,0,76,,3165,15,,,0,30,,3166,15,,,0,71,,3164,15,,,0,30,,3163,15,,,0,70,,3167,15,,,0,30,,3168,15,,,0,70,,3170,15,,,0,31,,3169,15,,,0,70,,3173,15,,,0,30,,3174,15,,,0,70,,3172,15,,,0,30,,3176,15,,,0,71,,3177,15,,,0,30,,3175,15,,,0,70,,3179,15,,,0,30,,3171,15,,,0,70,,3180,15,,,0,30,,3178,15,,,0,70,,3182,15,,,0,35,,3183,15,,,0,64,,3184,15,,,0,45,,3185,15,,,0,105,,3187,15,,,0,105,,3188,15,,,0,143,,3181,15,,,0,58,,3186,15,,,0
1400,'4795',821,,1517,48,0,7 8 2 9 2 10,0
1400,'5102',821,,4223,48,0,7 8 2 9 2 10,0
8100,'4795',816,,1842,58,,,0
8100,'5102',816,,4548,58,,,0
8101,'5095',1525,,1843,20,,,0
8101,'5097',1414,,1844,20,,,0
8101,'5103',1525,,4549,20,,,0
8101,'5104',1414,,4550,20,,,0
