301,'4327',849,,3189,36,,,0,100,,3190,36,,,0,101,,3195,36,,,0,103,,3191,36,,,0,100,,3196,36,,,0,100,,3192,36,,,0,100,,3193,36,,,0,100,,3198,36,,,0,100,,3194,36,,,0,98,,3200,36,,,0,98,,3197,36,,,0,106,,3199,36,,,0,99,,3201,36,,,0,100,,3202,36,,,0
301,'4795',620,,506,10,,,0,22,,501,10,,,0,60,,498,36,,,0,9,,2371,36,,,0,14,,486,10,,,0,18,,490,36,,,0,58,,499,36,,,0,16,,509,36,,,0,19,,493,36,,,0,19,,500,36,,,0,70,,508,36,,,0,30,,505,36,,,0,71,,523,36,,,0,30,,487,36,,,0,70,,484,36,,,0,31,,510,36,,,0,70,,494,36,,,0,30,,522,36,,,0,71,,516,36,,,0,30,,515,36,,,0,73,,521,36,,,0,15,,514,36,,,0,55,,519,36,,,0,10,,1957,36,,,0,20,,517,36,,,0,13,,512,36,,,0,15,,492,36,,,0,55,,491,36,,,0,15,,488,36,,,0,15,,520,36,,,0,15,,489,36,,,0,54,,503,36,,,0,14,,502,36,,,0,15,,495,36,,,0,15,,496,36,,,0,70,,518,36,,,0,29,,507,36,,,0,70,,525,36,,,0,30,,485,36,,,0,99,,1956,36,,,0,99,,504,36,,,0,100,,511,36,,,0,96,,483,36,,,0
301,'4800',711,,528,10,,,0,30,,2386,10,,,0,76,,529,10,,,0,36,,527,36,,,0,70,,531,36,,,0,31,,536,36,,,0,70,,533,36,,,0,30,,2387,36,,,0,70,,535,36,,,0,30,,534,36,,,0,71,,530,36,,,0,30,,537,36,,,0,70,,539,36,,,0,30,,2388,36,,,0,70,,541,36,,,0,31,,538,36,,,0,70,,542,36,,,0,30,,544,36,,,0,70,,545,36,,,0,30,,547,36,,,0,70,,543,36,,,0,30,,549,36,,,0,75,,546,36,,,0,24,,550,36,,,0,85,,2389,36,,,0,105,,551,36,,,0,105,,552,36,,,0,103,,553,36,,,0,99,,554,36,,,0
301,'5102',620,,3226,10,,,0,22,,3221,10,,,0,60,,3218,36,,,0,9,,3217,36,,,0,14,,3206,10,,,0,18,,3210,36,,,0,58,,3219,36,,,0,16,,3229,36,,,0,19,,3213,36,,,0,19,,3220,36,,,0,70,,3228,36,,,0,30,,3225,36,,,0,71,,3243,36,,,0,30,,3207,36,,,0,70,,3204,36,,,0,31,,3230,36,,,0,70,,3214,36,,,0,30,,3242,36,,,0,71,,3236,36,,,0,30,,3235,36,,,0,73,,3241,36,,,0,15,,3234,36,,,0,55,,3239,36,,,0,10,,3244,36,,,0,20,,3237,36,,,0,13,,3232,36,,,0,15,,3212,36,,,0,55,,3211,36,,,0,15,,3208,36,,,0,15,,3240,36,,,0,15,,3209,36,,,0,54,,3223,36,,,0,14,,3222,36,,,0,15,,3215,36,,,0,15,,3216,36,,,0,70,,3238,36,,,0,29,,3227,36,,,0,70,,3245,36,,,0,30,,3205,36,,,0,99,,3233,36,,,0,99,,3224,36,,,0,100,,3231,36,,,0,96,,3203,36,,,0
301,'5105',711,,3248,10,,,0,30,,3246,10,,,0,76,,3249,10,,,0,36,,3247,36,,,0,70,,3251,36,,,0,31,,3256,36,,,0,70,,3253,36,,,0,30,,3252,36,,,0,70,,3255,36,,,0,30,,3254,36,,,0,71,,3250,36,,,0,30,,3257,36,,,0,70,,3259,36,,,0,30,,3260,36,,,0,70,,3261,36,,,0,31,,3258,36,,,0,70,,3262,36,,,0,30,,3264,36,,,0,70,,3265,36,,,0,30,,3267,36,,,0,70,,3263,36,,,0,30,,3269,36,,,0,75,,3266,36,,,0,24,,3270,36,,,0,85,,3268,36,,,0,105,,3271,36,,,0,105,,3272,36,,,0,103,,3273,36,,,0,99,,3274,36,,,0
1400,'4795',813,,1517,32,0,7 8 2 9 2 10,0,690,,1519,32,0,9,0
1400,'5102',813,,4223,32,0,7 8 2 9 2 10,0,690,,4225,32,0,9,0
8100,'4795',808,,1842,42,,,0
8100,'5102',808,,4548,42,,,0
8101,'5095',1517,,1843,4,,,0
8101,'5097',1406,,1844,4,,,0
8101,'5103',1517,,4549,4,,,0
8101,'5104',1406,,4550,4,,,0
