700,'4687',1826,,928,10,,,0,112,,938,10,,,0,270,,932,10,,,0
700,'4795',617,,890,10,,,0,18,,891,10,,,0,17,,892,10,,,0,54,,893,10,,,0,16,,894,10,,,0,7,,895,10,,,0,10,,896,10,,,0,17,,897,10,,,0,60,,898,10,,,0,11,,899,10,,,0,19,,900,10,,,0,10,,901,10,,,0,56,,902,10,,,0,12,,903,10,,,0,18,,904,10,,,0,13,,920,10,,,0,57,,905,10,,,0,13,,945,10,,,0,17,,906,10,,,0,70,,907,10,,,0,33,,908,10,,,0,68,,909,10,,,0,32,,910,10,,,0,68,,911,10,,,0,32,,912,10,,,0,69,,913,10,,,0,34,,914,10,,,0,11,,915,10,,,0,55,,916,10,,,0,18,,917,10,,,0,13,,918,10,,,0,57,,919,10,,,0,12,,921,10,,,0,18,,924,10,,,0,11,,936,10,,,0,59,,925,10,,,0,11,,922,10,,,0,18,,926,10,,,0,11,,937,10,,,0,58,,927,10,,,0,10,,923,10,,,0,29,,939,10,,,0,72,,929,10,,,0,100,,930,10,,,0,27,,941,10,,,0,71,,931,10,,,0,29,,940,10,,,0,98,,942,10,,,0,70,,933,10,,,0,28,,943,10,,,0,73,,934,10,,,0,31,,944,10,,,0,70,,935,10,,,0
700,'4800',645,,984,10,,,0,70,,983,10,,,0,31,,971,10,,,0,70,,946,10,,,0,31,,947,10,,,0,71,,949,10,,,0,29,,948,10,,,0,71,,955,10,,,0,31,,960,10,,,0,54,,975,10,,,0,16,,961,10,,,0,15,,976,10,,,0,22,,963,10,,,0,73,,958,10,,,0,28,,964,10,,,0,70,,957,10,,,0,32,,965,10,,,0,68,,959,10,,,0,30,,979,10,,,0,53,,966,10,,,0,14,,977,10,,,0,16,,967,10,,,0,14,,981,10,,,0,55,,956,10,,,0,16,,980,10,,,0,14,,968,10,,,0,15,,978,10,,,0,64,,962,10,,,0,29,,969,10,,,0,70,,950,10,,,0,36,,951,10,,,0,73,,952,10,,,0,76,,973,10,,,0,34,,972,10,,,0,105,,953,10,,,0,96,,954,10,,,0,101,,970,10,,,0,98,,974,10,,,0,66,,982,10,,,0,29,,985,10,,,0
700,'5096',1826,,2018,10,,,0,112,,2020,10,,,0,270,,2019,10,,,0
700,'5100',730,,2021,10,,,0,27,,2022,10,,,0,100,,2023,10,,,0,97,,2024,10,,,0,73,,2026,10,,,0,30,,2025,10,,,0,67,,2028,10,,,0,33,,2034,10,,,0,67,,2029,10,,,0,29,,2027,10,,,0,72,,2031,10,,,0,28,,2041,10,,,0,72,,2032,10,,,0,29,,2036,10,,,0,71,,2030,10,,,0,29,,2033,10,,,0,71,,2035,10,,,0,27,,2040,10,,,0,72,,2037,10,,,0,27,,2042,10,,,0,71,,2038,10,,,0,29,,2044,10,,,0,101,,2039,10,,,0,99,,2046,10,,,0,104,,2043,10,,,0,95,,2045,10,,,0,101,,2047,10,,,0
7300,'4795',744,,1828,18,,,0
7301,'4795',1533,,1829,32,,,0
7701,'4795',1555,,1834,30,,,0
7900,'4795',757,,1837,23,0,6,0
7901,'5095',1521,,1838,23,0,6,0
7901,'5097',1521,,1839,23,0,6,0
