300,'4528',650,,5210,42,4,,0,200,,5202,42,4,,0,108,,5196,42,4,,0,445,,5204,42,4,,0,228,,5211,42,4,,0,112,,5183,42,4,,0,112,,5217,42,4,,0
300,'4532',846,,5240,42,4,,0,509,,5252,42,4,,0,171,,5255,42,4,,0,100,,5257,42,4,,0,99,,5258,42,4,,0
300,'5221',1624,,5233,42,4,,0,293,,5231,42,4,,0,105,,5234,42,4,,0
300,'5425',825,,5223,42,4,,0,93,,5225,42,4,,0,100,,5224,42,4,,0,101,,5230,42,4,,0,105,,5226,42,4,,0,100,,5232,42,4,,0,100,,5227,42,4,,0,100,,5228,42,4,,0,199,,5229,42,4,,0,97,,5235,42,4,,0,300,,5236,42,4,,0
300,'5426',712,,5197,42,4,,0,18,,5194,14,4,,0,12,,5192,42,4,,0,76,,5213,42,4,,0,18,,5199,42,4,,0,72,,5203,42,4,,0,19,,5195,42,4,,0,101,,5198,42,4,,0,31,,5220,42,4,,0,70,,5205,42,4,,0,30,,5193,42,4,,0,71,,5207,42,4,,0,70,,5219,42,4,,0,30,,5184,42,4,,0,105,,5185,42,4,,0,73,,5214,42,4,,0,32,,5200,42,4,,0,12,,5222,42,4,,0,52,,5187,42,4,,0,12,,5186,42,4,,0,30,,5189,42,4,,0,55,,5191,42,4,,0,15,,5218,42,4,,0,14,,5201,42,4,,0,27,,5188,42,4,,0,55,,5209,42,4,,0,15,,5190,42,4,,0,97,,5208,42,4,,0,30,,5221,42,4,,0,70,,5206,42,4,,0,99,,5216,42,4,,0,98,,5212,42,4,,0,98,,5215,42,4,,0
300,'5427',712,,6882,42,4,,0,18,,6880,14,4,,0,12,,6878,42,4,,0,76,,6894,42,4,,0,18,,6884,42,4,,0,72,,6887,42,4,,0,19,,6881,42,4,,0,101,,6883,42,4,,0,31,,6900,42,4,,0,70,,6888,42,4,,0,30,,6879,42,4,,0,71,,6890,42,4,,0,70,,6899,42,4,,0,30,,6870,42,4,,0,105,,6871,42,4,,0,73,,6895,42,4,,0,32,,6885,42,4,,0,12,,6902,42,4,,0,52,,6873,42,4,,0,12,,6872,42,4,,0,30,,6875,42,4,,0,55,,6877,42,4,,0,15,,6898,42,4,,0,14,,6886,42,4,,0,27,,6874,42,4,,0,55,,6892,42,4,,0,15,,6876,42,4,,0,97,,6891,42,4,,0,30,,6901,42,4,,0,70,,6889,42,4,,0,99,,6897,42,4,,0,98,,6893,42,4,,0,98,,6896,42,4,,0
300,'5428',739,,6904,42,4,,0,70,,6903,42,4,,0,113,,6907,42,4,,0,30,,6908,42,4,,0,72,,6906,42,4,,0,30,,6905,42,4,,0,70,,6909,42,4,,0,30,,6910,42,4,,0,70,,6912,42,4,,0,31,,6911,42,4,,0,70,,6915,42,4,,0,100,,6914,42,4,,0,30,,6917,42,4,,0,101,,6916,42,4,,0,100,,6913,42,4,,0,99,,6918,42,4,,0,70,,6920,42,4,,0,33,,6921,42,4,,0,64,,6922,42,4,,0,85,,6923,42,4,,0,105,,6925,42,4,,0,105,,6926,42,4,,0,102,,6919,42,4,,0,97,,6924,42,4,,0
300,'5429',825,,6927,42,4,,0,93,,6929,42,4,,0,100,,6928,42,4,,0,101,,6934,42,4,,0,105,,6930,42,4,,0,100,,6935,42,4,,0,100,,6931,42,4,,0,100,,6932,42,4,,0,199,,6933,42,4,,0,97,,6936,42,4,,0,300,,6937,42,4,,0
301,'4528',750,,5291,1,,,0,150,,5290,1,,,0,400,,5297,1,,,0,230,,5275,1,,,0,115,,5285,1,,,0,155,,5299,1,,,0
301,'4532',1300,,5333,1,,,0,130,,5332,1,,,0,100,,5338,1,,,0,100,,5342,1,,,0
301,'5221',1527,,5315,1,,,0,298,,5314,1,,,0,106,,5316,1,,,0
301,'5425',827,,5306,1,,,0,100,,5307,1,,,0,100,,5312,1,,,0,103,,5308,1,,,0,97,,5313,1,,,0,100,,5309,1,,,0,100,,5310,1,,,0,200,,5311,1,,,0,98,,5317,1,,,0,306,,5318,1,,,0,100,,5319,1,,,0
301,'5426',648,,5280,1,,,0,70,,5273,1,,,0,16,,5281,1,,,0,76,,5276,1,,,0,20,,5282,1,,,0,100,,5287,1,,,0,70,,5304,1,,,0,30,,5270,1,,,0,70,,5268,1,,,0,30,,5292,1,,,0,70,,5277,1,,,0,30,,5303,1,,,0,100,,5296,1,,,0,70,,5302,1,,,0,30,,5300,1,,,0,70,,5298,1,,,0,15,,5294,1,,,0,30,,5274,1,,,0,55,,5271,1,,,0,15,,5301,1,,,0,15,,5272,1,,,0,70,,5284,1,,,0,15,,5278,1,,,0,15,,5279,1,,,0,100,,5289,1,,,0,70,,5305,1,,,0,30,,5269,1,,,0,100,,5295,1,,,0,100,,5286,1,,,0,100,,5293,1,,,0,100,,5267,1,,,0
301,'5427',648,,6951,1,,,0,70,,6945,1,,,0,16,,6952,1,,,0,76,,6947,1,,,0,20,,6953,1,,,0,100,,6957,1,,,0,70,,6969,1,,,0,30,,6942,1,,,0,70,,6940,1,,,0,30,,6959,1,,,0,70,,6948,1,,,0,30,,6968,1,,,0,100,,6963,1,,,0,70,,6967,1,,,0,30,,6965,1,,,0,70,,6964,1,,,0,15,,6961,1,,,0,30,,6946,1,,,0,55,,6943,1,,,0,15,,6966,1,,,0,15,,6944,1,,,0,70,,6955,1,,,0,15,,6949,1,,,0,15,,6950,1,,,0,100,,6958,1,,,0,70,,6970,1,,,0,30,,6941,1,,,0,100,,6962,1,,,0,100,,6956,1,,,0,100,,6960,1,,,0,100,,6939,1,,,0
301,'5428',830,,6973,1,,,0,70,,6975,1,,,0,30,,6980,1,,,0,70,,6978,1,,,0,30,,6977,1,,,0,70,,6976,1,,,0,30,,6979,1,,,0,70,,6972,1,,,0,30,,6981,1,,,0,100,,6982,1,,,0,70,,6983,1,,,0,100,,6984,1,,,0,100,,6986,1,,,0,100,,6985,1,,,0,30,,6990,1,,,0,75,,6987,1,,,0,25,,6988,1,,,0,85,,6989,1,,,0,105,,6991,1,,,0,105,,6992,1,,,0,105,,6993,1,,,0,100,,6994,1,,,0
301,'5429',827,,6995,1,,,0,100,,6996,1,,,0,100,,7001,1,,,0,103,,6997,1,,,0,97,,7002,1,,,0,100,,6998,1,,,0,100,,6999,1,,,0,200,,7000,1,,,0,98,,7003,1,,,0,306,,7004,1,,,0,100,,7005,1,,,0
