400,'5425',851,,5381,23,,,0,159,,5382,23,,,0,120,,5379,23,,,0,122,,5380,23,,,0,95,,5386,23,,,0,167,,5384,23,,,0,127,,5385,23,,,0,162,,5383,23,,,0,120,,5387,23,,,0
400,'5426',643,,5349,23,,,0,66,,5354,23,,,0,91,,5351,23,,,0,34,,5356,23,,,0,68,,5353,23,,,0,28,,5359,23,,,0,70,,5352,23,,,0,30,,5350,23,,,0,72,,5360,23,,,0,30,,5365,23,,,0,72,,5362,23,,,0,30,,5355,23,,,0,70,,5367,23,,,0,30,,5376,23,,,0,72,,5366,23,,,0,30,,5378,23,,,0,70,,5357,23,,,0,30,,5377,23,,,0,72,,5374,23,,,0,30,,5363,23,,,0,70,,5364,23,,,0,29,,5361,23,,,0,67,,5371,23,,,0,29,,5358,23,,,0,67,,5372,23,,,0,56,,5373,23,,,0,95,,5369,23,,,0,97,,5368,23,,,0,100,,5370,23,,,0,157,,5375,23,,,0
400,'5427',643,,7006,23,,,0,66,,7011,23,,,0,91,,7008,23,,,0,34,,7013,23,,,0,68,,7010,23,,,0,28,,7016,23,,,0,70,,7009,23,,,0,30,,7007,23,,,0,72,,7017,23,,,0,30,,7022,23,,,0,72,,7019,23,,,0,30,,7012,23,,,0,70,,7024,23,,,0,30,,7033,23,,,0,72,,7023,23,,,0,30,,7035,23,,,0,70,,7014,23,,,0,30,,7034,23,,,0,72,,7031,23,,,0,30,,7020,23,,,0,70,,7021,23,,,0,29,,7018,23,,,0,67,,7028,23,,,0,29,,7015,23,,,0,67,,7029,23,,,0,56,,7030,23,,,0,95,,7026,23,,,0,97,,7025,23,,,0,100,,7027,23,,,0,157,,7032,23,,,0
400,'5428',838,,7037,23,,,0,66,,7038,23,,,0,25,,7036,23,,,0,26,,7039,23,,,0,67,,7040,23,,,0,26,,7041,23,,,0,65,,7042,23,,,0,26,,7043,23,,,0,66,,7044,23,,,0,27,,7045,23,,,0,27,,7046,23,,,0,68,,7047,23,,,0,27,,7048,23,,,0,68,,7049,23,,,0,27,,7052,23,,,0,69,,7054,23,,,0,27,,7050,23,,,0,69,,7056,23,,,0,27,,7051,23,,,0,66,,7053,23,,,0,27,,7055,23,,,0,67,,7057,23,,,0,27,,7058,23,,,0,24,,7059,23,,,0,74,,7061,23,,,0,99,,7060,23,,,0,100,,7062,23,,,0,99,,7063,23,,,0,99,,7064,23,,,0
400,'5429',851,,7067,23,,,0,159,,7068,23,,,0,120,,7065,23,,,0,122,,7066,23,,,0,95,,7072,23,,,0,167,,7070,23,,,0,127,,7071,23,,,0,162,,7069,23,,,0,120,,7073,23,,,0
500,'5425',923,,5513,20,,,0,120,,5512,20,,,0,160,,5511,20,,,0,122,,5514,20,,,0,96,,5515,20,,,0,127,,5516,20,,,0,167,,5517,20,,,0,120,,5518,20,,,0
500,'5426',718,,5485,20,,,0,32,,5487,17,,,0,74,,5488,20,,,0,33,,5486,17,,,0,73,,5494,20,,,0,73,,5495,17,,,0,33,,5496,17,,,0,73,,5489,20,,,0,33,,5490,17,,,0,73,,5497,20,,,0,36,,5492,17,,,0,75,,5493,20,,,0,77,,5491,17,,,0,35,,5498,20,,,0,77,,5508,17,,,0,36,,5501,20,,,0,76,,5503,20,,,0,77,,5509,17,,,0,34,,5504,20,,,0,76,,5505,17,,,0,31,,5502,20,,,0,76,,5506,17,,,0,84,,5507,17,,,0,100,,5499,17,,,0,99,,5500,17,,,0,116,,5510,20,,,0
500,'5427',718,,7142,20,,,0,32,,7144,17,,,0,74,,7145,20,,,0,33,,7143,17,,,0,73,,7151,20,,,0,73,,7152,17,,,0,33,,7153,17,,,0,73,,7146,20,,,0,33,,7147,17,,,0,73,,7154,20,,,0,36,,7149,17,,,0,75,,7150,20,,,0,77,,7148,17,,,0,35,,7155,20,,,0,77,,7165,17,,,0,36,,7158,20,,,0,76,,7160,20,,,0,77,,7166,17,,,0,34,,7161,20,,,0,76,,7162,17,,,0,31,,7159,20,,,0,76,,7163,17,,,0,84,,7164,17,,,0,100,,7156,17,,,0,99,,7157,17,,,0,116,,7167,20,,,0
500,'5428',808,,7169,17,,,0,30,,7170,20,,,0,70,,7171,20,,,0,30,,7192,17,,,0,71,,7168,20,,,0,29,,7173,17,,,0,71,,7174,20,,,0,29,,7172,17,,,0,71,,7177,20,,,0,29,,7178,17,,,0,72,,7176,20,,,0,30,,7175,17,,,0,71,,7179,20,,,0,29,,7180,17,,,0,71,,7181,20,,,0,30,,7184,17,,,0,71,,7185,20,,,0,28,,7182,17,,,0,70,,7183,20,,,0,29,,7186,17,,,0,71,,7187,20,,,0,29,,7190,17,,,0,120,,7191,20,,,0,94,,7188,17,,,0,103,,7189,20,,,0,100,,7193,20,,,0
500,'5429',923,,7196,20,,,0,120,,7195,20,,,0,160,,7194,20,,,0,122,,7197,20,,,0,96,,7198,20,,,0,127,,7199,20,,,0,167,,7200,20,,,0,120,,7201,20,,,0
701,'5425',712,,5828,16,,,0,27,,5829,19,,,0,99,,5830,16,,,0,96,,5831,19,,,0,74,,5834,16,,,0,30,,5832,16,,,0,66,,5833,19,,,0,34,,5841,16,,,0,66,,5836,19,,,0,29,,5835,16,,,0,71,,5838,19,,,0,29,,5848,16,,,0,71,,5840,19,,,0,29,,5844,16,,,0,71,,5839,19,,,0,29,,5837,16,,,0,71,,5843,19,,,0,29,,5847,16,,,0,71,,5842,19,,,0,29,,5849,16,,,0,71,,5845,19,,,0,29,,5851,16,,,0,101,,5846,19,,,0,99,,5854,16,,,0,104,,5850,19,,,0,96,,5852,16,,,0,101,,5853,19,,,0
701,'5426',617,,5774,16,,,0,17,,5775,19,,,0,14,,5776,16,,,0,56,,5777,19,,,0,16,,5778,19,,,0,14,,5779,16,,,0,19,,5780,19,,,0,52,,5781,16,,,0,19,,5782,19,,,0,11,,5783,16,,,0,16,,5784,19,,,0,52,,5785,16,,,0,18,,5786,19,,,0,13,,5822,16,,,0,17,,5787,19,,,0,53,,5827,16,,,0,17,,5788,19,,,0,29,,5789,16,,,0,73,,5790,19,,,0,27,,5791,16,,,0,72,,5792,19,,,0,28,,5793,16,,,0,72,,5794,19,,,0,28,,5795,16,,,0,74,,5796,19,,,0,11,,5797,16,,,0,15,,5798,16,,,0,58,,5799,19,,,0,13,,5800,16,,,0,17,,5801,19,,,0,12,,5802,16,,,0,58,,5803,19,,,0,12,,5804,16,,,0,18,,5805,19,,,0,12,,5806,16,,,0,58,,5807,19,,,0,12,,5808,16,,,0,18,,5809,19,,,0,11,,5823,16,,,0,56,,5824,19,,,0,14,,5810,16,,,0,31,,5811,19,,,0,68,,5812,16,,,0,32,,5813,19,,,0,68,,5814,16,,,0,31,,5815,19,,,0,69,,5816,16,,,0,31,,5817,19,,,0,69,,5818,16,,,0,30,,5819,19,,,0,69,,5820,16,,,0,33,,5821,19,,,0,72,,5825,16,,,0,30,,5826,19,,,0
701,'5427',617,,7422,16,,,0,17,,7423,19,0,5,0,14,,7424,16,,,0,56,,7425,19,0,5,0,16,,7426,19,0,5,0,14,,7427,16,,,0,19,,7428,19,0,5,0,52,,7429,16,,,0,19,,7430,19,0,5,0,11,,7431,16,,,0,16,,7432,19,0,5,0,52,,7433,16,,,0,18,,7434,19,0,5,0,13,,7470,16,,,0,17,,7435,19,0,5,0,53,,7475,16,,,0,17,,7436,19,0,5,0,29,,7437,16,,,0,73,,7438,19,0,5,0,27,,7439,16,,,0,72,,7440,19,0,5,0,28,,7441,16,,,0,72,,7442,19,0,5,0,28,,7443,16,,,0,74,,7444,19,0,5,0,11,,7445,16,,,0,15,,7446,16,,,0,58,,7447,19,0,5,0,13,,7448,16,,,0,17,,7449,19,0,5,0,12,,7450,16,,,0,58,,7451,19,0,5,0,12,,7452,16,,,0,18,,7453,19,0,5,0,12,,7454,16,,,0,58,,7455,19,0,5,0,12,,7456,16,,,0,18,,7457,19,0,5,0,11,,7471,16,,,0,56,,7472,19,0,5,0,14,,7458,16,,,0,31,,7459,19,0,5,0,68,,7460,16,,,0,32,,7461,19,0,5,0,68,,7462,16,,,0,31,,7463,19,0,5,0,69,,7464,16,,,0,31,,7465,19,0,5,0,69,,7466,16,,,0,30,,7467,19,0,5,0,69,,7468,16,,,0,33,,7469,19,0,5,0,72,,7473,16,,,0,30,,7474,19,0,5,0
701,'5428',627,,7514,19,0,5,0,30,,7513,16,,,0,71,,7501,19,0,5,0,30,,7476,16,,,0,70,,7477,16,,,0,31,,7478,19,0,5,0,69,,7479,16,,,0,30,,7487,16,,,0,71,,7492,19,0,5,0,14,,7505,16,,,0,16,,7491,19,0,5,0,55,,7506,16,,,0,22,,7494,16,,,0,71,,7490,19,0,5,0,29,,7493,16,,,0,70,,7486,16,,,0,31,,7496,19,0,5,0,69,,7489,16,,,0,29,,7509,19,0,5,0,14,,7497,16,,,0,55,,7510,16,,,0,16,,7498,19,0,5,0,14,,7508,16,,,0,15,,7485,16,,,0,56,,7511,19,0,5,0,14,,7495,16,,,0,15,,7507,16,,,0,24,,7488,19,0,5,0,69,,7499,16,,,0,30,,7480,16,,,0,76,,7483,19,0,5,0,74,,7484,16,,,0,36,,7502,19,0,5,0,74,,7503,16,,,0,105,,7482,16,,,0,97,,7481,19,0,5,0,102,,7500,16,,,0,99,,7504,16,,,0,26,,7512,19,0,5,0,69,,7515,16,,,0
701,'5429',712,,7516,16,,,0,27,,7517,19,0,5,0,99,,7518,16,,,0,96,,7519,19,0,5,0,74,,7522,16,,,0,30,,7520,16,,,0,66,,7521,19,0,5,0,34,,7529,16,,,0,66,,7524,19,0,5,0,29,,7523,16,,,0,71,,7526,19,0,5,0,29,,7536,16,,,0,71,,7528,19,0,5,0,29,,7532,16,,,0,71,,7527,19,0,5,0,29,,7525,16,,,0,71,,7531,19,0,5,0,29,,7535,16,,,0,71,,7530,19,0,5,0,29,,7537,16,,,0,71,,7533,19,0,5,0,29,,7539,16,,,0,101,,7534,19,0,5,0,99,,7542,16,,,0,104,,7538,19,0,5,0,96,,7540,16,,,0,101,,7541,19,0,5,0
901,'4528',710,,6037,11,,,0,116,,6042,11,,,0,114,,6047,11,,,0,115,,6052,11,,,0,371,,6066,11,,,0
901,'4532',638,,6173,11,,,0,101,,6156,11,,,0,201,,6135,11,,,0,115,,6166,11,,,0,156,,6143,11,,,0,130,,6145,11,,,0,70,,6146,11,,,0,14,,6171,11,,,0,30,,6168,11,,,0,70,,6170,11,,,0,30,,6165,11,,,0,55,,6153,11,,,0,100,,6147,11,,,0
901,'5221',909,,6107,11,,,0
901,'5425',709,,6100,11,,,0,30,,6103,11,,,0,70,,6101,11,,,0,30,,6102,11,,,0,100,,6104,11,,,0,70,,6106,11,,,0,30,,6105,11,,,0,70,,6110,11,,,0,30,,6108,11,,,0,70,,6109,11,,,0,30,,6114,11,,,0,70,,6112,11,,,0,30,,6115,11,,,0,70,,6111,11,,,0,30,,6113,11,,,0,71,,6127,11,,,0,30,,6117,11,,,0,70,,6118,11,,,0,29,,6116,11,,,0,70,,6119,11,,,0,30,,6120,11,,,0,70,,6132,11,,,0,30,,6124,11,,,0,70,,6121,11,,,0,30,,6123,11,,,0,70,,6122,11,,,0,30,,6125,11,,,0,70,,6131,11,,,0,30,,6126,11,,,0,70,,6128,11,,,0,29,,6129,11,,,0,70,,6130,11,,,0,30,,6133,11,,,0
901,'5426',609,,6035,11,,,0,30,,6036,11,,,0,86,,6038,11,,,0,15,,6039,11,,,0,16,,6040,11,,,0,55,,6041,11,,,0,31,,6043,11,,,0,13,,6044,11,,,0,55,,6045,11,,,0,15,,6046,11,,,0,30,,6048,11,,,0,55,,6049,11,,,0,15,,6050,11,,,0,15,,6051,11,,,0,71,,6053,11,,,0,15,,6054,11,,,0,15,,6055,11,,,0,15,,6056,11,,,0,55,,6057,11,,,0,15,,6058,11,,,0,14,,6059,11,,,0,16,,6060,11,,,0,55,,6061,11,,,0,15,,6062,11,,,0,15,,6063,11,,,0,15,,6064,11,,,0,54,,6065,11,,,0,30,,6067,11,,,0,15,,6068,11,,,0,56,,6069,11,,,0,15,,6070,11,,,0,16,,6071,11,,,0,14,,6072,11,,,0,55,,6073,11,,,0,16,,6074,11,,,0,15,,6075,11,,,0,15,,6076,11,,,0,55,,6077,11,,,0,14,,6078,11,,,0,15,,6079,11,,,0,15,,6080,11,,,0,54,,6081,11,,,0,15,,6082,11,,,0,15,,6083,11,,,0,15,,6084,11,,,0,54,,6085,11,,,0,15,,6086,11,,,0,16,,6087,11,,,0,14,,6088,11,,,0,55,,6089,11,,,0,20,,6090,11,,,0,20,,6091,11,,,0,74,,6092,11,,,0,30,,6093,11,,,0,66,,6094,11,,,0,33,,6095,11,,,0,67,,6096,11,,,0,33,,6097,11,,,0,66,,6098,11,,,0,30,,6099,11,,,0
901,'5427',609,,7664,11,,,0,30,,7665,11,,,0,86,,7666,11,,,0,15,,7667,11,,,0,16,,7668,11,,,0,55,,7669,11,,,0,31,,7670,11,,,0,13,,7671,11,,,0,55,,7672,11,,,0,15,,7673,11,,,0,30,,7674,11,,,0,55,,7675,11,,,0,15,,7676,11,,,0,15,,7677,11,,,0,71,,7678,11,,,0,15,,7679,11,,,0,15,,7680,11,,,0,15,,7681,11,,,0,55,,7682,11,,,0,15,,7683,11,,,0,14,,7684,11,,,0,16,,7685,11,,,0,55,,7686,11,,,0,15,,7687,11,,,0,15,,7688,11,,,0,15,,7689,11,,,0,54,,7690,11,,,0,30,,7691,11,,,0,15,,7692,11,,,0,56,,7693,11,,,0,15,,7694,11,,,0,16,,7695,11,,,0,14,,7696,11,,,0,55,,7697,11,,,0,16,,7698,11,,,0,15,,7699,11,,,0,15,,7700,11,,,0,55,,7701,11,,,0,14,,7702,11,,,0,15,,7703,11,,,0,15,,7704,11,,,0,54,,7705,11,,,0,15,,7706,11,,,0,15,,7707,11,,,0,15,,7708,11,,,0,54,,7709,11,,,0,15,,7710,11,,,0,16,,7711,11,,,0,14,,7712,11,,,0,55,,7713,11,,,0,20,,7714,11,,,0,20,,7715,11,,,0,74,,7716,11,,,0,30,,7717,11,,,0,66,,7718,11,,,0,33,,7719,11,,,0,67,,7720,11,,,0,33,,7721,11,,,0,66,,7722,11,,,0,30,,7723,11,,,0
901,'5428',608,,7750,11,,,0,101,,7743,11,,,0,100,,7724,11,,,0,30,,7727,11,,,0,71,,7725,11,,,0,100,,7726,11,,,0,30,,7728,11,,,0,70,,7729,11,,,0,15,,7747,11,,,0,15,,7731,11,,,0,101,,7732,11,,,0,70,,7730,11,,,0,129,,7733,11,,,0,70,,7735,11,,,0,30,,7737,11,,,0,85,,7748,11,,,0,15,,7734,11,,,0,15,,7749,11,,,0,85,,7736,11,,,0,75,,7738,11,,,0,40,,7745,11,,,0,70,,7740,11,,,0,100,,7741,11,,,0,100,,7742,11,,,0,100,,7739,11,,,0,105,,7744,11,,,0,104,,7746,11,,,0,104,,7751,11,,,0
901,'5429',709,,7752,11,,,0,30,,7755,11,,,0,70,,7753,11,,,0,30,,7754,11,,,0,100,,7756,11,,,0,70,,7758,11,,,0,30,,7757,11,,,0,70,,7761,11,,,0,30,,7759,11,,,0,70,,7760,11,,,0,30,,7765,11,,,0,70,,7763,11,,,0,30,,7766,11,,,0,70,,7762,11,,,0,30,,7764,11,,,0,71,,7778,11,,,0,30,,7768,11,,,0,70,,7769,11,,,0,29,,7767,11,,,0,70,,7770,11,,,0,30,,7771,11,,,0,70,,7783,11,,,0,30,,7775,11,,,0,70,,7772,11,,,0,30,,7774,11,,,0,70,,7773,11,,,0,30,,7776,11,,,0,70,,7782,11,,,0,30,,7777,11,,,0,70,,7779,11,,,0,29,,7780,11,,,0,70,,7781,11,,,0,30,,7784,11,,,0
1600,'4528',711,,6335,34,,,0
