1700,'4528',711,,6418,22,,,0
1700,'5425',902,,6426,22,,,0,100,,6427,22,,,0,198,,6429,21,,,0
1700,'5426',645,,6410,22,,,0,165,,6416,22,,,0,90,,6422,22,,,0,59,,6409,22,,,0,100,,6413,22,,,0,100,,6408,22,,,0,767,,6423,22,,,0
1700,'5427',645,,7900,22,,,0,165,,7906,22,,,0,90,,7911,22,,,0,59,,7899,22,,,0,100,,7903,22,,,0,100,,7898,22,,,0,767,,7912,22,,,0
1700,'5428',754,,7915,22,,,0,103,,7916,22,,,0,90,,7917,22,,,0,171,,7918,22,,,0
1700,'5429',902,,7929,22,,,0,100,,7930,22,,,0,198,,7932,21,,,0
1701,'5425',1557,,6471,34,0,13 14,0,200,,6473,34,0,15 1 16,0,100,,6475,34,0,13 14,0,170,,6476,34,0,13 14,0
1701,'5426',1228,,6452,34,0,15 1 16,0,102,,6455,34,0,15 1 16,0,111,,6457,34,0,15 1 16,0,93,,6460,34,0,15 1 16,0,108,,6465,34,0,15 1 16,0,98,,6461,34,0,15 1 16,0,104,,6464,34,0,15 1 16,0,159,,6462,34,0,13 14,0,98,,6456,34,0,13 14,0,115,,6453,34,0,13 14,0,114,,6466,34,0,13 14,0
1701,'5427',1228,,7941,34,0,15 1 16,0,102,,7944,34,0,15 1 16,0,111,,7946,34,0,15 1 16,0,93,,7948,34,0,15 1 16,0,108,,7953,34,0,15 1 16,0,98,,7949,34,0,15 1 16,0,104,,7952,34,0,15 1 16,0,159,,7950,34,0,13 14,0,98,,7945,34,0,13 14,0,115,,7942,34,0,13 14,0,114,,7954,34,0,13 14,0
1701,'5428',1227,,7960,34,0,15 1 16,0,100,,7961,34,0,15 1 16,0,130,,7958,34,0,15 1 16,0,170,,7962,34,0,15 1 16,0,105,,7963,34,0,15 1 16,0,99,,7965,34,0,13 14,0,105,,7966,34,0,13 14,0,105,,7967,34,0,13 14,0,110,,7964,34,0,13 14,0,159,,7968,34,0,13 14,0
1701,'5429',1557,,7973,34,0,13 14,0,200,,7975,34,0,15 1 16,0,100,,7977,34,0,13 14,0,170,,7978,34,0,13 14,0
