300,'4327',808,,3100,22,,,0,93,,3102,22,,,0,100,,3101,22,,,0,101,,3107,22,,,0,103,,3103,22,,,0,100,,3109,22,,,0,100,,3104,22,,,0,100,,3105,22,,,0,100,,3110,22,,,0,100,,3106,22,,,0,98,,3112,22,,,0,98,,3108,22,,,0,106,,3111,22,,,0,99,,3113,22,,,0,100,,3114,22,0,17 18 19,0
300,'4795',633,,426,22,,,0,22,,413,22,,,0,60,,406,22,,,0,9,,2351,22,,,0,15,,401,22,,,0,19,,429,22,,,0,58,,415,22,,,0,16,,418,22,,,0,19,,419,22,,,0,59,,411,22,,,0,30,,412,22,,,0,70,,414,22,,,0,31,,436,22,,,0,70,,421,22,,,0,30,,409,22,,,0,71,,423,22,,,0,30,,435,22,,,0,70,,397,22,,,0,31,,420,22,,,0,71,,398,22,,,0,33,,430,22,,,0,55,,408,22,,,0,15,,416,22,,,0,10,,1940,22,,,0,4,,439,22,,,0,15,,400,22,,,0,12,,399,22,,,0,55,,427,22,,,0,15,,403,22,,,0,15,,405,22,,,0,15,,434,22,,,0,54,,417,22,,,0,14,,396,22,,,0,14,,402,22,,,0,15,,425,22,,,0,55,,404,22,,,0,29,,433,22,,,0,69,,424,22,,,0,30,,438,22,,,0,70,,422,22,,,0,99,,1939,22,,,0,99,,428,22,,,0,100,,431,22,,,0,96,,395,22,0,17 18 19,0
300,'4800',723,,441,22,,,0,30,,2367,22,,,0,76,,442,22,,,0,76,,445,22,,,0,30,,446,22,,,0,71,,444,22,,,0,30,,443,22,,,0,70,,2368,22,,,0,30,,448,22,,,0,70,,450,22,,,0,31,,449,22,,,0,70,,453,22,,,0,30,,454,22,,,0,70,,2369,22,,,0,30,,456,22,,,0,71,,457,22,,,0,30,,455,22,,,0,70,,459,22,,,0,30,,451,22,,,0,70,,460,22,,,0,30,,458,22,,,0,70,,462,22,,,0,35,,463,22,,,0,64,,464,22,,,0,45,,2370,22,,,0,105,,467,22,,,0,145,,468,22,,,0,103,,461,22,,,0,98,,466,22,,,0
300,'5102',633,,3146,22,,,0,22,,3133,22,,,0,60,,3126,22,,,0,9,,3127,22,,,0,15,,3121,22,,,0,19,,3149,22,,,0,58,,3135,22,,,0,16,,3138,22,,,0,19,,3139,22,,,0,59,,3131,22,,,0,30,,3132,22,,,0,70,,3134,22,,,0,31,,3156,22,,,0,70,,3141,22,,,0,30,,3129,22,,,0,71,,3143,22,,,0,30,,3155,22,,,0,70,,3117,22,,,0,31,,3140,22,,,0,71,,3118,22,,,0,33,,3150,22,,,0,55,,3128,22,,,0,15,,3136,22,,,0,10,,3157,22,,,0,4,,3159,22,,,0,15,,3120,22,,,0,12,,3119,22,,,0,55,,3147,22,,,0,15,,3123,22,,,0,15,,3125,22,,,0,15,,3154,22,,,0,54,,3137,22,,,0,14,,3116,22,,,0,14,,3122,22,,,0,15,,3145,22,,,0,55,,3124,22,,,0,29,,3153,22,,,0,69,,3144,22,,,0,30,,3158,22,,,0,70,,3142,22,,,0,99,,3152,22,,,0,99,,3148,22,,,0,100,,3151,22,,,0,96,,3115,22,0,17 18 19,0
300,'5105',723,,3161,22,,,0,30,,3160,22,,,0,76,,3162,22,,,0,76,,3165,22,,,0,30,,3166,22,,,0,71,,3164,22,,,0,30,,3163,22,,,0,70,,3167,22,,,0,30,,3168,22,,,0,70,,3170,22,,,0,31,,3169,22,,,0,70,,3173,22,,,0,30,,3174,22,,,0,70,,3172,22,,,0,30,,3176,22,,,0,71,,3177,22,,,0,30,,3175,22,,,0,70,,3179,22,,,0,30,,3171,22,,,0,70,,3180,22,,,0,30,,3178,22,,,0,70,,3182,22,,,0,35,,3183,22,,,0,64,,3184,22,,,0,45,,3185,22,,,0,105,,3187,22,,,0,145,,3188,22,,,0,103,,3181,22,,,0,98,,3186,22,,,0
1400,'4795',826,,1517,55,0,7 8 2 9 2 10,0
1400,'5102',826,,4223,55,0,7 8 2 9 2 10,0
8100,'4795',819,,1842,65,,,0
8100,'5102',819,,4548,65,,,0
8101,'5095',1529,,1843,27,,,0
8101,'5097',1418,,1844,27,,,0
8101,'5103',1529,,4549,27,,,0
8101,'5104',1418,,4550,27,,,0
