301,'4327',847,,3189,33,,,0,100,,3190,33,,,0,101,,3195,33,,,0,103,,3191,33,,,0,99,,3196,33,,,0,100,,3192,33,,,0,100,,3193,33,,,0,101,,3198,33,,,0,100,,3194,33,,,0,98,,3200,33,,,0,98,,3197,33,,,0,106,,3199,33,,,0,99,,3201,33,,,0,100,,3202,33,,,0
301,'4795',617,,506,7,,,0,22,,501,7,,,0,20,,498,33,,,0,49,,2371,33,,,0,15,,486,7,,,0,18,,490,33,,,0,18,,499,33,,,0,56,,509,33,,,0,19,,493,33,,,0,19,,500,33,,,0,70,,508,33,,,0,30,,505,33,,,0,71,,523,33,,,0,30,,487,33,,,0,70,,484,33,,,0,31,,510,33,,,0,70,,494,33,,,0,30,,522,33,,,0,71,,516,33,,,0,30,,515,33,,,0,73,,521,33,,,0,15,,514,33,,,0,15,,519,33,,,0,50,,1957,33,,,0,20,,517,33,,,0,13,,512,33,,,0,15,,492,33,,,0,55,,491,33,,,0,15,,488,33,,,0,15,,520,33,,,0,15,,489,33,,,0,54,,503,33,,,0,14,,502,33,,,0,15,,495,33,,,0,15,,496,33,,,0,69,,518,33,,,0,29,,507,33,,,0,70,,525,33,,,0,30,,485,33,,,0,99,,1956,33,,,0,100,,504,33,,,0,100,,511,33,,,0,97,,483,33,,,0
301,'4800',709,,528,7,,,0,30,,2386,7,,,0,76,,529,7,,,0,36,,527,33,,,0,70,,531,33,,,0,31,,536,33,,,0,70,,533,33,,,0,30,,2387,33,,,0,70,,535,33,,,0,30,,534,33,,,0,71,,530,33,,,0,30,,537,33,,,0,70,,539,33,,,0,30,,2388,33,,,0,70,,541,33,,,0,30,,538,33,,,0,70,,542,33,,,0,30,,544,33,,,0,70,,545,33,,,0,30,,547,33,,,0,70,,543,33,,,0,30,,549,33,,,0,75,,546,33,,,0,24,,550,33,,,0,85,,2389,33,,,0,105,,551,33,,,0,105,,552,33,,,0,104,,553,33,,,0,99,,554,33,,,0
301,'5102',617,,3226,7,,,0,22,,3221,7,,,0,20,,3218,33,,,0,49,,3217,33,,,0,15,,3206,7,,,0,18,,3210,33,,,0,18,,3219,33,,,0,56,,3229,33,,,0,19,,3213,33,,,0,19,,3220,33,,,0,70,,3228,33,,,0,30,,3225,33,,,0,71,,3243,33,,,0,30,,3207,33,,,0,70,,3204,33,,,0,31,,3230,33,,,0,70,,3214,33,,,0,30,,3242,33,,,0,71,,3236,33,,,0,30,,3235,33,,,0,73,,3241,33,,,0,15,,3234,33,,,0,15,,3239,33,,,0,50,,3244,33,,,0,20,,3237,33,,,0,13,,3232,33,,,0,15,,3212,33,,,0,55,,3211,33,,,0,15,,3208,33,,,0,15,,3240,33,,,0,15,,3209,33,,,0,54,,3223,33,,,0,14,,3222,33,,,0,15,,3215,33,,,0,15,,3216,33,,,0,69,,3238,33,,,0,29,,3227,33,,,0,70,,3245,33,,,0,30,,3205,33,,,0,99,,3233,33,,,0,100,,3224,33,,,0,100,,3231,33,,,0,97,,3203,33,,,0
301,'5105',709,,3248,7,,,0,30,,3246,7,,,0,76,,3249,7,,,0,36,,3247,33,,,0,70,,3251,33,,,0,31,,3256,33,,,0,70,,3253,33,,,0,30,,3252,33,,,0,70,,3255,33,,,0,30,,3254,33,,,0,71,,3250,33,,,0,30,,3257,33,,,0,70,,3259,33,,,0,30,,3260,33,,,0,70,,3261,33,,,0,30,,3258,33,,,0,70,,3262,33,,,0,30,,3264,33,,,0,70,,3265,33,,,0,30,,3267,33,,,0,70,,3263,33,,,0,30,,3269,33,,,0,75,,3266,33,,,0,24,,3270,33,,,0,85,,3268,33,,,0,105,,3271,33,,,0,105,,3272,33,,,0,104,,3273,33,,,0,99,,3274,33,,,0
1400,'4795',812,,1517,29,0,7 8 2 9 2 10,0,690,,1519,29,0,9,0
1400,'5102',812,,4223,29,0,7 8 2 9 2 10,0,690,,4225,29,0,9,0
8100,'4795',806,,1842,39,,,0
8100,'5102',806,,4548,39,,,0
8101,'5095',1515,,1843,1,,,0
8101,'5097',1404,,1844,1,,,0
8101,'5103',1515,,4549,1,,,0
8101,'5104',1404,,4550,1,,,0
