1400,'4528',610,,6272,1,,,0,31,,6271,1,,,0,196,,6269,1,,,0,390,,6273,1,,,0,217,,6268,1,,,0,115,,6274,1,,,0,79,,6275,1,,,0,75,,6276,1,,,0,39,,6277,1,,,0,259,,6278,1,,,0,30,,6279,1,,,0
1400,'4532',1227,,6289,1,,,0,205,,6291,1,,,0,211,,6292,1,,,0
1400,'5221',1326,,6282,1,,,0
1400,'5425',901,,6281,1,,,0,200,,6280,1,,,0,130,,6285,1,,,0,195,,6283,1,,,0,130,,6284,1,,,0,265,,6286,1,,,0
1400,'5426',726,,6264,1,,,0,27,,6266,1,,,0,175,,6267,1,,,0,114,,6265,1,,,0,815,,6270,1,,,0
1400,'5427',726,,7800,1,,,0,27,,7802,1,,,0,175,,7803,1,,,0,114,,7801,1,,,0,815,,7804,1,,,0
1400,'5428',756,,7805,1,,,0,175,,7807,1,,,0,95,,7811,1,,,0,101,,7808,1,,,0,200,,7809,1,,,0,524,,7806,1,,,0,100,,7810,1,,,0
1400,'5429',901,,7813,1,,,0,200,,7812,1,,,0,130,,7816,1,,,0,195,,7814,1,,,0,130,,7815,1,,,0,265,,7817,1,,,0
1401,'4528',610,,6304,14,4,,0,31,,6305,14,4,,0,196,,6302,14,4,,0,390,,6306,14,4,,0,217,,6301,14,4,,0,115,,6308,14,4,,0,79,,6307,14,4,,0,75,,6309,14,4,,0,39,,6310,14,4,,0,259,,6311,14,4,,0,30,,6312,14,4,,0
1401,'4532',1227,,6322,14,4,,0,205,,6321,14,4,,0,211,,6325,14,4,,0
1401,'5221',1326,,6316,14,4,,0
1401,'5425',901,,6314,14,4,,0,200,,6313,14,4,,0,130,,6318,14,4,,0,195,,6315,14,4,,0,130,,6317,14,4,,0,265,,6319,14,4,,0
1401,'5426',726,,6297,14,4,,0,27,,6299,14,4,,0,175,,6300,14,4,,0,114,,6298,14,4,,0,815,,6303,14,4,,0
1401,'5427',726,,7818,14,4,,0,27,,7820,14,4,,0,175,,7821,14,4,,0,114,,7819,14,4,,0,815,,7822,14,4,,0
1401,'5428',756,,7823,14,4,,0,175,,7825,14,4,,0,95,,7828,14,4,,0,101,,7826,14,4,,0,200,,7829,14,4,,0,524,,7824,14,4,,0,100,,7827,14,4,,0
1401,'5429',901,,7831,14,4,,0,200,,7830,14,4,,0,130,,7834,14,4,,0,195,,7832,14,4,,0,130,,7833,14,4,,0,265,,7835,14,4,,0
