101,'4528',601,,4930,2,,,0,30,,4931,2,,,0,70,,4932,2,,,0,30,,4934,2,,,0,15,,4933,2,,,0,55,,4936,2,,,0,100,,4976,2,,,0,40,,4980,2,,,0,260,,4942,2,,,0,30,,4944,2,,,0,190,,4948,2,,,0,110,,4952,2,,,0,15,,4950,2,,,0,155,,4953,2,,,0,45,,4958,2,,,0,160,,4979,2,,,0,100,,4962,2,,,0,100,,4964,2,,,0,100,,4967,2,,,0,100,,4968,2,,,0
101,'4532',906,,5016,2,,,0,100,,5018,2,,,0,100,,5020,2,,,0,100,,5022,2,,,0,100,,5024,2,,,0
101,'5221',701,,4981,2,,,0,100,,4985,2,,,0,200,,4986,2,,,0,100,,4987,2,,,0,100,,4990,2,,,0,330,,4996,2,,,0,100,,5009,2,,,0,100,,5011,2,,,0
101,'5425',731,,4982,2,,,0,100,,4984,2,,,0,70,,4983,2,,,0,30,,4989,2,,,0,100,,4988,2,,,0,100,,5000,2,,,0,100,,4991,2,,,0,70,,4992,2,,,0,30,,4993,2,,,0,70,,4994,2,,,0,30,,4999,2,,,0,70,,4995,2,,,0,100,,4998,2,,,0,100,,4997,2,,,0,105,,5002,2,,,0,25,,5001,2,,,0,70,,5003,2,,,0,30,,5012,2,,,0,70,,5007,2,,,0,30,,5004,2,,,0,70,,5006,2,,,0,30,,5005,2,,,0,70,,5008,2,,,0,30,,5013,2,,,0,78,,5010,2,,,0,22,,5014,2,,,0
101,'5426',716,,4938,2,,,0,100,,4935,2,,,0,15,,4937,2,,,0,15,,4939,2,,,0,75,,4940,2,,,0,80,,4974,2,,,0,30,,4943,2,,,0,70,,4973,2,,,0,30,,4941,2,,,0,170,,4946,2,,,0,30,,4947,2,,,0,70,,4972,2,,,0,40,,4975,2,,,0,60,,4945,2,,,0,15,,4951,2,,,0,85,,4977,2,,,0,15,,4949,2,,,0,15,,4954,2,,,0,15,,4955,2,,,0,70,,4957,2,,,0,15,,4978,2,,,0,70,,4956,2,,,0,20,,4959,2,,,0,20,,4960,2,,,0,95,,4961,2,,,0,100,,4963,2,,,0,100,,4965,2,,,0,100,,4966,2,,,0,100,,4969,2,,,0,70,,4970,2,,,0,30,,4971,2,,,0
101,'5427',716,,6676,2,,,0,100,,6674,2,,,0,15,,6675,2,,,0,15,,6677,2,,,0,75,,6678,2,,,0,80,,6701,2,,,0,30,,6680,2,,,0,70,,6700,2,,,0,30,,6679,2,,,0,170,,6682,2,,,0,30,,6683,2,,,0,70,,6699,2,,,0,40,,6702,2,,,0,60,,6681,2,,,0,15,,6685,2,,,0,85,,6703,2,,,0,15,,6684,2,,,0,15,,6686,2,,,0,15,,6687,2,,,0,70,,6689,2,,,0,15,,6704,2,,,0,70,,6688,2,,,0,20,,6690,2,,,0,20,,6691,2,,,0,95,,6692,2,,,0,100,,6693,2,,,0,100,,6694,2,,,0,100,,6695,2,,,0,100,,6696,2,,,0,70,,6697,2,,,0,30,,6698,2,,,0
101,'5428',621,,6728,2,,,0,30,,6729,2,,,0,70,,6726,2,,,0,25,,6731,2,,,0,60,,6725,2,,,0,15,,6732,2,,,0,15,,6705,2,,,0,15,,6733,2,,,0,85,,6706,2,,,0,100,,6707,2,,,0,100,,6708,2,,,0,100,,6709,2,,,0,100,,6710,2,,,0,70,,6711,2,,,0,30,,6712,2,,,0,70,,6713,2,,,0,30,,6715,2,,,0,15,,6734,2,,,0,55,,6716,2,,,0,15,,6735,2,,,0,15,,6717,2,,,0,15,,6736,2,,,0,55,,6718,2,,,0,15,,6737,2,,,0,15,,6719,2,,,0,15,,6738,2,,,0,55,,6720,2,,,0,30,,6714,2,,,0,85,,6721,2,,,0,100,,6722,2,,,0,105,,6723,2,,,0,105,,6724,2,,,0,105,,6727,2,,,0,100,,6730,2,,,0
101,'5429',731,,6739,2,,,0,100,,6741,2,,,0,70,,6740,2,,,0,30,,6743,2,,,0,100,,6742,2,,,0,100,,6752,2,,,0,100,,6744,2,,,0,70,,6745,2,,,0,30,,6746,2,,,0,70,,6747,2,,,0,30,,6751,2,,,0,70,,6748,2,,,0,100,,6750,2,,,0,100,,6749,2,,,0,105,,6754,2,,,0,25,,6753,2,,,0,70,,6755,2,,,0,30,,6762,2,,,0,70,,6759,2,,,0,30,,6756,2,,,0,70,,6758,2,,,0,30,,6757,2,,,0,70,,6760,2,,,0,30,,6763,2,,,0,78,,6761,2,,,0,22,,6764,2,,,0
201,'4528',746,,5135,2,,,0,155,,5140,2,,,0,100,,5137,2,,,0,100,,5143,2,,,0,100,,5145,2,,,0,100,,5147,2,,,0,99,,5148,2,,,0,101,,5151,2,,,0,110,,5120,2,,,0,100,,5122,2,,,0
201,'4532',836,,5164,2,,,0
201,'5425',821,,5152,2,,,0,110,,5153,2,,,0,100,,5154,2,,,0,100,,5156,2,,,0,105,,5155,2,,,0,95,,5158,2,,,0,100,,5157,2,,,0,100,,5161,2,,,0,105,,5163,2,,,0,100,,5162,2,,,0,166,,5159,2,,,0,100,,5160,2,,,0
201,'5426',731,,5136,2,,,0,70,,5138,2,,,0,30,,5134,2,,,0,100,,5141,2,,,0,100,,5142,2,,,0,100,,5144,2,,,0,100,,5146,2,,,0,99,,5150,2,,,0,101,,5149,2,,,0,110,,5124,2,,,0,100,,5128,2,,,0,100,,5119,2,,,0,75,,5129,2,,,0,40,,5123,2,,,0,70,,5126,2,,,0,75,,5130,2,,,0,25,,5127,2,,,0,30,,5121,2,,,0,70,,5125,2,,,0
201,'5427',731,,6831,2,,,0,70,,6832,2,,,0,30,,6830,2,,,0,100,,6834,2,,,0,100,,6835,2,,,0,100,,6836,2,,,0,100,,6837,2,,,0,99,,6839,2,,,0,101,,6838,2,,,0,110,,6821,2,,,0,100,,6825,2,,,0,100,,6818,2,,,0,75,,6826,2,,,0,40,,6820,2,,,0,70,,6823,2,,,0,75,,6827,2,,,0,25,,6824,2,,,0,30,,6819,2,,,0,70,,6822,2,,,0
201,'5428',936,,6841,2,,,0,100,,6844,2,,,0,100,,6845,2,,,0,100,,6846,2,,,0,100,,6843,2,,,0,100,,6840,2,,,0,70,,6851,2,,,0,30,,6847,2,,,0,70,,6850,2,,,0,30,,6842,2,,,0,70,,6848,2,,,0,30,,6849,2,,,0,90,,6852,2,,,0,80,,6854,2,,,0,51,,6855,2,,,0,94,,6853,2,,,0,100,,6856,2,,,0
201,'5429',821,,6857,2,,,0,110,,6858,2,,,0,100,,6859,2,,,0,100,,6861,2,,,0,105,,6860,2,,,0,95,,6863,2,,,0,100,,6862,2,,,0,100,,6866,2,,,0,105,,6868,2,,,0,100,,6867,2,,,0,166,,6864,2,,,0,100,,6865,2,,,0
301,'4528',751,,5291,2,,,0,150,,5290,2,,,0,400,,5297,2,,,0,230,,5275,2,,,0,115,,5285,2,,,0,155,,5299,2,,,0
301,'4532',1301,,5333,2,,,0,130,,5332,2,,,0,100,,5338,2,,,0,100,,5342,2,,,0
301,'5221',1528,,5315,2,,,0,298,,5314,2,,,0,106,,5316,2,,,0
301,'5425',828,,5306,2,,,0,100,,5307,2,,,0,100,,5312,2,,,0,103,,5308,2,,,0,97,,5313,2,,,0,100,,5309,2,,,0,100,,5310,2,,,0,200,,5311,2,,,0,98,,5317,2,,,0,306,,5318,2,,,0,100,,5319,2,,,0
301,'5426',649,,5280,2,,,0,70,,5273,2,,,0,16,,5281,2,,,0,76,,5276,2,,,0,20,,5282,2,,,0,100,,5287,2,,,0,70,,5304,2,,,0,30,,5270,2,,,0,70,,5268,2,,,0,30,,5292,2,,,0,70,,5277,2,,,0,30,,5303,2,,,0,100,,5296,2,,,0,70,,5302,2,,,0,30,,5300,2,,,0,70,,5298,2,,,0,15,,5294,2,,,0,30,,5274,2,,,0,55,,5271,2,,,0,15,,5301,2,,,0,15,,5272,2,,,0,70,,5284,2,,,0,15,,5278,2,,,0,15,,5279,2,,,0,100,,5289,2,,,0,70,,5305,2,,,0,30,,5269,2,,,0,100,,5295,2,,,0,100,,5286,2,,,0,100,,5293,2,,,0,100,,5267,2,,,0
301,'5427',649,,6951,2,,,0,70,,6945,2,,,0,16,,6952,2,,,0,76,,6947,2,,,0,20,,6953,2,,,0,100,,6957,2,,,0,70,,6969,2,,,0,30,,6942,2,,,0,70,,6940,2,,,0,30,,6959,2,,,0,70,,6948,2,,,0,30,,6968,2,,,0,100,,6963,2,,,0,70,,6967,2,,,0,30,,6965,2,,,0,70,,6964,2,,,0,15,,6961,2,,,0,30,,6946,2,,,0,55,,6943,2,,,0,15,,6966,2,,,0,15,,6944,2,,,0,70,,6955,2,,,0,15,,6949,2,,,0,15,,6950,2,,,0,100,,6958,2,,,0,70,,6970,2,,,0,30,,6941,2,,,0,100,,6962,2,,,0,100,,6956,2,,,0,100,,6960,2,,,0,100,,6939,2,,,0
301,'5428',831,,6973,2,,,0,70,,6975,2,,,0,30,,6980,2,,,0,70,,6978,2,,,0,30,,6977,2,,,0,70,,6976,2,,,0,30,,6979,2,,,0,70,,6972,2,,,0,30,,6981,2,,,0,100,,6982,2,,,0,70,,6983,2,,,0,100,,6984,2,,,0,100,,6986,2,,,0,100,,6985,2,,,0,30,,6990,2,,,0,75,,6987,2,,,0,25,,6988,2,,,0,85,,6989,2,,,0,105,,6991,2,,,0,105,,6992,2,,,0,105,,6993,2,,,0,100,,6994,2,,,0
301,'5429',828,,6995,2,,,0,100,,6996,2,,,0,100,,7001,2,,,0,103,,6997,2,,,0,97,,7002,2,,,0,100,,6998,2,,,0,100,,6999,2,,,0,200,,7000,2,,,0,98,,7003,2,,,0,306,,7004,2,,,0,100,,7005,2,,,0
