401,'4327',828,,3347,18,,,0,119,,3344,18,,,0,160,,3345,18,,,0,120,,3346,18,,,0,95,,3350,18,,,0,126,,3348,18,,,0,167,,3349,18,,,0,124,,3351,18,,,0,120,,3352,18,,,0
401,'4795',620,,634,18,,,0,26,,638,18,,,0,87,,636,18,,,0,73,,640,18,,,0,30,,637,18,,,0,69,,641,18,,,0,30,,662,18,,,0,70,,635,18,,,0,31,,644,18,,,0,70,,645,18,,,0,32,,643,18,,,0,70,,642,18,,,0,30,,651,18,,,0,70,,663,18,,,0,30,,650,18,,,0,70,,639,18,,,0,30,,660,18,,,0,70,,649,18,,,0,7,,664,18,,,0,24,,659,18,,,0,70,,656,18,,,0,12,,665,18,,,0,18,,647,18,,,0,70,,646,18,,,0,29,,655,18,,,0,69,,648,18,,,0,28,,657,18,,,0,97,,658,18,,,0,96,,653,18,,,0,98,,652,18,,,0,100,,2412,18,,,0,118,,2413,18,,,0
401,'4800',816,,2423,18,,,0,25,,2424,18,,,0,65,,2426,18,,,0,25,,2425,18,,,0,26,,2427,18,,,0,65,,2429,18,,,0,25,,2430,18,,,0,66,,2431,18,,,0,25,,2428,18,,,0,67,,2432,18,,,0,27,,678,18,,,0,68,,675,18,,,0,27,,677,18,,,0,28,,679,18,,,0,67,,681,18,,,0,29,,683,18,,,0,67,,684,18,,,0,29,,682,18,,,0,67,,686,18,,,0,26,,687,18,,,0,67,,685,18,,,0,27,,680,18,,,0,67,,688,18,,,0,26,,690,18,,,0,74,,689,18,,,0,100,,691,18,,,0,100,,692,18,,,0,99,,693,18,,,0,100,,2433,18,,,0
401,'5102',620,,3353,18,,,0,26,,3357,18,,,0,87,,3355,18,,,0,73,,3359,18,,,0,30,,3356,18,,,0,69,,3360,18,,,0,30,,3381,18,,,0,70,,3354,18,,,0,31,,3363,18,,,0,70,,3364,18,,,0,32,,3362,18,,,0,70,,3361,18,,,0,30,,3370,18,,,0,70,,3382,18,,,0,30,,3369,18,,,0,70,,3358,18,,,0,30,,3379,18,,,0,70,,3368,18,,,0,21,,3383,18,,,0,10,,3378,18,,,0,70,,3375,18,,,0,30,,3366,18,,,0,70,,3365,18,,,0,29,,3374,18,,,0,69,,3367,18,,,0,28,,3376,18,,,0,97,,3377,18,,,0,96,,3372,18,,,0,98,,3371,18,,,0,100,,3373,18,,,0,118,,3380,18,,,0
401,'5105',816,,3384,18,,,0,25,,3385,18,,,0,65,,3387,18,,,0,25,,3386,18,,,0,26,,3388,18,,,0,65,,3390,18,,,0,25,,3391,18,,,0,66,,3392,18,,,0,25,,3389,18,,,0,67,,3394,18,,,0,27,,3396,18,,,0,68,,3393,18,,,0,27,,3395,18,,,0,28,,3397,18,,,0,67,,3399,18,,,0,29,,3401,18,,,0,67,,3402,18,,,0,29,,3400,18,,,0,67,,3404,18,,,0,26,,3405,18,,,0,67,,3403,18,,,0,27,,3398,18,,,0,67,,3406,18,,,0,26,,3408,18,,,0,74,,3407,18,,,0,100,,3409,18,,,0,100,,3410,18,,,0,99,,3411,18,,,0,100,,3412,18,,,0
7001,'4795',1525,,1825,16,,,0
7001,'5102',1525,,4531,16,,,0
7100,'4795',731,,1826,3,,,0
7100,'5102',731,,4532,3,,,0
7200,'4795',736,,2712,3,,,0
7200,'5102',736,,4533,3,,,0
7401,'5095',1537,,2714,13,,,0
7401,'5097',1437,,2713,13,,,0
7401,'5103',1537,,4536,13,,,0
7401,'5104',1437,,4537,13,,,0
7701,'4795',1542,,2716,16,,,0
7701,'5102',1542,,4540,16,,,0
