1600,'4528',653,,6335,10,,,0,82,,6344,10,0,5,0,66,,6336,10,0,5,0,100,,6331,10,0,5,0,100,,6332,10,0,5,0,200,,6339,10,0,5,0
1600,'4532',1601,,6360,10,0,5,0,105,,6364,10,0,5,0
1600,'5425',903,,6345,10,0,5,0,100,,6348,10,0,5,0,100,,6346,10,0,5,0,100,,6347,10,0,5,0,102,,6349,10,0,5,0,100,,6352,10,0,5,0,99,,6355,10,0,5,0,100,,6353,10,0,5,0,105,,6350,10,0,5,0,99,,6351,10,0,5,0,99,,6354,10,0,5,0,100,,6356,10,0,5,0
1600,'5426',1101,,6333,10,0,5,0,200,,6334,10,0,5,0,102,,6330,10,0,5,0,100,,6337,10,0,5,0,113,,6338,10,0,5,0,101,,6341,10,0,5,0,95,,6343,10,0,5,0,98,,6342,10,0,5,0,100,,6340,10,0,5,0
1600,'5427',1101,,7837,10,0,5,0,200,,7838,10,0,5,0,102,,7836,10,0,5,0,100,,7839,10,0,5,0,113,,7840,10,0,5,0,101,,7842,10,0,5,0,95,,7844,10,0,5,0,98,,7843,10,0,5,0,100,,7841,10,0,5,0
1600,'5428',844,,7848,10,0,5,0,115,,7847,10,0,5,0,95,,7846,10,0,5,0,151,,7849,10,0,5,0,95,,7850,10,0,5,0,101,,7845,10,0,5,0,100,,7851,10,0,5,0,300,,7852,10,0,5,0,58,,7853,10,0,5,0,100,,7854,10,0,5,0
1600,'5429',903,,7855,10,0,5,0,100,,7858,10,0,5,0,100,,7856,10,0,5,0,100,,7857,10,0,5,0,102,,7859,10,0,5,0,100,,7862,10,0,5,0,99,,7865,10,0,5,0,100,,7863,10,0,5,0,105,,7860,10,0,5,0,99,,7861,10,0,5,0,99,,7864,10,0,5,0,100,,7866,10,0,5,0
1700,'4528',726,,6418,41,,,0
1700,'5425',916,,6426,41,,,0,100,,6427,41,,,0,102,,6428,22,,,0,96,,6429,40,,,0,200,,6431,22,,,0,208,,6430,10,,,0,102,,6432,22,,,0,112,,6433,22,,,0,85,,6434,10,,,0,130,,6435,10,,,0
1700,'5426',700,,6410,41,,,0,128,,6416,41,,,0,87,,6422,41,,,0,99,,6409,41,,,0,100,,6413,41,,,0,100,,6408,41,,,0,99,,6411,22,,,0,101,,6414,22,,,0,115,,6417,22,,,0,93,,6419,22,,,0,107,,6424,22,,,0,97,,6420,22,,,0,113,,6423,41,,,0,87,,6421,10,,,0,98,,6415,10,,,0,115,,6412,10,,,0,114,,6425,10,,,0
1700,'5427',700,,7900,41,,,0,128,,7906,41,,,0,87,,7911,41,,,0,99,,7899,41,,,0,100,,7903,41,,,0,100,,7898,41,,,0,99,,7901,22,,,0,101,,7904,22,,,0,115,,7907,22,,,0,93,,7908,22,,,0,107,,7913,22,,,0,97,,7909,22,,,0,113,,7912,41,,,0,87,,7910,10,,,0,98,,7905,10,,,0,115,,7902,10,,,0,114,,7914,10,,,0
1700,'5428',808,,7915,41,,,0,103,,7916,41,,,0,90,,7917,41,,,0,132,,7918,41,,,0,169,,7919,22,,,0,103,,7920,22,,,0,130,,7921,22,,,0,171,,7922,22,,,0,104,,7923,22,,,0,45,,7924,10,,,0,145,,7925,10,,,0,105,,7926,10,,,0,110,,7927,10,,,0,119,,7928,10,,,0
1700,'5429',916,,7929,41,,,0,100,,7930,41,,,0,102,,7931,22,,,0,96,,7932,40,,,0,200,,7934,22,,,0,208,,7933,10,,,0,102,,7935,22,,,0,112,,7936,22,,,0,85,,7937,10,,,0,130,,7938,10,,,0
