700,'4687',1826,,928,9,,,0,112,,938,9,,,0,270,,932,9,,,0
700,'4795',617,,890,9,,,0,18,,891,9,,,0,17,,892,9,,,0,54,,893,9,,,0,16,,894,9,,,0,6,,895,9,,,0,10,,896,9,,,0,17,,897,9,,,0,60,,898,9,,,0,11,,899,9,,,0,19,,900,9,,,0,11,,901,9,,,0,56,,902,9,,,0,12,,903,9,,,0,18,,904,9,,,0,13,,920,9,,,0,57,,905,9,,,0,13,,945,9,,,0,17,,906,9,,,0,69,,907,9,,,0,34,,908,9,,,0,67,,909,9,,,0,32,,910,9,,,0,68,,911,9,,,0,32,,912,9,,,0,69,,913,9,,,0,34,,914,9,,,0,11,,915,9,,,0,55,,916,9,,,0,18,,917,9,,,0,13,,918,9,,,0,57,,919,9,,,0,12,,921,9,,,0,18,,924,9,,,0,12,,936,9,,,0,58,,925,9,,,0,12,,922,9,,,0,18,,926,9,,,0,11,,937,9,,,0,58,,927,9,,,0,10,,923,9,,,0,29,,939,9,,,0,72,,929,9,,,0,100,,930,9,,,0,27,,941,9,,,0,71,,931,9,,,0,29,,940,9,,,0,98,,942,9,,,0,70,,933,9,,,0,28,,943,9,,,0,73,,934,9,,,0,31,,944,9,,,0,70,,935,9,,,0
700,'4800',645,,984,9,,,0,70,,983,9,,,0,31,,971,9,,,0,70,,946,9,,,0,31,,947,9,,,0,71,,949,9,,,0,29,,948,9,,,0,71,,955,9,,,0,31,,960,9,,,0,54,,975,9,,,0,16,,961,9,,,0,15,,976,9,,,0,22,,963,9,,,0,73,,958,9,,,0,28,,964,9,,,0,70,,957,9,,,0,32,,965,9,,,0,68,,959,9,,,0,30,,979,9,,,0,53,,966,9,,,0,14,,977,9,,,0,16,,967,9,,,0,14,,981,9,,,0,55,,956,9,,,0,16,,980,9,,,0,14,,968,9,,,0,15,,978,9,,,0,64,,962,9,,,0,29,,969,9,,,0,70,,950,9,,,0,36,,951,9,,,0,73,,952,9,,,0,76,,973,9,,,0,34,,972,9,,,0,105,,953,9,,,0,96,,954,9,,,0,100,,970,9,,,0,98,,974,9,,,0,66,,982,9,,,0,29,,985,9,,,0
700,'5096',1826,,2018,9,,,0,112,,2020,9,,,0,270,,2019,9,,,0
700,'5100',730,,2021,9,,,0,27,,2022,9,,,0,100,,2023,9,,,0,97,,2024,9,,,0,73,,2026,9,,,0,30,,2025,9,,,0,67,,2028,9,,,0,33,,2034,9,,,0,67,,2029,9,,,0,29,,2027,9,,,0,72,,2031,9,,,0,28,,2041,9,,,0,72,,2032,9,,,0,29,,2036,9,,,0,71,,2030,9,,,0,29,,2033,9,,,0,71,,2035,9,,,0,27,,2040,9,,,0,72,,2037,9,,,0,27,,2042,9,,,0,71,,2038,9,,,0,29,,2044,9,,,0,101,,2039,9,,,0,99,,2046,9,,,0,104,,2043,9,,,0,95,,2045,9,,,0,100,,2047,9,,,0
7300,'4795',744,,1828,17,,,0
7301,'4795',1532,,1829,31,,,0
7701,'4795',1554,,1834,29,,,0
7900,'4795',756,,1837,22,0,6,0
7901,'5095',1520,,1838,22,0,6,0
7901,'5097',1520,,1839,22,0,6,0
