1400,'4327',1111,,4214,13,,,0,225,,4216,13,,,0,495,,4220,13,,,0
1400,'4332',806,,4237,13,,,0,135,,4240,13,,,0,95,,4246,13,,,0,101,,4243,13,,,0,200,,4245,13,,,0,317,,4242,13,,,0,247,,4238,13,,,0,100,,4244,13,,,0
1400,'4480',737,,4221,13,,,0,315,,4222,13,,,0,557,,4231,13,,,0,39,,4232,13,,,0,75,,4233,13,,,0,79,,4234,13,,,0,105,,4227,13,,,0
1400,'5010',911,,4215,13,,,0,330,,4219,13,,,0,195,,4217,13,,,0,170,,4218,13,,,0
1400,'5196',911,,4671,13,,,0,330,,4674,13,,,0,195,,4672,13,,,0,170,,4673,13,,,0
1400,'5244',1237,,4675,13,,,0,205,,4676,13,,,0
1400,'5246',619,,4229,13,,,0,31,,4228,13,,,0,153,,4223,13,0,7 8 2 9 2 10,0,44,,4226,13,,,0,91,,4224,13,,,0,299,,4230,13,,,0,216,,4225,13,0,9,0,568,,4235,13,,,0,30,,4236,13,,,0
1400,'5247',619,,4682,13,,,0,31,,4681,13,,,0,153,,4677,13,0,7 8 2 9 2 10,0,44,,4680,13,,,0,91,,4678,13,,,0,299,,4683,13,,,0,216,,4679,13,0,9,0,568,,4684,13,,,0,30,,4685,13,,,0
8001,'4675',1508,,4547,28,4,,0
8001,'5103',1508,,4546,28,4,,0
8100,'4480',753,,4548,22,,,0
8101,'4675',1435,,4550,49,,,0
8101,'5103',1546,,4549,49,,,0
