1401,'4327',1056,,4247,8,,,0,265,,4250,8,,,0,495,,4253,8,,,0
1401,'4332',751,,4270,8,,,0,175,,4274,8,,,0,95,,4278,8,,,0,101,,4276,8,,,0,200,,4279,8,,,0,315,,4275,8,,,0,209,,4273,8,,,0,100,,4277,8,,,0
1401,'4480',721,,4254,8,,,0,315,,4255,8,,,0,517,,4265,8,,,0,79,,4264,8,,,0,75,,4266,8,,,0,39,,4267,8,,,0,105,,4260,8,,,0
1401,'5010',856,,4248,8,,,0,370,,4252,8,,,0,195,,4249,8,,,0,130,,4251,8,,,0
1401,'5196',856,,4686,8,,,0,370,,4689,8,,,0,195,,4687,8,,,0,130,,4688,8,,,0
1401,'5244',1222,,4691,8,,,0,205,,4690,8,,,0
1401,'5246',605,,4261,8,,,0,31,,4262,8,,,0,111,,4256,8,,,0,84,,4259,8,,,0,91,,4257,8,,,0,299,,4263,8,,,0,217,,4258,8,,,0,568,,4268,8,,,0,30,,4269,8,,,0
1401,'5247',605,,4696,8,,,0,31,,4697,8,,,0,111,,4692,8,,,0,84,,4695,8,,,0,91,,4693,8,,,0,299,,4698,8,,,0,217,,4694,8,,,0,568,,4699,8,,,0,30,,4700,8,,,0
8001,'4675',1505,,4547,22,,,0
8001,'5103',1505,,4546,22,,,0
8100,'4480',740,,4548,3,,,0
8101,'4675',1422,,4550,31,,,0
8101,'5103',1533,,4549,31,,,0
