1601,'4528',737,,6374,8,,,0,100,,6370,8,,,0,100,,6371,8,,,0,200,,6378,8,,,0
1601,'4532',1536,,6404,8,,,0,105,,6402,8,,,0
1601,'5425',841,,6384,8,,,0,100,,6387,8,,,0,100,,6385,8,,,0,100,,6386,8,,,0,100,,6388,8,,,0,100,,6390,8,,,0,100,,6395,8,,,0,100,,6392,8,,,0,105,,6389,8,,,0,100,,6391,8,,,0,100,,6393,8,,,0,100,,6394,8,,,0
1601,'5426',1037,,6369,8,,,0,200,,6372,8,,,0,100,,6373,8,,,0,100,,6376,8,,,0,111,,6377,8,,,0,102,,6380,8,,,0,97,,6382,8,,,0,100,,6381,8,,,0,100,,6379,8,,,0
1601,'5427',1037,,7867,8,,,0,200,,7868,8,,,0,100,,7869,8,,,0,100,,7870,8,,,0,111,,7871,8,,,0,102,,7873,8,,,0,97,,7875,8,,,0,100,,7874,8,,,0,100,,7872,8,,,0
1601,'5428',822,,7877,8,,,0,114,,7876,8,,,0,95,,7878,8,,,0,110,,7880,8,,,0,95,,7881,8,,,0,100,,7879,8,,,0,100,,7882,8,,,0,300,,7883,8,,,0,100,,7884,8,,,0,100,,7885,8,,,0
1601,'5429',841,,7886,8,,,0,100,,7889,8,,,0,100,,7887,8,,,0,100,,7888,8,,,0,100,,7890,8,,,0,100,,7892,8,,,0,100,,7897,8,,,0,100,,7894,8,,,0,105,,7891,8,,,0,100,,7893,8,,,0,100,,7895,8,,,0,100,,7896,8,,,0
1701,'5425',816,,6467,8,0,11 12,0,100,,6468,8,0,11 12,0,115,,6469,8,0,11 12,0,95,,6470,8,0,13 14,0,200,,6472,8,0,11 12,0,210,,6471,8,0,13 14,0,100,,6474,8,0,11 12,0,100,,6473,8,0,15 1 16,0,100,,6475,8,0,13 14,0,170,,6476,8,0,13 14,0
1701,'5426',722,,6458,8,0,11 12,0,85,,6463,8,0,11 12,0,100,,6451,8,0,11 12,0,100,,6454,8,0,11 12,0,100,,6450,8,0,11 12,0,100,,6452,8,0,15 1 16,0,100,,6455,8,0,15 1 16,0,110,,6457,8,0,15 1 16,0,91,,6460,8,0,15 1 16,0,110,,6465,8,0,15 1 16,0,100,,6461,8,0,15 1 16,0,104,,6464,8,0,15 1 16,0,119,,6462,8,0,13 14,0,100,,6456,8,0,13 14,0,115,,6453,8,0,13 14,0,155,,6466,8,0,13 14,0
1701,'5427',722,,7947,8,0,11 12,0,85,,7951,8,0,11 12,0,100,,7940,8,0,11 12,0,100,,7943,8,0,11 12,0,100,,7939,8,0,11 12,0,100,,7941,8,0,15 1 16,0,100,,7944,8,0,15 1 16,0,110,,7946,8,0,15 1 16,0,91,,7948,8,0,15 1 16,0,110,,7953,8,0,15 1 16,0,100,,7949,8,0,15 1 16,0,104,,7952,8,0,15 1 16,0,119,,7950,8,0,13 14,0,100,,7945,8,0,13 14,0,115,,7942,8,0,13 14,0,155,,7954,8,0,13 14,0
1701,'5428',716,,7959,8,0,11 12,0,100,,7956,8,0,11 12,0,90,,7955,8,0,11 12,0,130,,7957,8,0,11 12,0,170,,7960,8,0,15 1 16,0,100,,7961,8,0,15 1 16,0,130,,7958,8,0,15 1 16,0,170,,7962,8,0,15 1 16,0,105,,7963,8,0,15 1 16,0,100,,7965,8,0,13 14,0,105,,7966,8,0,13 14,0,105,,7967,8,0,13 14,0,110,,7964,8,0,13 14,0,120,,7968,8,0,13 14,0
1701,'5429',816,,7969,8,0,11 12,0,100,,7970,8,0,11 12,0,115,,7971,8,0,11 12,0,95,,7972,8,0,13 14,0,200,,7974,8,0,11 12,0,210,,7973,8,0,13 14,0,100,,7976,8,0,11 12,0,100,,7975,8,0,15 1 16,0,100,,7977,8,0,13 14,0,170,,7978,8,0,13 14,0
