301,'4327',849,,3189,37,,,0,100,,3190,37,,,0,101,,3195,37,,,0,103,,3191,37,,,0,100,,3196,37,,,0,100,,3192,37,,,0,100,,3193,37,,,0,100,,3198,37,,,0,100,,3194,37,,,0,98,,3200,37,,,0,98,,3197,37,,,0,106,,3199,37,,,0,99,,3201,37,,,0,100,,3202,37,,,0
301,'4795',620,,506,11,,,0,22,,501,11,,,0,60,,498,37,,,0,9,,2371,37,,,0,15,,486,11,,,0,18,,490,37,,,0,58,,499,37,,,0,16,,509,37,,,0,19,,493,37,,,0,19,,500,37,,,0,70,,508,37,,,0,30,,505,37,,,0,71,,523,37,,,0,30,,487,37,,,0,70,,484,37,,,0,31,,510,37,,,0,70,,494,37,,,0,30,,522,37,,,0,71,,516,37,,,0,30,,515,37,,,0,73,,521,37,,,0,15,,514,37,,,0,55,,519,37,,,0,10,,1957,37,,,0,20,,517,37,,,0,13,,512,37,,,0,55,,492,37,,,0,15,,491,37,,,0,15,,488,37,,,0,15,,520,37,,,0,55,,489,37,,,0,14,,503,37,,,0,14,,502,37,,,0,15,,495,37,,,0,15,,496,37,,,0,69,,518,37,,,0,29,,507,37,,,0,70,,525,37,,,0,30,,485,37,,,0,99,,1956,37,,,0,99,,504,37,,,0,100,,511,37,,,0,96,,483,37,,,0
301,'4800',711,,528,11,,,0,30,,2386,11,,,0,76,,529,11,,,0,36,,527,37,,,0,70,,531,37,,,0,31,,536,37,,,0,70,,533,37,,,0,30,,2387,37,,,0,70,,535,37,,,0,30,,534,37,,,0,71,,530,37,,,0,30,,537,37,,,0,70,,539,37,,,0,30,,2388,37,,,0,70,,541,37,,,0,31,,538,37,,,0,70,,542,37,,,0,30,,544,37,,,0,70,,545,37,,,0,30,,547,37,,,0,70,,543,37,,,0,30,,549,37,,,0,75,,546,37,,,0,24,,550,37,,,0,85,,2389,37,,,0,105,,551,37,,,0,105,,552,37,,,0,103,,553,37,,,0,99,,554,37,,,0
301,'5102',620,,3226,11,,,0,22,,3221,11,,,0,60,,3218,37,,,0,9,,3217,37,,,0,15,,3206,11,,,0,18,,3210,37,,,0,58,,3219,37,,,0,16,,3229,37,,,0,19,,3213,37,,,0,19,,3220,37,,,0,70,,3228,37,,,0,30,,3225,37,,,0,71,,3243,37,,,0,30,,3207,37,,,0,70,,3204,37,,,0,31,,3230,37,,,0,70,,3214,37,,,0,30,,3242,37,,,0,71,,3236,37,,,0,30,,3235,37,,,0,73,,3241,37,,,0,15,,3234,37,,,0,55,,3239,37,,,0,10,,3244,37,,,0,20,,3237,37,,,0,13,,3232,37,,,0,55,,3212,37,,,0,15,,3211,37,,,0,15,,3208,37,,,0,15,,3240,37,,,0,55,,3209,37,,,0,14,,3223,37,,,0,14,,3222,37,,,0,15,,3215,37,,,0,15,,3216,37,,,0,69,,3238,37,,,0,29,,3227,37,,,0,70,,3245,37,,,0,30,,3205,37,,,0,99,,3233,37,,,0,99,,3224,37,,,0,100,,3231,37,,,0,96,,3203,37,,,0
301,'5105',711,,3248,11,,,0,30,,3246,11,,,0,76,,3249,11,,,0,36,,3247,37,,,0,70,,3251,37,,,0,31,,3256,37,,,0,70,,3253,37,,,0,30,,3252,37,,,0,70,,3255,37,,,0,30,,3254,37,,,0,71,,3250,37,,,0,30,,3257,37,,,0,70,,3259,37,,,0,30,,3260,37,,,0,70,,3261,37,,,0,31,,3258,37,,,0,70,,3262,37,,,0,30,,3264,37,,,0,70,,3265,37,,,0,30,,3267,37,,,0,70,,3263,37,,,0,30,,3269,37,,,0,75,,3266,37,,,0,24,,3270,37,,,0,85,,3268,37,,,0,105,,3271,37,,,0,105,,3272,37,,,0,103,,3273,37,,,0,99,,3274,37,,,0
1400,'4795',813,,1517,33,0,7 8 2 9 2 10,0,690,,1519,33,0,9,0
1400,'5102',813,,4223,33,0,7 8 2 9 2 10,0,690,,4225,33,0,9,0
8100,'4795',808,,1842,43,,,0
8100,'5102',808,,4548,43,,,0
8101,'5095',1517,,1843,5,,,0
8101,'5097',1406,,1844,5,,,0
8101,'5103',1517,,4549,5,,,0
8101,'5104',1406,,4550,5,,,0
