300,'4327',802,,3100,11,,,0,53,,3102,11,,,0,100,,3101,11,,,0,101,,3107,11,,,0,103,,3103,11,,,0,100,,3109,11,,,0,100,,3104,11,,,0,100,,3105,11,,,0,100,,3110,11,,,0,100,,3106,11,,,0,98,,3112,11,,,0,98,,3108,11,,,0,146,,3111,11,,,0,99,,3113,11,,,0,100,,3114,11,0,17 18 19,0
300,'4795',626,,426,11,,,0,22,,413,11,,,0,60,,406,11,,,0,9,,2351,11,,,0,15,,401,11,,,0,18,,429,11,,,0,58,,415,11,,,0,16,,418,11,,,0,19,,419,11,,,0,59,,411,11,,,0,30,,412,11,,,0,70,,414,11,,,0,31,,436,11,,,0,70,,421,11,,,0,30,,409,11,,,0,71,,423,11,,,0,30,,435,11,,,0,70,,397,11,,,0,31,,420,11,,,0,70,,398,11,,,0,33,,430,11,,,0,15,,408,11,,,0,55,,416,11,,,0,10,,1940,11,,,0,5,,439,11,,,0,15,,400,11,,,0,13,,399,11,,,0,55,,427,11,,,0,15,,403,11,,,0,15,,405,11,,,0,15,,434,11,,,0,55,,417,11,,,0,14,,396,11,,,0,14,,402,11,,,0,15,,425,11,,,0,55,,404,11,,,0,29,,433,11,,,0,69,,424,11,,,0,30,,438,11,,,0,70,,422,11,,,0,99,,1939,11,,,0,99,,428,11,,,0,100,,431,11,,,0,56,,395,11,0,17 18 19,0
300,'4800',717,,441,11,,,0,30,,2367,11,,,0,76,,442,11,,,0,36,,445,11,,,0,70,,446,11,,,0,71,,444,11,,,0,30,,443,11,,,0,70,,2368,11,,,0,30,,448,11,,,0,70,,450,11,,,0,31,,449,11,,,0,70,,453,11,,,0,30,,454,11,,,0,70,,2369,11,,,0,30,,456,11,,,0,71,,457,11,,,0,30,,455,11,,,0,70,,459,11,,,0,30,,451,11,,,0,70,,460,11,,,0,30,,458,11,,,0,70,,462,11,,,0,35,,463,11,,,0,64,,464,11,,,0,45,,2370,11,,,0,105,,467,11,,,0,105,,468,11,,,0,103,,461,11,,,0,98,,466,11,,,0
300,'5102',626,,3146,11,,,0,22,,3133,11,,,0,60,,3126,11,,,0,9,,3127,11,,,0,15,,3121,11,,,0,18,,3149,11,,,0,58,,3135,11,,,0,16,,3138,11,,,0,19,,3139,11,,,0,59,,3131,11,,,0,30,,3132,11,,,0,70,,3134,11,,,0,31,,3156,11,,,0,70,,3141,11,,,0,30,,3129,11,,,0,71,,3143,11,,,0,30,,3155,11,,,0,70,,3117,11,,,0,31,,3140,11,,,0,70,,3118,11,,,0,33,,3150,11,,,0,15,,3128,11,,,0,55,,3136,11,,,0,10,,3157,11,,,0,5,,3159,11,,,0,15,,3120,11,,,0,13,,3119,11,,,0,55,,3147,11,,,0,15,,3123,11,,,0,15,,3125,11,,,0,15,,3154,11,,,0,55,,3137,11,,,0,14,,3116,11,,,0,14,,3122,11,,,0,15,,3145,11,,,0,55,,3124,11,,,0,29,,3153,11,,,0,69,,3144,11,,,0,30,,3158,11,,,0,70,,3142,11,,,0,99,,3152,11,,,0,99,,3148,11,,,0,100,,3151,11,,,0,56,,3115,11,0,17 18 19,0
300,'5105',717,,3161,11,,,0,30,,3160,11,,,0,76,,3162,11,,,0,36,,3165,11,,,0,70,,3166,11,,,0,71,,3164,11,,,0,30,,3163,11,,,0,70,,3167,11,,,0,30,,3168,11,,,0,70,,3170,11,,,0,31,,3169,11,,,0,70,,3173,11,,,0,30,,3174,11,,,0,70,,3172,11,,,0,30,,3176,11,,,0,71,,3177,11,,,0,30,,3175,11,,,0,70,,3179,11,,,0,30,,3171,11,,,0,70,,3180,11,,,0,30,,3178,11,,,0,70,,3182,11,,,0,35,,3183,11,,,0,64,,3184,11,,,0,45,,3185,11,,,0,105,,3187,11,,,0,105,,3188,11,,,0,103,,3181,11,,,0,98,,3186,11,,,0
1400,'4795',819,,1517,44,0,7 8 2 9 2 10,0
1400,'5102',819,,4223,44,0,7 8 2 9 2 10,0
8100,'4795',814,,1842,54,,,0
8100,'5102',814,,4548,54,,,0
8101,'5095',1523,,1843,16,,,0
8101,'5097',1412,,1844,16,,,0
8101,'5103',1523,,4549,16,,,0
8101,'5104',1412,,4550,16,,,0
