1400,'4327',909,,4215,11,,,0,200,,4214,11,,,0,130,,4219,11,,,0,95,,4216,11,,,0,100,,4217,11,,,0,170,,4218,11,,,0,225,,4220,11,,,0
1400,'4795',617,,1523,11,,,0,31,,1522,11,,,0,87,,1515,11,,,0,67,,1517,11,0,7 8 2 9 2 10,0,43,,1520,11,,,0,91,,1518,11,,,0,114,,1516,11,,,0,185,,1524,11,,,0,217,,1519,11,0,9,0,155,,1525,11,,,0,39,,1526,11,,,0,75,,1527,11,,,0,79,,1528,11,,,0,105,,1521,11,,,0,114,,1529,11,,,0,30,,1530,11,,,0
1400,'4800',804,,1531,11,,,0,135,,2625,11,,,0,95,,1540,11,,,0,101,,1537,11,,,0,100,,1533,11,,,0,100,,1539,11,,,0,105,,1535,11,,,0,212,,1536,11,,,0,207,,1532,11,,,0,100,,1538,11,,,0
1400,'5102',617,,4229,11,,,0,31,,4228,11,,,0,87,,4221,11,,,0,67,,4223,11,0,7 8 2 9 2 10,0,43,,4226,11,,,0,91,,4224,11,,,0,114,,4222,11,,,0,185,,4230,11,,,0,217,,4225,11,0,9,0,155,,4231,11,,,0,39,,4232,11,,,0,75,,4233,11,,,0,79,,4234,11,,,0,105,,4227,11,,,0,114,,4235,11,,,0,30,,4236,11,,,0
1400,'5105',804,,4237,11,,,0,135,,4240,11,,,0,95,,4246,11,,,0,101,,4243,11,,,0,100,,4239,11,,,0,100,,4245,11,,,0,105,,4241,11,,,0,212,,4242,11,,,0,207,,4238,11,,,0,100,,4244,11,,,0
8001,'5095',1507,,1840,26,,,0
8001,'5097',1507,,1841,26,,,0
8001,'5103',1507,,4546,26,,,0
8001,'5104',1507,,4547,26,,,0
8100,'4795',751,,1842,20,,,0
8100,'5102',751,,4548,20,,,0
8101,'5095',1544,,1843,47,,,0
8101,'5097',1433,,1844,47,,,0
8101,'5103',1544,,4549,47,,,0
8101,'5104',1433,,4550,47,,,0
