1401,'4327',1055,,4247,7,,,0,265,,4250,7,,,0,495,,4253,7,,,0
1401,'4332',750,,4270,7,,,0,175,,4274,7,,,0,95,,4278,7,,,0,101,,4276,7,,,0,200,,4279,7,,,0,315,,4275,7,,,0,209,,4273,7,,,0,100,,4277,7,,,0
1401,'4480',720,,4254,7,,,0,315,,4255,7,,,0,517,,4265,7,,,0,79,,4264,7,,,0,75,,4266,7,,,0,39,,4267,7,,,0,105,,4260,7,,,0
1401,'5010',855,,4248,7,,,0,370,,4252,7,,,0,195,,4249,7,,,0,130,,4251,7,,,0
1401,'5196',855,,4686,7,,,0,370,,4689,7,,,0,195,,4687,7,,,0,130,,4688,7,,,0
1401,'5244',1221,,4691,7,,,0,205,,4690,7,,,0
1401,'5246',604,,4261,7,,,0,31,,4262,7,,,0,111,,4256,7,,,0,84,,4259,7,,,0,91,,4257,7,,,0,299,,4263,7,,,0,217,,4258,7,,,0,568,,4268,7,,,0,30,,4269,7,,,0
1401,'5247',604,,4696,7,,,0,31,,4697,7,,,0,111,,4692,7,,,0,84,,4695,7,,,0,91,,4693,7,,,0,299,,4698,7,,,0,217,,4694,7,,,0,568,,4699,7,,,0,30,,4700,7,,,0
8001,'4675',1504,,4547,21,,,0
8001,'5103',1504,,4546,21,,,0
8100,'4480',739,,4548,2,,,0
8101,'4675',1421,,4550,30,,,0
8101,'5103',1532,,4549,30,,,0
