400,'4795',639,,564,19,,,0,66,,569,19,,,0,49,,566,19,,,0,74,,571,19,,,0,28,,568,19,,,0,68,,574,19,,,0,30,,567,19,,,0,70,,565,19,,,0,32,,575,19,,,0,70,,580,19,,,0,32,,577,19,,,0,70,,570,19,,,0,30,,582,19,,,0,70,,591,19,,,0,31,,581,19,,,0,70,,593,19,,,0,30,,572,19,,,0,70,,592,19,,,0,7,,594,19,,,0,65,,589,19,,,0,30,,578,19,,,0,12,,595,19,,,0,58,,579,19,,,0,29,,576,19,,,0,28,,586,19,,,0,69,,573,19,,,0,28,,587,19,,,0,96,,588,19,,,0,96,,584,19,,,0,97,,583,19,,,0,100,,585,19,,,0,157,,590,19,,,0
400,'4800',833,,597,19,,,0,25,,598,19,,,0,65,,596,19,,,0,25,,599,19,,,0,67,,600,19,,,0,26,,601,19,,,0,65,,602,19,,,0,26,,603,19,,,0,26,,604,19,,,0,67,,605,19,,,0,27,,606,19,,,0,68,,607,19,,,0,27,,608,19,,,0,68,,609,19,,,0,27,,611,19,,,0,69,,613,19,,,0,27,,610,19,,,0,69,,616,19,,,0,27,,614,19,,,0,66,,612,19,,,0,27,,615,19,,,0,27,,617,19,,,0,67,,618,19,,,0,25,,619,19,,,0,74,,621,19,,,0,99,,620,19,,,0,100,,622,19,,,0,99,,623,19,,,0,99,,624,19,,,0
400,'5100',847,,1975,19,,,0,159,,1973,19,,,0,120,,1972,19,,,0,121,,1974,19,,,0,95,,1979,19,,,0,166,,1977,19,,,0,127,,1978,19,,,0,123,,1976,19,,,0,160,,1980,19,,,0
900,'4687',2318,,1207,22,,,0,97,,1209,22,,,0,96,,1143,22,,,0
900,'4795',634,,1144,22,,,0,72,,1145,22,,,0,33,,1146,22,,,0,16,,1147,22,,,0,56,,1148,22,,,0,17,,1149,22,,,0,14,,1150,22,,,0,13,,1151,22,,,0,47,,1152,22,,,0,9,,1153,22,,,0,13,,1154,22,,,0,15,,1155,22,,,0,15,,1156,22,,,0,55,,1157,22,,,0,15,,1158,22,,,0,15,,1159,22,,,0,15,,1160,22,,,0,55,,1161,22,,,0,16,,1162,22,,,0,16,,1163,22,,,0,15,,1164,22,,,0,55,,1165,22,,,0,15,,1166,22,,,0,15,,1167,22,,,0,14,,1168,22,,,0,55,,1169,22,,,0,16,,1170,22,,,0,15,,1171,22,,,0,15,,1172,22,,,0,55,,1173,22,,,0,15,,1174,22,,,0,14,,1175,22,,,0,18,,1176,22,,,0,54,,1177,22,,,0,15,,1178,22,,,0,17,,1179,22,,,0,7,,1180,22,,,0,8,,1181,22,,,0,56,,1182,22,,,0,14,,1183,22,,,0,15,,1184,22,,,0,57,,1185,22,,,0,15,,1186,22,,,0,14,,1187,22,,,0,7,,1188,22,,,0,6,,1189,22,,,0,14,,1190,22,,,0,55,,1191,22,,,0,13,,1192,22,,,0,12,,1193,22,,,0,15,,1194,22,,,0,55,,1195,22,,,0,15,,1196,22,,,0,14,,1197,22,,,0,15,,1198,22,,,0,56,,1199,22,,,0,14,,1200,22,,,0,15,,1201,22,,,0,20,,1202,22,,,0,60,,1203,22,,,0,34,,1204,22,,,0,70,,1205,22,,,0,25,,1206,22,,,0,99,,1208,22,,,0,97,,1210,22,,,0
900,'4800',632,,1250,22,,,0,70,,1251,22,,,0,33,,1239,22,,,0,70,,1212,22,,,0,31,,1213,22,,,0,70,,1214,22,,,0,32,,1211,22,,,0,72,,1216,22,,,0,29,,1218,22,,,0,69,,1215,22,,,0,15,,1243,22,,,0,15,,1219,22,,,0,15,,1247,22,,,0,55,,1217,22,,,0,32,,1221,22,,,0,71,,1222,22,,,0,30,,1220,22,,,0,72,,1223,22,,,0,30,,1224,22,,,0,12,,1241,22,,,0,55,,1226,22,,,0,15,,1245,22,,,0,15,,1227,22,,,0,15,,1242,22,,,0,55,,1225,22,,,0,15,,1244,22,,,0,15,,1229,22,,,0,15,,1248,22,,,0,55,,1230,22,,,0,15,,1246,22,,,0,15,,1231,22,,,0,70,,1228,22,,,0,35,,1233,22,,,0,79,,1237,22,,,0,30,,1234,22,,,0,100,,1235,22,,,0,100,,1232,22,,,0,99,,1236,22,,,0,102,,1238,22,,,0,102,,1240,22,,,0,143,,1249,22,,,0
900,'5096',2318,,2079,22,,,0,97,,2080,22,,,0,96,,2078,22,,,0
900,'5100',733,,2081,22,,,0,70,,2083,22,,,0,31,,2082,22,,,0,70,,2084,22,,,0,30,,2086,22,,,0,71,,2085,22,,,0,30,,2087,22,,,0,70,,2089,22,,,0,30,,2090,22,,,0,71,,2088,22,,,0,30,,2091,22,,,0,71,,2092,22,,,0,30,,2095,22,,,0,70,,2094,22,,,0,30,,2096,22,,,0,70,,2093,22,,,0,31,,2107,22,,,0,70,,2097,22,,,0,30,,2099,22,,,0,69,,2098,22,,,0,30,,2100,22,,,0,70,,2101,22,,,0,30,,2112,22,,,0,70,,2106,22,,,0,30,,2102,22,,,0,68,,2103,22,,,0,30,,2104,22,,,0,70,,2105,22,,,0,30,,2111,22,,,0,70,,2108,22,,,0,29,,2109,22,,,0,68,,2110,22,,,0,30,,2113,22,,,0,70,,2114,22,,,0
7200,'4795',755,,1827,24,,,0
7500,'4795',815,,1832,17,4,,0
7900,'4795',805,,1837,35,4,,0
