100,'4528',600,,4803,7,,,0,30,,4804,15,,,0,72,,4805,15,,,0,30,,4806,15,,,0,73,,4815,15,,,0,15,,4814,15,,,0,16,,4842,15,,,0,99,,4837,15,,,0,81,,4847,15,,,0,222,,4834,15,,,0,70,,4833,15,,,0,151,,4816,15,,,0,148,,4838,15,,,0,15,,4844,15,,,0,114,,4829,15,,,0,83,,4827,15,,,0,119,,4835,15,,,0,97,,4826,15,,,0,100,,4820,15,,,0,100,,4817,15,,,0,99,,4841,15,,,0
100,'4532',937,,4891,15,,,0,100,,4896,15,,,0,102,,4898,15,,,0,100,,4901,15,,,0,100,,4902,15,,,0
100,'5221',728,,4856,15,,,0,100,,4859,15,,,0,203,,4861,15,,,0,101,,4864,15,,,0,101,,4866,15,,,0,371,,4872,15,,,0,99,,4883,15,,,0,100,,4886,15,,,0
100,'5425',709,,4855,15,,,0,49,,4857,15,,,0,100,,4858,15,,,0,71,,4860,15,,,0,72,,4863,15,,,0,100,,4862,15,,,0,102,,4876,15,,,0,100,,4865,15,,,0,30,,4869,15,,,0,70,,4867,15,,,0,30,,4870,15,,,0,71,,4871,15,,,0,30,,4868,15,,,0,100,,4873,15,,,0,99,,4874,15,,,0,103,,4877,15,,,0,65,,4875,15,,,0,30,,4878,15,,,0,70,,4887,15,,,0,29,,4880,15,,,0,70,,4879,15,,,0,29,,4881,15,,,0,29,,4882,15,,,0,70,,4884,15,,,0,30,,4888,15,,,0,77,,4885,15,,,0,22,,4889,15,,,0
100,'5426',748,,4807,15,,,0,102,,4843,15,,,0,55,,4818,15,,,0,15,,4810,15,,,0,35,,4836,15,,,0,81,,4846,15,,,0,71,,4845,15,,,0,30,,4850,15,,,0,71,,4849,15,,,0,130,,4824,15,,,0,70,,4813,15,,,0,31,,4812,15,,,0,79,,4811,15,,,0,20,,4839,15,,,0,15,,4821,15,,,0,84,,4840,15,,,0,15,,4853,15,,,0,54,,4852,15,,,0,15,,4832,15,,,0,28,,4854,15,,,0,55,,4830,15,,,0,30,,4848,15,,,0,20,,4851,15,,,0,59,,4828,15,,,0,92,,4831,15,,,0,100,,4822,15,,,0,100,,4819,15,,,0,100,,4825,15,,,0,97,,4823,15,,,0,29,,4808,15,,,0,70,,4809,15,,,0
100,'5427',748,,6581,15,,,0,102,,6602,15,,,0,55,,6588,15,,,0,15,,6584,15,,,0,35,,6599,15,,,0,81,,6604,15,,,0,71,,6603,15,,,0,30,,6607,15,,,0,71,,6606,15,,,0,130,,6593,15,,,0,70,,6587,15,,,0,31,,6586,15,,,0,79,,6585,15,,,0,20,,6600,15,,,0,15,,6590,15,,,0,84,,6601,15,,,0,15,,6610,15,,,0,54,,6609,15,,,0,15,,6598,15,,,0,28,,6611,15,,,0,55,,6596,15,,,0,30,,6605,15,,,0,20,,6608,15,,,0,59,,6595,15,,,0,92,,6597,15,,,0,100,,6591,15,,,0,100,,6589,15,,,0,100,,6594,15,,,0,97,,6592,15,,,0,29,,6582,15,,,0,70,,6583,15,,,0
100,'5428',639,,6634,15,,,0,9,,6636,15,,,0,70,,6637,15,,,0,30,,6612,15,,,0,66,,6639,15,,,0,20,,6613,15,,,0,15,,6640,15,,,0,57,,6614,15,,,0,16,,6641,15,,,0,85,,6616,15,,,0,100,,6615,15,,,0,102,,6618,15,,,0,100,,6617,15,,,0,100,,6620,15,,,0,31,,6619,15,,,0,70,,6621,15,,,0,30,,6623,15,,,0,70,,6624,15,,,0,13,,6642,15,,,0,15,,6625,15,,,0,15,,6643,15,,,0,55,,6622,15,,,0,15,,6644,15,,,0,15,,6626,15,,,0,15,,6645,15,,,0,55,,6627,15,,,0,15,,6646,15,,,0,15,,6628,15,,,0,70,,6629,15,,,0,45,,6633,15,,,0,99,,6632,15,,,0,104,,6631,15,,,0,144,,6630,15,,,0,103,,6635,15,,,0,99,,6638,15,,,0
100,'5429',709,,6647,15,,,0,49,,6648,15,,,0,100,,6649,15,,,0,71,,6650,15,,,0,72,,6652,15,,,0,100,,6651,15,,,0,102,,6662,15,,,0,100,,6653,15,,,0,30,,6656,15,,,0,70,,6654,15,,,0,30,,6657,15,,,0,71,,6658,15,,,0,30,,6655,15,,,0,100,,6659,15,,,0,99,,6660,15,,,0,103,,6663,15,,,0,65,,6661,15,,,0,30,,6664,15,,,0,70,,6671,15,,,0,29,,6666,15,,,0,70,,6665,15,,,0,29,,6667,15,,,0,29,,6668,15,,,0,70,,6669,15,,,0,30,,6672,15,,,0,77,,6670,15,,,0,22,,6673,15,,,0
200,'5426',2158,,5064,21,0,17 18 19,0
200,'5427',2158,,6773,21,0,17 18 19,0
