1601,'4528',742,,6374,15,,,0,100,,6370,15,,,0,100,,6371,15,,,0,200,,6378,15,,,0
1601,'4532',1541,,6404,15,,,0,105,,6402,15,,,0
1601,'5425',845,,6384,15,,,0,100,,6387,15,,,0,100,,6385,15,,,0,100,,6386,15,,,0,101,,6388,15,,,0,100,,6390,15,,,0,99,,6395,15,,,0,100,,6392,15,,,0,105,,6389,15,,,0,100,,6391,15,,,0,100,,6393,15,,,0,100,,6394,15,,,0
1601,'5426',1042,,6369,15,,,0,200,,6372,15,,,0,101,,6373,15,,,0,100,,6376,15,,,0,111,,6377,15,,,0,102,,6380,15,,,0,97,,6382,15,,,0,98,,6381,15,,,0,100,,6379,15,,,0
1601,'5427',1042,,7867,15,,,0,200,,7868,15,,,0,101,,7869,15,,,0,100,,7870,15,,,0,111,,7871,15,,,0,102,,7873,15,,,0,97,,7875,15,,,0,98,,7874,15,,,0,100,,7872,15,,,0
1601,'5428',826,,7877,15,,,0,115,,7876,15,,,0,95,,7878,15,,,0,110,,7880,15,,,0,95,,7881,15,,,0,100,,7879,15,,,0,100,,7882,15,,,0,300,,7883,15,,,0,99,,7884,15,,,0,100,,7885,15,,,0
1601,'5429',845,,7886,15,,,0,100,,7889,15,,,0,100,,7887,15,,,0,100,,7888,15,,,0,101,,7890,15,,,0,100,,7892,15,,,0,99,,7897,15,,,0,100,,7894,15,,,0,105,,7891,15,,,0,100,,7893,15,,,0,100,,7895,15,,,0,100,,7896,15,,,0
1701,'5425',820,,6467,15,0,11 12,0,100,,6468,15,0,11 12,0,116,,6469,15,0,11 12,0,95,,6470,15,0,13 14,0,200,,6472,15,0,11 12,0,210,,6471,15,0,13 14,0,100,,6474,15,0,11 12,0,100,,6473,15,0,15 1 16,0,100,,6475,15,0,13 14,0,170,,6476,15,0,13 14,0
1701,'5426',727,,6458,15,0,11 12,0,87,,6463,15,0,11 12,0,98,,6451,15,0,11 12,0,100,,6454,15,0,11 12,0,101,,6450,15,0,11 12,0,100,,6452,15,0,15 1 16,0,100,,6455,15,0,15 1 16,0,110,,6457,15,0,15 1 16,0,92,,6460,15,0,15 1 16,0,110,,6465,15,0,15 1 16,0,98,,6461,15,0,15 1 16,0,104,,6464,15,0,15 1 16,0,119,,6462,15,0,13 14,0,100,,6456,15,0,13 14,0,155,,6453,15,0,13 14,0,114,,6466,15,0,13 14,0
1701,'5427',727,,7947,15,0,11 12,0,87,,7951,15,0,11 12,0,98,,7940,15,0,11 12,0,100,,7943,15,0,11 12,0,101,,7939,15,0,11 12,0,100,,7941,15,0,15 1 16,0,100,,7944,15,0,15 1 16,0,110,,7946,15,0,15 1 16,0,92,,7948,15,0,15 1 16,0,110,,7953,15,0,15 1 16,0,98,,7949,15,0,15 1 16,0,104,,7952,15,0,15 1 16,0,119,,7950,15,0,13 14,0,100,,7945,15,0,13 14,0,155,,7942,15,0,13 14,0,114,,7954,15,0,13 14,0
1701,'5428',720,,7959,15,0,11 12,0,100,,7956,15,0,11 12,0,90,,7955,15,0,11 12,0,131,,7957,15,0,11 12,0,170,,7960,15,0,15 1 16,0,100,,7961,15,0,15 1 16,0,130,,7958,15,0,15 1 16,0,170,,7962,15,0,15 1 16,0,105,,7963,15,0,15 1 16,0,99,,7965,15,0,13 14,0,105,,7966,15,0,13 14,0,105,,7967,15,0,13 14,0,110,,7964,15,0,13 14,0,120,,7968,15,0,13 14,0
1701,'5429',820,,7969,15,0,11 12,0,100,,7970,15,0,11 12,0,116,,7971,15,0,11 12,0,95,,7972,15,0,13 14,0,200,,7974,15,0,11 12,0,210,,7973,15,0,13 14,0,100,,7976,15,0,11 12,0,100,,7975,15,0,15 1 16,0,100,,7977,15,0,13 14,0,170,,7978,15,0,13 14,0
