1700,'4528',709,,6418,20,,,0
1700,'5425',900,,6426,20,,,0,100,,6427,20,,,0,158,,6429,19,,,0
1700,'5426',643,,6410,20,,,0,165,,6416,20,,,0,50,,6422,20,,,0,99,,6409,20,,,0,100,,6413,20,,,0,100,,6408,20,,,0,767,,6423,20,,,0
1700,'5427',643,,7900,20,,,0,165,,7906,20,,,0,50,,7911,20,,,0,99,,7899,20,,,0,100,,7903,20,,,0,100,,7898,20,,,0,767,,7912,20,,,0
1700,'5428',752,,7915,20,,,0,103,,7916,20,,,0,90,,7917,20,,,0,171,,7918,20,,,0
1700,'5429',900,,7929,20,,,0,100,,7930,20,,,0,158,,7932,19,,,0
1701,'5425',1555,,6471,32,0,13 14,0,200,,6473,32,0,15 1 16,0,100,,6475,32,0,13 14,0,170,,6476,32,0,13 14,0
1701,'5426',1226,,6452,32,0,15 1 16,0,102,,6455,32,0,15 1 16,0,111,,6457,32,0,15 1 16,0,93,,6460,32,0,15 1 16,0,108,,6465,32,0,15 1 16,0,98,,6461,32,0,15 1 16,0,104,,6464,32,0,15 1 16,0,159,,6462,32,0,13 14,0,58,,6456,32,0,13 14,0,155,,6453,32,0,13 14,0,114,,6466,32,0,13 14,0
1701,'5427',1226,,7941,32,0,15 1 16,0,102,,7944,32,0,15 1 16,0,111,,7946,32,0,15 1 16,0,93,,7948,32,0,15 1 16,0,108,,7953,32,0,15 1 16,0,98,,7949,32,0,15 1 16,0,104,,7952,32,0,15 1 16,0,159,,7950,32,0,13 14,0,58,,7945,32,0,13 14,0,155,,7942,32,0,13 14,0,114,,7954,32,0,13 14,0
1701,'5428',1225,,7960,32,0,15 1 16,0,100,,7961,32,0,15 1 16,0,130,,7958,32,0,15 1 16,0,170,,7962,32,0,15 1 16,0,105,,7963,32,0,15 1 16,0,99,,7965,32,0,13 14,0,105,,7966,32,0,13 14,0,105,,7967,32,0,13 14,0,110,,7964,32,0,13 14,0,159,,7968,32,0,13 14,0
1701,'5429',1555,,7973,32,0,13 14,0,200,,7975,32,0,15 1 16,0,100,,7977,32,0,13 14,0,170,,7978,32,0,13 14,0
