1700,'4528',715,,6418,30,,,0
1700,'5425',906,,6426,30,,,0,100,,6427,30,,,0,198,,6429,29,,,0
1700,'5426',649,,6410,30,,,0,166,,6416,30,,,0,89,,6422,30,,,0,99,,6409,30,,,0,100,,6413,30,,,0,100,,6408,30,,,0,726,,6423,30,,,0
1700,'5427',649,,7900,30,,,0,166,,7906,30,,,0,89,,7911,30,,,0,99,,7899,30,,,0,100,,7903,30,,,0,100,,7898,30,,,0,726,,7912,30,,,0
1700,'5428',757,,7915,30,,,0,143,,7916,30,,,0,50,,7917,30,,,0,172,,7918,30,,,0
1700,'5429',906,,7929,30,,,0,100,,7930,30,,,0,198,,7932,29,,,0
1701,'5425',1600,,6471,42,0,13 14,0,200,,6473,42,0,15 1 16,0,100,,6475,42,0,13 14,0,130,,6476,42,0,13 14,0
1701,'5426',1231,,6452,42,0,15 1 16,0,102,,6455,42,0,15 1 16,0,112,,6457,42,0,15 1 16,0,92,,6460,42,0,15 1 16,0,108,,6465,42,0,15 1 16,0,98,,6461,42,0,15 1 16,0,104,,6464,42,0,15 1 16,0,159,,6462,42,0,13 14,0,98,,6456,42,0,13 14,0,115,,6453,42,0,13 14,0,114,,6466,42,0,13 14,0
1701,'5427',1231,,7941,42,0,15 1 16,0,102,,7944,42,0,15 1 16,0,112,,7946,42,0,15 1 16,0,92,,7948,42,0,15 1 16,0,108,,7953,42,0,15 1 16,0,98,,7949,42,0,15 1 16,0,104,,7952,42,0,15 1 16,0,159,,7950,42,0,13 14,0,98,,7945,42,0,13 14,0,115,,7942,42,0,13 14,0,114,,7954,42,0,13 14,0
1701,'5428',1230,,7960,42,0,15 1 16,0,100,,7961,42,0,15 1 16,0,170,,7958,42,0,15 1 16,0,131,,7962,42,0,15 1 16,0,105,,7963,42,0,15 1 16,0,98,,7965,42,0,13 14,0,105,,7966,42,0,13 14,0,105,,7967,42,0,13 14,0,110,,7964,42,0,13 14,0,159,,7968,42,0,13 14,0
1701,'5429',1600,,7973,42,0,13 14,0,200,,7975,42,0,15 1 16,0,100,,7977,42,0,13 14,0,130,,7978,42,0,13 14,0
