400,'4327',832,,3277,2,,,0,119,,3278,2,,,0,160,,3275,2,,,0,120,,3276,2,,,0,95,,3282,2,,,0,126,,3280,2,,,0,167,,3281,2,,,0,124,,3279,2,,,0,160,,3283,2,,,0
400,'4795',624,,564,2,,,0,26,,569,2,,,0,87,,566,2,,,0,73,,571,2,,,0,30,,568,2,,,0,69,,574,2,,,0,30,,567,2,,,0,70,,565,2,,,0,31,,575,2,,,0,70,,580,2,,,0,32,,577,2,,,0,70,,570,2,,,0,30,,582,2,,,0,70,,591,2,,,0,30,,581,2,,,0,70,,593,2,,,0,30,,572,2,,,0,70,,592,2,,,0,7,,594,2,,,0,25,,589,2,,,0,70,,578,2,,,0,12,,595,2,,,0,18,,579,2,,,0,70,,576,2,,,0,28,,586,2,,,0,69,,573,2,,,0,28,,587,2,,,0,97,,588,2,,,0,96,,584,2,,,0,98,,583,2,,,0,100,,2390,2,,,0,117,,2391,2,,,0
400,'4800',819,,2402,2,,,0,25,,2403,2,,,0,65,,2401,2,,,0,25,,2404,2,,,0,67,,2405,2,,,0,25,,2406,2,,,0,25,,2407,2,,,0,66,,2408,2,,,0,25,,2409,2,,,0,67,,2410,2,,,0,27,,606,2,,,0,68,,607,2,,,0,27,,608,2,,,0,28,,609,2,,,0,67,,611,2,,,0,29,,613,2,,,0,67,,610,2,,,0,29,,616,2,,,0,67,,614,2,,,0,26,,612,2,,,0,67,,615,2,,,0,27,,617,2,,,0,67,,618,2,,,0,26,,619,2,,,0,74,,621,2,,,0,100,,620,2,,,0,100,,622,2,,,0,99,,623,2,,,0,99,,2411,2,,,0
400,'5102',624,,3284,2,,,0,26,,3289,2,,,0,87,,3286,2,,,0,73,,3291,2,,,0,30,,3288,2,,,0,69,,3294,2,,,0,30,,3287,2,,,0,70,,3285,2,,,0,31,,3295,2,,,0,70,,3300,2,,,0,32,,3297,2,,,0,70,,3290,2,,,0,30,,3302,2,,,0,70,,3311,2,,,0,30,,3301,2,,,0,70,,3313,2,,,0,30,,3292,2,,,0,70,,3312,2,,,0,22,,3314,2,,,0,10,,3309,2,,,0,70,,3298,2,,,0,30,,3299,2,,,0,70,,3296,2,,,0,28,,3306,2,,,0,69,,3293,2,,,0,28,,3307,2,,,0,97,,3308,2,,,0,96,,3304,2,,,0,98,,3303,2,,,0,100,,3305,2,,,0,117,,3310,2,,,0
400,'5105',819,,3316,2,,,0,25,,3317,2,,,0,65,,3315,2,,,0,25,,3318,2,,,0,67,,3319,2,,,0,25,,3320,2,,,0,25,,3321,2,,,0,66,,3322,2,,,0,25,,3323,2,,,0,67,,3324,2,,,0,27,,3325,2,,,0,68,,3326,2,,,0,27,,3327,2,,,0,28,,3328,2,,,0,67,,3330,2,,,0,29,,3332,2,,,0,67,,3329,2,,,0,29,,3335,2,,,0,67,,3333,2,,,0,26,,3331,2,,,0,67,,3334,2,,,0,27,,3336,2,,,0,67,,3337,2,,,0,26,,3338,2,,,0,74,,3340,2,,,0,100,,3339,2,,,0,100,,3341,2,,,0,99,,3342,2,,,0,99,,3343,2,,,0
7001,'4795',1530,,1825,20,,,0
7001,'5102',1530,,4531,20,,,0
7100,'4795',733,,1826,7,,,0
7100,'5102',733,,4532,7,,,0
7200,'4795',740,,2712,7,,,0
7200,'5102',740,,4533,7,,,0
7401,'5095',1539,,2714,17,,,0
7401,'5097',1439,,2713,17,,,0
7401,'5103',1539,,4536,17,,,0
7401,'5104',1439,,4537,17,,,0
7701,'4795',1545,,2716,20,,,0
7701,'5102',1545,,4540,20,,,0
7900,'4795',750,,2718,15,0,6,0
7900,'5102',750,,4543,15,0,6,0
7901,'5095',1514,,2720,15,0,6,0
7901,'5097',1514,,2719,15,0,6,0
7901,'5103',1514,,4544,15,0,6,0
7901,'5104',1514,,4545,15,0,6,0
