300,'4327',803,,3100,13,,,0,53,,3102,13,,,0,100,,3101,13,,,0,101,,3107,13,,,0,143,,3103,13,,,0,100,,3109,13,,,0,100,,3104,13,,,0,100,,3105,13,,,0,100,,3110,13,,,0,100,,3106,13,,,0,58,,3112,13,,,0,98,,3108,13,,,0,146,,3111,13,,,0,99,,3113,13,,,0,100,,3114,13,0,17 18 19,0
300,'4795',628,,426,13,,,0,22,,413,13,,,0,60,,406,13,,,0,9,,2351,13,,,0,15,,401,13,,,0,18,,429,13,,,0,58,,415,13,,,0,16,,418,13,,,0,19,,419,13,,,0,59,,411,13,,,0,30,,412,13,,,0,70,,414,13,,,0,31,,436,13,,,0,70,,421,13,,,0,30,,409,13,,,0,71,,423,13,,,0,30,,435,13,,,0,70,,397,13,,,0,31,,420,13,,,0,70,,398,13,,,0,33,,430,13,,,0,15,,408,13,,,0,55,,416,13,,,0,10,,1940,13,,,0,5,,439,13,,,0,15,,400,13,,,0,13,,399,13,,,0,55,,427,13,,,0,15,,403,13,,,0,15,,405,13,,,0,15,,434,13,,,0,54,,417,13,,,0,14,,396,13,,,0,14,,402,13,,,0,15,,425,13,,,0,55,,404,13,,,0,29,,433,13,,,0,69,,424,13,,,0,30,,438,13,,,0,70,,422,13,,,0,99,,1939,13,,,0,99,,428,13,,,0,100,,431,13,,,0,56,,395,13,0,17 18 19,0
300,'4800',718,,441,13,,,0,30,,2367,13,,,0,76,,442,13,,,0,76,,445,13,,,0,30,,446,13,,,0,71,,444,13,,,0,30,,443,13,,,0,70,,2368,13,,,0,30,,448,13,,,0,70,,450,13,,,0,31,,449,13,,,0,70,,453,13,,,0,30,,454,13,,,0,70,,2369,13,,,0,30,,456,13,,,0,71,,457,13,,,0,30,,455,13,,,0,70,,459,13,,,0,30,,451,13,,,0,70,,460,13,,,0,30,,458,13,,,0,70,,462,13,,,0,35,,463,13,,,0,64,,464,13,,,0,45,,2370,13,,,0,105,,467,13,,,0,105,,468,13,,,0,143,,461,13,,,0,58,,466,13,,,0
300,'5102',628,,3146,13,,,0,22,,3133,13,,,0,60,,3126,13,,,0,9,,3127,13,,,0,15,,3121,13,,,0,18,,3149,13,,,0,58,,3135,13,,,0,16,,3138,13,,,0,19,,3139,13,,,0,59,,3131,13,,,0,30,,3132,13,,,0,70,,3134,13,,,0,31,,3156,13,,,0,70,,3141,13,,,0,30,,3129,13,,,0,71,,3143,13,,,0,30,,3155,13,,,0,70,,3117,13,,,0,31,,3140,13,,,0,70,,3118,13,,,0,33,,3150,13,,,0,15,,3128,13,,,0,55,,3136,13,,,0,10,,3157,13,,,0,5,,3159,13,,,0,15,,3120,13,,,0,13,,3119,13,,,0,55,,3147,13,,,0,15,,3123,13,,,0,15,,3125,13,,,0,15,,3154,13,,,0,54,,3137,13,,,0,14,,3116,13,,,0,14,,3122,13,,,0,15,,3145,13,,,0,55,,3124,13,,,0,29,,3153,13,,,0,69,,3144,13,,,0,30,,3158,13,,,0,70,,3142,13,,,0,99,,3152,13,,,0,99,,3148,13,,,0,100,,3151,13,,,0,56,,3115,13,0,17 18 19,0
300,'5105',718,,3161,13,,,0,30,,3160,13,,,0,76,,3162,13,,,0,76,,3165,13,,,0,30,,3166,13,,,0,71,,3164,13,,,0,30,,3163,13,,,0,70,,3167,13,,,0,30,,3168,13,,,0,70,,3170,13,,,0,31,,3169,13,,,0,70,,3173,13,,,0,30,,3174,13,,,0,70,,3172,13,,,0,30,,3176,13,,,0,71,,3177,13,,,0,30,,3175,13,,,0,70,,3179,13,,,0,30,,3171,13,,,0,70,,3180,13,,,0,30,,3178,13,,,0,70,,3182,13,,,0,35,,3183,13,,,0,64,,3184,13,,,0,45,,3185,13,,,0,105,,3187,13,,,0,105,,3188,13,,,0,143,,3181,13,,,0,58,,3186,13,,,0
1400,'4795',820,,1517,46,0,7 8 2 9 2 10,0
1400,'5102',820,,4223,46,0,7 8 2 9 2 10,0
8100,'4795',815,,1842,56,,,0
8100,'5102',815,,4548,56,,,0
8101,'5095',1524,,1843,18,,,0
8101,'5097',1413,,1844,18,,,0
8101,'5103',1524,,4549,18,,,0
8101,'5104',1413,,4550,18,,,0
