501,'5425',902,,5573,3,,,0,119,,5574,3,,,0,120,,5571,3,,,0,162,,5572,3,,,0,55,,5576,3,,,0,167,,5575,3,,,0,127,,5577,3,,,0,161,,5578,3,,,0
501,'5426',657,,5545,3,,,0,70,,5548,3,,,0,73,,5547,3,,,0,33,,5546,3,,,0,73,,5554,3,,,0,33,,5556,3,,,0,73,,5555,3,,,0,33,,5550,3,,,0,73,,5549,3,,,0,33,,5557,3,,,0,73,,5552,3,,,0,76,,5553,3,,,0,36,,5551,3,,,0,76,,5570,3,,,0,36,,5568,3,,,0,76,,5565,3,,,0,76,,5559,3,,,0,36,,5560,3,,,0,77,,5561,3,,,0,35,,5563,3,,,0,75,,5566,3,,,0,35,,5564,3,,,0,85,,5562,3,,,0,100,,5558,3,,,0,100,,5567,3,,,0,116,,5569,3,,,0
501,'5427',657,,7202,3,,,0,70,,7205,3,,,0,73,,7204,3,,,0,33,,7203,3,,,0,73,,7211,3,,,0,33,,7213,3,,,0,73,,7212,3,,,0,33,,7207,3,,,0,73,,7206,3,,,0,33,,7214,3,,,0,73,,7209,3,,,0,76,,7210,3,,,0,36,,7208,3,,,0,76,,7227,3,,,0,36,,7225,3,,,0,76,,7222,3,,,0,76,,7216,3,,,0,36,,7217,3,,,0,77,,7218,3,,,0,35,,7220,3,,,0,75,,7223,3,,,0,35,,7221,3,,,0,85,,7219,3,,,0,100,,7215,3,,,0,100,,7224,3,,,0,116,,7226,3,,,0
501,'5428',747,,7242,3,,,0,70,,7230,3,,,0,30,,7228,3,,,0,70,,7244,3,,,0,30,,7231,3,,,0,70,,7245,3,,,0,30,,7229,3,,,0,70,,7243,3,,,0,30,,7232,3,,,0,70,,7246,3,,,0,30,,7233,3,,,0,71,,7241,3,,,0,30,,7235,3,,,0,70,,7247,3,,,0,30,,7234,3,,,0,71,,7252,3,,,0,30,,7238,3,,,0,69,,7248,3,,,0,30,,7237,3,,,0,70,,7251,3,,,0,30,,7236,3,,,0,70,,7249,3,,,0,119,,7239,3,,,0,95,,7250,3,,,0,103,,7240,3,,,0,100,,7253,3,,,0
501,'5429',902,,7256,3,,,0,119,,7257,3,,,0,120,,7254,3,,,0,162,,7255,3,,,0,55,,7259,3,,,0,167,,7258,3,,,0,127,,7260,3,,,0,161,,7261,3,,,0
701,'5425',715,,5828,20,,,0,27,,5829,23,,,0,99,,5830,20,,,0,97,,5831,23,,,0,73,,5834,20,,,0,30,,5832,20,,,0,67,,5833,23,,,0,33,,5841,20,,,0,67,,5836,23,,,0,28,,5835,20,,,0,72,,5838,23,,,0,28,,5848,20,,,0,72,,5840,23,,,0,29,,5844,20,,,0,71,,5839,23,,,0,29,,5837,20,,,0,71,,5843,23,,,0,28,,5847,20,,,0,72,,5842,23,,,0,28,,5849,20,,,0,71,,5845,23,,,0,29,,5851,20,,,0,101,,5846,23,,,0,99,,5854,20,,,0,104,,5850,23,,,0,96,,5852,20,,,0,101,,5853,23,,,0
701,'5426',602,,5773,3,,,0,18,,5774,20,,,0,17,,5775,23,,,0,14,,5776,20,,,0,56,,5777,23,,,0,16,,5778,23,,,0,15,,5779,20,,,0,19,,5780,23,,,0,52,,5781,20,,,0,19,,5782,23,,,0,11,,5783,20,,,0,16,,5784,23,,,0,52,,5785,20,,,0,18,,5786,23,,,0,13,,5822,20,,,0,17,,5787,23,,,0,53,,5827,20,,,0,17,,5788,23,,,0,29,,5789,20,,,0,73,,5790,23,,,0,27,,5791,20,,,0,72,,5792,23,,,0,28,,5793,20,,,0,72,,5794,23,,,0,28,,5795,20,,,0,74,,5796,23,,,0,11,,5797,20,,,0,15,,5798,20,,,0,58,,5799,23,,,0,13,,5800,20,,,0,17,,5801,23,,,0,12,,5802,20,,,0,58,,5803,23,,,0,12,,5804,20,,,0,18,,5805,23,,,0,12,,5806,20,,,0,58,,5807,23,,,0,12,,5808,20,,,0,18,,5809,23,,,0,11,,5823,20,,,0,56,,5824,23,,,0,13,,5810,20,,,0,32,,5811,23,,,0,67,,5812,20,,,0,33,,5813,23,,,0,67,,5814,20,,,0,31,,5815,23,,,0,69,,5816,20,,,0,31,,5817,23,,,0,69,,5818,20,,,0,30,,5819,23,,,0,68,,5820,20,,,0,33,,5821,23,,,0,72,,5825,20,,,0,30,,5826,23,,,0
701,'5427',602,,7421,3,,,0,18,,7422,20,,,0,17,,7423,23,0,5,0,14,,7424,20,,,0,56,,7425,23,0,5,0,16,,7426,23,0,5,0,15,,7427,20,,,0,19,,7428,23,0,5,0,52,,7429,20,,,0,19,,7430,23,0,5,0,11,,7431,20,,,0,16,,7432,23,0,5,0,52,,7433,20,,,0,18,,7434,23,0,5,0,13,,7470,20,,,0,17,,7435,23,0,5,0,53,,7475,20,,,0,17,,7436,23,0,5,0,29,,7437,20,,,0,73,,7438,23,0,5,0,27,,7439,20,,,0,72,,7440,23,0,5,0,28,,7441,20,,,0,72,,7442,23,0,5,0,28,,7443,20,,,0,74,,7444,23,0,5,0,11,,7445,20,,,0,15,,7446,20,,,0,58,,7447,23,0,5,0,13,,7448,20,,,0,17,,7449,23,0,5,0,12,,7450,20,,,0,58,,7451,23,0,5,0,12,,7452,20,,,0,18,,7453,23,0,5,0,12,,7454,20,,,0,58,,7455,23,0,5,0,12,,7456,20,,,0,18,,7457,23,0,5,0,11,,7471,20,,,0,56,,7472,23,0,5,0,13,,7458,20,,,0,32,,7459,23,0,5,0,67,,7460,20,,,0,33,,7461,23,0,5,0,67,,7462,20,,,0,31,,7463,23,0,5,0,69,,7464,20,,,0,31,,7465,23,0,5,0,69,,7466,20,,,0,30,,7467,23,0,5,0,68,,7468,20,,,0,33,,7469,23,0,5,0,72,,7473,20,,,0,30,,7474,23,0,5,0
701,'5428',630,,7514,23,0,5,0,70,,7513,20,,,0,31,,7501,23,0,5,0,70,,7476,20,,,0,30,,7477,20,,,0,71,,7478,23,0,5,0,29,,7479,20,,,0,70,,7487,20,,,0,31,,7492,23,0,5,0,14,,7505,20,,,0,56,,7491,23,0,5,0,15,,7506,20,,,0,22,,7494,20,,,0,72,,7490,23,0,5,0,28,,7493,20,,,0,70,,7486,20,,,0,32,,7496,23,0,5,0,68,,7489,20,,,0,30,,7509,23,0,5,0,13,,7497,20,,,0,55,,7510,20,,,0,16,,7498,23,0,5,0,14,,7508,20,,,0,15,,7485,20,,,0,56,,7511,23,0,5,0,14,,7495,20,,,0,15,,7507,20,,,0,64,,7488,23,0,5,0,29,,7499,20,,,0,70,,7480,20,,,0,36,,7483,23,0,5,0,74,,7484,20,,,0,36,,7502,23,0,5,0,74,,7503,20,,,0,105,,7482,20,,,0,97,,7481,23,0,5,0,102,,7500,20,,,0,98,,7504,20,,,0,26,,7512,23,0,5,0,69,,7515,20,,,0
701,'5429',715,,7516,20,,,0,27,,7517,23,0,5,0,99,,7518,20,,,0,97,,7519,23,0,5,0,73,,7522,20,,,0,30,,7520,20,,,0,67,,7521,23,0,5,0,33,,7529,20,,,0,67,,7524,23,0,5,0,28,,7523,20,,,0,72,,7526,23,0,5,0,28,,7536,20,,,0,72,,7528,23,0,5,0,29,,7532,20,,,0,71,,7527,23,0,5,0,29,,7525,20,,,0,71,,7531,23,0,5,0,28,,7535,20,,,0,72,,7530,23,0,5,0,28,,7537,20,,,0,71,,7533,23,0,5,0,29,,7539,20,,,0,101,,7534,23,0,5,0,99,,7542,20,,,0,104,,7538,23,0,5,0,96,,7540,20,,,0,101,,7541,23,0,5,0
