100,'4528',600,,4803,6,,,0,30,,4804,14,,,0,72,,4805,14,,,0,30,,4806,14,,,0,73,,4815,14,,,0,15,,4814,14,,,0,15,,4842,14,,,0,99,,4837,14,,,0,81,,4847,14,,,0,222,,4834,14,,,0,70,,4833,14,,,0,152,,4816,14,,,0,148,,4838,14,,,0,15,,4844,14,,,0,114,,4829,14,,,0,83,,4827,14,,,0,119,,4835,14,,,0,97,,4826,14,,,0,100,,4820,14,,,0,100,,4817,14,,,0,98,,4841,14,,,0
100,'4532',936,,4891,14,,,0,101,,4896,14,,,0,102,,4898,14,,,0,100,,4901,14,,,0,100,,4902,14,,,0
100,'5221',728,,4856,14,,,0,100,,4859,14,,,0,202,,4861,14,,,0,101,,4864,14,,,0,102,,4866,14,,,0,370,,4872,14,,,0,100,,4883,14,,,0,100,,4886,14,,,0
100,'5425',709,,4855,14,,,0,49,,4857,14,,,0,100,,4858,14,,,0,70,,4860,14,,,0,72,,4863,14,,,0,100,,4862,14,,,0,103,,4876,14,,,0,100,,4865,14,,,0,30,,4869,14,,,0,70,,4867,14,,,0,30,,4870,14,,,0,71,,4871,14,,,0,30,,4868,14,,,0,99,,4873,14,,,0,100,,4874,14,,,0,103,,4877,14,,,0,65,,4875,14,,,0,30,,4878,14,,,0,70,,4887,14,,,0,29,,4880,14,,,0,70,,4879,14,,,0,29,,4881,14,,,0,29,,4882,14,,,0,70,,4884,14,,,0,30,,4888,14,,,0,77,,4885,14,,,0,22,,4889,14,,,0
100,'5426',748,,4807,14,,,0,101,,4843,14,,,0,55,,4818,14,,,0,15,,4810,14,,,0,35,,4836,14,,,0,81,,4846,14,,,0,71,,4845,14,,,0,30,,4850,14,,,0,71,,4849,14,,,0,130,,4824,14,,,0,70,,4813,14,,,0,32,,4812,14,,,0,79,,4811,14,,,0,19,,4839,14,,,0,15,,4821,14,,,0,85,,4840,14,,,0,15,,4853,14,,,0,54,,4852,14,,,0,15,,4832,14,,,0,28,,4854,14,,,0,55,,4830,14,,,0,30,,4848,14,,,0,20,,4851,14,,,0,59,,4828,14,,,0,92,,4831,14,,,0,100,,4822,14,,,0,100,,4819,14,,,0,99,,4825,14,,,0,97,,4823,14,,,0,29,,4808,14,,,0,70,,4809,14,,,0
100,'5427',748,,6581,14,,,0,101,,6602,14,,,0,55,,6588,14,,,0,15,,6584,14,,,0,35,,6599,14,,,0,81,,6604,14,,,0,71,,6603,14,,,0,30,,6607,14,,,0,71,,6606,14,,,0,130,,6593,14,,,0,70,,6587,14,,,0,32,,6586,14,,,0,79,,6585,14,,,0,19,,6600,14,,,0,15,,6590,14,,,0,85,,6601,14,,,0,15,,6610,14,,,0,54,,6609,14,,,0,15,,6598,14,,,0,28,,6611,14,,,0,55,,6596,14,,,0,30,,6605,14,,,0,20,,6608,14,,,0,59,,6595,14,,,0,92,,6597,14,,,0,100,,6591,14,,,0,100,,6589,14,,,0,99,,6594,14,,,0,97,,6592,14,,,0,29,,6582,14,,,0,70,,6583,14,,,0
100,'5428',639,,6634,14,,,0,9,,6636,14,,,0,70,,6637,14,,,0,30,,6612,14,,,0,65,,6639,14,,,0,20,,6613,14,,,0,15,,6640,14,,,0,57,,6614,14,,,0,16,,6641,14,,,0,86,,6616,14,,,0,100,,6615,14,,,0,102,,6618,14,,,0,100,,6617,14,,,0,100,,6620,14,,,0,31,,6619,14,,,0,70,,6621,14,,,0,30,,6623,14,,,0,69,,6624,14,,,0,13,,6642,14,,,0,15,,6625,14,,,0,15,,6643,14,,,0,55,,6622,14,,,0,15,,6644,14,,,0,15,,6626,14,,,0,15,,6645,14,,,0,55,,6627,14,,,0,15,,6646,14,,,0,15,,6628,14,,,0,70,,6629,14,,,0,45,,6633,14,,,0,100,,6632,14,,,0,104,,6631,14,,,0,144,,6630,14,,,0,103,,6635,14,,,0,98,,6638,14,,,0
100,'5429',709,,6647,14,,,0,49,,6648,14,,,0,100,,6649,14,,,0,70,,6650,14,,,0,72,,6652,14,,,0,100,,6651,14,,,0,103,,6662,14,,,0,100,,6653,14,,,0,30,,6656,14,,,0,70,,6654,14,,,0,30,,6657,14,,,0,71,,6658,14,,,0,30,,6655,14,,,0,99,,6659,14,,,0,100,,6660,14,,,0,103,,6663,14,,,0,65,,6661,14,,,0,30,,6664,14,,,0,70,,6671,14,,,0,29,,6666,14,,,0,70,,6665,14,,,0,29,,6667,14,,,0,29,,6668,14,,,0,70,,6669,14,,,0,30,,6672,14,,,0,77,,6670,14,,,0,22,,6673,14,,,0
200,'5426',2157,,5064,20,0,17 18 19,0
200,'5427',2157,,6773,20,0,17 18 19,0
