900,'4528',800,,5898,38,4,,0,114,,5903,38,4,,0,116,,5908,38,4,,0,118,,5913,38,4,,0,376,,5927,38,4,,0
900,'4532',719,,6034,38,4,,0,103,,5995,38,4,,0,208,,5999,38,4,,0,113,,6026,38,4,,0,158,,6004,38,4,,0,133,,6006,38,4,,0,70,,6007,38,4,,0,11,,6024,38,4,,0,30,,6028,38,4,,0,70,,6025,38,4,,0,30,,6027,38,4,,0,55,,6012,38,4,,0,100,,6014,38,4,,0
900,'5221',952,,5965,38,4,,0
900,'5425',751,,5960,38,4,,0,70,,5962,38,4,,0,31,,5961,38,4,,0,70,,5963,38,4,,0,101,,5964,38,4,,0,31,,5966,38,4,,0,70,,5968,38,4,,0,30,,5969,38,4,,0,71,,5967,38,4,,0,31,,5970,38,4,,0,71,,5971,38,4,,0,30,,5974,38,4,,0,71,,5973,38,4,,0,30,,5975,38,4,,0,70,,5972,38,4,,0,31,,5986,38,4,,0,70,,5976,38,4,,0,30,,5978,38,4,,0,69,,5977,38,4,,0,30,,5979,38,4,,0,68,,5980,38,4,,0,30,,5991,38,4,,0,70,,5985,38,4,,0,29,,5981,38,4,,0,68,,5982,38,4,,0,30,,5983,38,4,,0,70,,5984,38,4,,0,29,,5990,38,4,,0,70,,5987,38,4,,0,29,,5988,38,4,,0,68,,5989,38,4,,0,30,,5992,38,4,,0,70,,5993,38,4,,0
900,'5426',653,,5896,38,4,,0,73,,5897,38,4,,0,94,,5899,38,4,,0,16,,5900,38,4,,0,15,,5901,38,4,,0,53,,5902,38,4,,0,27,,5904,38,4,,0,14,,5905,38,4,,0,55,,5906,38,4,,0,15,,5907,38,4,,0,30,,5909,38,4,,0,56,,5910,38,4,,0,15,,5911,38,4,,0,16,,5912,38,4,,0,72,,5914,38,4,,0,14,,5915,38,4,,0,15,,5916,38,4,,0,15,,5917,38,4,,0,56,,5918,38,4,,0,14,,5919,38,4,,0,15,,5920,38,4,,0,16,,5921,38,4,,0,55,,5922,38,4,,0,15,,5923,38,4,,0,16,,5924,38,4,,0,17,,5925,38,4,,0,54,,5926,38,4,,0,32,,5928,38,4,,0,15,,5929,38,4,,0,57,,5930,38,4,,0,14,,5931,38,4,,0,16,,5932,38,4,,0,14,,5933,38,4,,0,55,,5934,38,4,,0,17,,5935,38,4,,0,15,,5936,38,4,,0,11,,5937,38,4,,0,53,,5938,38,4,,0,13,,5939,38,4,,0,15,,5940,38,4,,0,12,,5941,38,4,,0,12,,5942,38,4,,0,55,,5943,38,4,,0,15,,5944,38,4,,0,15,,5945,38,4,,0,14,,5946,38,4,,0,55,,5947,38,4,,0,15,,5948,38,4,,0,14,,5949,38,4,,0,15,,5950,38,4,,0,60,,5951,38,4,,0,20,,5952,38,4,,0,73,,5953,38,4,,0,30,,5954,38,4,,0,63,,5955,38,4,,0,32,,5956,38,4,,0,25,,5957,38,4,,0,71,,5958,38,4,,0,25,,5959,38,4,,0,70,,5895,38,4,,0
900,'5427',653,,7544,38,4,,0,73,,7545,38,4,,0,94,,7546,38,4,,0,16,,7547,38,4,,0,15,,7548,38,4,,0,53,,7549,38,4,,0,27,,7550,38,4,,0,14,,7551,38,4,,0,55,,7552,38,4,,0,15,,7553,38,4,,0,30,,7554,38,4,,0,56,,7555,38,4,,0,15,,7556,38,4,,0,16,,7557,38,4,,0,72,,7558,38,4,,0,14,,7559,38,4,,0,15,,7560,38,4,,0,15,,7561,38,4,,0,56,,7562,38,4,,0,14,,7563,38,4,,0,15,,7564,38,4,,0,16,,7565,38,4,,0,55,,7566,38,4,,0,15,,7567,38,4,,0,16,,7568,38,4,,0,17,,7569,38,4,,0,54,,7570,38,4,,0,32,,7571,38,4,,0,15,,7572,38,4,,0,57,,7573,38,4,,0,14,,7574,38,4,,0,16,,7575,38,4,,0,14,,7576,38,4,,0,55,,7577,38,4,,0,17,,7578,38,4,,0,15,,7579,38,4,,0,11,,7580,38,4,,0,53,,7581,38,4,,0,13,,7582,38,4,,0,15,,7583,38,4,,0,12,,7584,38,4,,0,12,,7585,38,4,,0,55,,7586,38,4,,0,15,,7587,38,4,,0,15,,7588,38,4,,0,14,,7589,38,4,,0,55,,7590,38,4,,0,15,,7591,38,4,,0,14,,7592,38,4,,0,15,,7593,38,4,,0,60,,7594,38,4,,0,20,,7595,38,4,,0,73,,7596,38,4,,0,30,,7597,38,4,,0,63,,7598,38,4,,0,32,,7599,38,4,,0,25,,7600,38,4,,0,71,,7601,38,4,,0,25,,7602,38,4,,0,70,,7543,38,4,,0
900,'5428',649,,7630,38,4,,0,103,,7624,38,4,,0,104,,7604,38,4,,0,70,,7605,38,4,,0,32,,7603,38,4,,0,101,,7608,38,4,,0,69,,7606,38,4,,0,30,,7609,38,4,,0,55,,7627,38,4,,0,15,,7607,38,4,,0,104,,7611,38,4,,0,70,,7610,38,4,,0,128,,7613,38,4,,0,70,,7614,38,4,,0,30,,7612,38,4,,0,85,,7628,38,4,,0,15,,7616,38,4,,0,15,,7626,38,4,,0,85,,7615,38,4,,0,75,,7618,38,4,,0,39,,7622,38,4,,0,70,,7619,38,4,,0,100,,7620,38,4,,0,100,,7617,38,4,,0,97,,7621,38,4,,0,100,,7623,38,4,,0,102,,7625,38,4,,0,103,,7629,38,4,,0
900,'5429',751,,7631,38,4,,0,70,,7633,38,4,,0,31,,7632,38,4,,0,70,,7634,38,4,,0,101,,7635,38,4,,0,31,,7636,38,4,,0,70,,7638,38,4,,0,30,,7639,38,4,,0,71,,7637,38,4,,0,31,,7640,38,4,,0,71,,7641,38,4,,0,30,,7644,38,4,,0,71,,7643,38,4,,0,30,,7645,38,4,,0,70,,7642,38,4,,0,31,,7656,38,4,,0,70,,7646,38,4,,0,30,,7648,38,4,,0,69,,7647,38,4,,0,30,,7649,38,4,,0,68,,7650,38,4,,0,30,,7661,38,4,,0,70,,7655,38,4,,0,29,,7651,38,4,,0,68,,7652,38,4,,0,30,,7653,38,4,,0,70,,7654,38,4,,0,29,,7660,38,4,,0,70,,7657,38,4,,0,29,,7658,38,4,,0,68,,7659,38,4,,0,30,,7662,38,4,,0,70,,7663,38,4,,0
901,'4528',700,,6037,1,,,0,115,,6042,1,,,0,115,,6047,1,,,0,115,,6052,1,,,0,370,,6066,1,,,0
901,'4532',630,,6173,1,,,0,100,,6156,1,,,0,200,,6135,1,,,0,115,,6166,1,,,0,155,,6143,1,,,0,130,,6145,1,,,0,70,,6146,1,,,0,15,,6171,1,,,0,30,,6168,1,,,0,70,,6170,1,,,0,30,,6165,1,,,0,55,,6153,1,,,0,100,,6147,1,,,0
901,'5221',900,,6107,1,,,0
901,'5425',700,,6100,1,,,0,30,,6103,1,,,0,70,,6101,1,,,0,30,,6102,1,,,0,100,,6104,1,,,0,70,,6106,1,,,0,30,,6105,1,,,0,70,,6110,1,,,0,30,,6108,1,,,0,70,,6109,1,,,0,30,,6114,1,,,0,70,,6112,1,,,0,30,,6115,1,,,0,70,,6111,1,,,0,30,,6113,1,,,0,70,,6127,1,,,0,30,,6117,1,,,0,70,,6118,1,,,0,30,,6116,1,,,0,70,,6119,1,,,0,30,,6120,1,,,0,70,,6132,1,,,0,30,,6124,1,,,0,70,,6121,1,,,0,30,,6123,1,,,0,70,,6122,1,,,0,30,,6125,1,,,0,70,,6131,1,,,0,30,,6126,1,,,0,70,,6128,1,,,0,30,,6129,1,,,0,70,,6130,1,,,0,30,,6133,1,,,0
901,'5426',600,,6035,1,,,0,30,,6036,1,,,0,85,,6038,1,,,0,15,,6039,1,,,0,15,,6040,1,,,0,55,,6041,1,,,0,32,,6043,1,,,0,13,,6044,1,,,0,55,,6045,1,,,0,15,,6046,1,,,0,30,,6048,1,,,0,55,,6049,1,,,0,15,,6050,1,,,0,15,,6051,1,,,0,70,,6053,1,,,0,15,,6054,1,,,0,15,,6055,1,,,0,15,,6056,1,,,0,55,,6057,1,,,0,15,,6058,1,,,0,14,,6059,1,,,0,16,,6060,1,,,0,55,,6061,1,,,0,15,,6062,1,,,0,15,,6063,1,,,0,15,,6064,1,,,0,14,,6065,1,,,0,70,,6067,1,,,0,15,,6068,1,,,0,56,,6069,1,,,0,15,,6070,1,,,0,15,,6071,1,,,0,14,,6072,1,,,0,15,,6073,1,,,0,56,,6074,1,,,0,15,,6075,1,,,0,15,,6076,1,,,0,55,,6077,1,,,0,15,,6078,1,,,0,15,,6079,1,,,0,15,,6080,1,,,0,55,,6081,1,,,0,15,,6082,1,,,0,15,,6083,1,,,0,15,,6084,1,,,0,14,,6085,1,,,0,55,,6086,1,,,0,16,,6087,1,,,0,15,,6088,1,,,0,55,,6089,1,,,0,20,,6090,1,,,0,20,,6091,1,,,0,74,,6092,1,,,0,30,,6093,1,,,0,66,,6094,1,,,0,33,,6095,1,,,0,67,,6096,1,,,0,33,,6097,1,,,0,67,,6098,1,,,0,30,,6099,1,,,0
901,'5427',600,,7664,1,,,0,30,,7665,1,,,0,85,,7666,1,,,0,15,,7667,1,,,0,15,,7668,1,,,0,55,,7669,1,,,0,32,,7670,1,,,0,13,,7671,1,,,0,55,,7672,1,,,0,15,,7673,1,,,0,30,,7674,1,,,0,55,,7675,1,,,0,15,,7676,1,,,0,15,,7677,1,,,0,70,,7678,1,,,0,15,,7679,1,,,0,15,,7680,1,,,0,15,,7681,1,,,0,55,,7682,1,,,0,15,,7683,1,,,0,14,,7684,1,,,0,16,,7685,1,,,0,55,,7686,1,,,0,15,,7687,1,,,0,15,,7688,1,,,0,15,,7689,1,,,0,14,,7690,1,,,0,70,,7691,1,,,0,15,,7692,1,,,0,56,,7693,1,,,0,15,,7694,1,,,0,15,,7695,1,,,0,14,,7696,1,,,0,15,,7697,1,,,0,56,,7698,1,,,0,15,,7699,1,,,0,15,,7700,1,,,0,55,,7701,1,,,0,15,,7702,1,,,0,15,,7703,1,,,0,15,,7704,1,,,0,55,,7705,1,,,0,15,,7706,1,,,0,15,,7707,1,,,0,15,,7708,1,,,0,14,,7709,1,,,0,55,,7710,1,,,0,16,,7711,1,,,0,15,,7712,1,,,0,55,,7713,1,,,0,20,,7714,1,,,0,20,,7715,1,,,0,74,,7716,1,,,0,30,,7717,1,,,0,66,,7718,1,,,0,33,,7719,1,,,0,67,,7720,1,,,0,33,,7721,1,,,0,67,,7722,1,,,0,30,,7723,1,,,0
901,'5428',600,,7750,1,,,0,100,,7743,1,,,0,100,,7724,1,,,0,30,,7727,1,,,0,70,,7725,1,,,0,100,,7726,1,,,0,30,,7728,1,,,0,70,,7729,1,,,0,15,,7747,1,,,0,15,,7731,1,,,0,100,,7732,1,,,0,70,,7730,1,,,0,130,,7733,1,,,0,70,,7735,1,,,0,30,,7737,1,,,0,85,,7748,1,,,0,15,,7734,1,,,0,15,,7749,1,,,0,85,,7736,1,,,0,75,,7738,1,,,0,40,,7745,1,,,0,70,,7740,1,,,0,100,,7741,1,,,0,100,,7742,1,,,0,100,,7739,1,,,0,105,,7744,1,,,0,105,,7746,1,,,0,105,,7751,1,,,0
901,'5429',700,,7752,1,,,0,30,,7755,1,,,0,70,,7753,1,,,0,30,,7754,1,,,0,100,,7756,1,,,0,70,,7758,1,,,0,30,,7757,1,,,0,70,,7761,1,,,0,30,,7759,1,,,0,70,,7760,1,,,0,30,,7765,1,,,0,70,,7763,1,,,0,30,,7766,1,,,0,70,,7762,1,,,0,30,,7764,1,,,0,70,,7778,1,,,0,30,,7768,1,,,0,70,,7769,1,,,0,30,,7767,1,,,0,70,,7770,1,,,0,30,,7771,1,,,0,70,,7783,1,,,0,30,,7775,1,,,0,70,,7772,1,,,0,30,,7774,1,,,0,70,,7773,1,,,0,30,,7776,1,,,0,70,,7782,1,,,0,30,,7777,1,,,0,70,,7779,1,,,0,30,,7780,1,,,0,70,,7781,1,,,0,30,,7784,1,,,0
