1400,'4327',1105,,4214,6,,,0,225,,4216,6,,,0,495,,4220,6,,,0
1400,'4332',800,,4237,6,,,0,135,,4240,6,,,0,95,,4246,6,,,0,101,,4243,6,,,0,200,,4245,6,,,0,316,,4242,6,,,0,208,,4238,6,,,0,100,,4244,6,,,0
1400,'4480',730,,4221,6,,,0,316,,4222,6,,,0,557,,4231,6,,,0,39,,4232,6,,,0,75,,4233,6,,,0,39,,4234,6,,,0,145,,4227,6,,,0
1400,'5010',905,,4215,6,,,0,330,,4219,6,,,0,195,,4217,6,,,0,170,,4218,6,,,0
1400,'5196',905,,4671,6,,,0,330,,4674,6,,,0,195,,4672,6,,,0,170,,4673,6,,,0
1400,'5244',1231,,4675,6,,,0,205,,4676,6,,,0
1400,'5246',613,,4229,6,,,0,31,,4228,6,,,0,113,,4223,6,0,7 8 2 9 2 10,0,84,,4226,6,,,0,91,,4224,6,,,0,299,,4230,6,,,0,217,,4225,6,0,9,0,567,,4235,6,,,0,30,,4236,6,,,0
1400,'5247',613,,4682,6,,,0,31,,4681,6,,,0,113,,4677,6,0,7 8 2 9 2 10,0,84,,4680,6,,,0,91,,4678,6,,,0,299,,4683,6,,,0,217,,4679,6,0,9,0,567,,4684,6,,,0,30,,4685,6,,,0
8001,'4675',1457,,4547,12,,,0
8001,'5103',1457,,4546,12,,,0
8100,'4480',748,,4548,14,,,0
8101,'4675',1428,,4550,39,,,0
8101,'5103',1539,,4549,39,,,0
