401,'4327',821,,3347,11,,,0,117,,3344,11,,,0,120,,3345,11,,,0,160,,3346,11,,,0,94,,3350,11,,,0,126,,3348,11,,,0,167,,3349,11,,,0,125,,3351,11,,,0,120,,3352,11,,,0
401,'4795',613,,634,11,,,0,25,,638,11,,,0,87,,636,11,,,0,31,,640,11,,,0,70,,637,11,,,0,30,,641,11,,,0,70,,662,11,,,0,30,,635,11,,,0,70,,644,11,,,0,30,,645,11,,,0,71,,643,11,,,0,30,,642,11,,,0,70,,651,11,,,0,30,,663,11,,,0,70,,650,11,,,0,30,,639,11,,,0,70,,660,11,,,0,30,,649,11,,,0,47,,664,11,,,0,24,,659,11,,,0,30,,656,11,,,0,52,,665,11,,,0,18,,647,11,,,0,30,,646,11,,,0,69,,655,11,,,0,30,,648,11,,,0,69,,657,11,,,0,97,,658,11,,,0,97,,653,11,,,0,99,,652,11,,,0,100,,2412,11,,,0,118,,2413,11,,,0
401,'4800',808,,2423,11,,,0,25,,2424,11,,,0,25,,2426,11,,,0,65,,2425,11,,,0,25,,2427,11,,,0,65,,2429,11,,,0,25,,2430,11,,,0,66,,2431,11,,,0,25,,2428,11,,,0,26,,2432,11,,,0,66,,678,11,,,0,28,,675,11,,,0,67,,677,11,,,0,28,,679,11,,,0,67,,681,11,,,0,30,,683,11,,,0,67,,684,11,,,0,29,,682,11,,,0,67,,686,11,,,0,26,,687,11,,,0,27,,685,11,,,0,67,,680,11,,,0,27,,688,11,,,0,67,,690,11,,,0,35,,689,11,,,0,100,,691,11,,,0,100,,692,11,,,0,99,,693,11,,,0,100,,2433,11,,,0
401,'5102',613,,3353,11,,,0,25,,3357,11,,,0,87,,3355,11,,,0,31,,3359,11,,,0,70,,3356,11,,,0,30,,3360,11,,,0,70,,3381,11,,,0,30,,3354,11,,,0,70,,3363,11,,,0,30,,3364,11,,,0,71,,3362,11,,,0,30,,3361,11,,,0,70,,3370,11,,,0,30,,3382,11,,,0,70,,3369,11,,,0,30,,3358,11,,,0,70,,3379,11,,,0,30,,3368,11,,,0,61,,3383,11,,,0,10,,3378,11,,,0,30,,3375,11,,,0,70,,3366,11,,,0,30,,3365,11,,,0,69,,3374,11,,,0,30,,3367,11,,,0,69,,3376,11,,,0,97,,3377,11,,,0,97,,3372,11,,,0,99,,3371,11,,,0,100,,3373,11,,,0,118,,3380,11,,,0
401,'5105',808,,3384,11,,,0,25,,3385,11,,,0,25,,3387,11,,,0,65,,3386,11,,,0,25,,3388,11,,,0,65,,3390,11,,,0,25,,3391,11,,,0,66,,3392,11,,,0,25,,3389,11,,,0,26,,3394,11,,,0,66,,3396,11,,,0,28,,3393,11,,,0,67,,3395,11,,,0,28,,3397,11,,,0,67,,3399,11,,,0,30,,3401,11,,,0,67,,3402,11,,,0,29,,3400,11,,,0,67,,3404,11,,,0,26,,3405,11,,,0,27,,3403,11,,,0,67,,3398,11,,,0,27,,3406,11,,,0,67,,3408,11,,,0,35,,3407,11,,,0,100,,3409,11,,,0,100,,3410,11,,,0,99,,3411,11,,,0,100,,3412,11,,,0
7001,'4795',1518,,1825,10,,,0
7001,'5102',1518,,4531,10,,,0
7301,'4795',1518,,1829,10,,,0
7301,'5102',1518,,4535,10,,,0
7401,'5095',1529,,2714,7,,,0
7401,'5097',1429,,2713,7,,,0
7401,'5103',1529,,4536,7,,,0
7401,'5104',1429,,4537,7,,,0
7701,'4795',1535,,2716,10,,,0
7701,'5102',1535,,4540,10,,,0
