700,'4327',729,,3581,8,,,0,27,,3582,8,,,0,100,,3583,8,,,0,97,,3584,8,,,0,73,,3586,8,,,0,30,,3585,8,,,0,67,,3588,8,,,0,33,,3594,8,,,0,67,,3589,8,,,0,29,,3587,8,,,0,72,,3590,8,,,0,28,,3601,8,,,0,72,,3592,8,,,0,29,,3596,8,,,0,71,,3591,8,,,0,29,,3593,8,,,0,71,,3595,8,,,0,27,,3599,8,,,0,72,,3597,8,,,0,27,,3602,8,,,0,71,,3598,8,,,0,29,,3604,8,,,0,101,,3600,8,,,0,99,,3606,8,,,0,104,,3603,8,,,0,95,,3605,8,,,0,101,,3607,8,,,0
700,'4795',616,,890,8,,,0,18,,891,8,,,0,17,,892,8,,,0,54,,893,8,,,0,16,,894,8,,,0,7,,895,8,,,0,10,,896,8,,,0,17,,897,8,,,0,60,,898,8,,,0,11,,899,8,,,0,19,,900,8,,,0,10,,901,8,,,0,56,,902,8,,,0,12,,903,8,,,0,18,,904,8,,,0,13,,920,8,,,0,57,,905,8,,,0,13,,945,8,,,0,17,,906,8,,,0,70,,907,8,,,0,33,,2469,8,,,0,68,,909,8,,,0,32,,910,8,,,0,68,,911,8,,,0,32,,912,8,,,0,69,,913,8,,,0,34,,914,8,,,0,11,,915,8,,,0,55,,916,8,,,0,18,,917,8,,,0,13,,2470,8,,,0,57,,919,8,,,0,12,,921,8,,,0,18,,924,8,,,0,11,,936,8,,,0,59,,925,8,,,0,11,,922,8,,,0,18,,926,8,,,0,11,,937,8,,,0,18,,927,8,,,0,50,,923,8,,,0,16,,2018,8,,,0,13,,939,8,,,0,72,,929,8,,,0,27,,2020,8,,,0,73,,2471,8,,,0,27,,941,8,,,0,71,,931,8,,,0,29,,940,8,,,0,70,,2019,8,,,0,28,,942,8,,,0,70,,933,8,,,0,28,,943,8,,,0,73,,934,8,,,0,31,,944,8,,,0,70,,935,8,,,0
700,'4800',644,,984,8,,,0,70,,983,8,,,0,31,,971,8,,,0,70,,946,8,,,0,31,,947,8,,,0,71,,949,8,,,0,29,,948,8,,,0,71,,955,8,,,0,31,,960,8,,,0,54,,975,8,,,0,16,,961,8,,,0,15,,976,8,,,0,22,,963,8,,,0,73,,958,8,,,0,28,,964,8,,,0,70,,957,8,,,0,32,,965,8,,,0,68,,959,8,,,0,30,,979,8,,,0,53,,2499,8,,,0,14,,977,8,,,0,16,,967,8,,,0,14,,981,8,,,0,55,,956,8,,,0,16,,2500,8,,,0,14,,968,8,,,0,15,,978,8,,,0,64,,962,8,,,0,29,,969,8,,,0,70,,950,8,,,0,36,,951,8,,,0,73,,952,8,,,0,76,,973,8,,,0,34,,972,8,,,0,105,,953,8,,,0,96,,954,8,,,0,101,,970,8,,,0,98,,974,8,,,0,66,,982,8,,,0,29,,985,8,,,0
700,'5102',616,,3608,8,,,0,18,,3609,8,,,0,17,,3610,8,,,0,54,,3611,8,,,0,16,,3612,8,,,0,17,,3613,8,,,0,17,,3614,8,,,0,60,,3615,8,,,0,11,,3616,8,,,0,19,,3617,8,,,0,10,,3618,8,,,0,56,,3619,8,,,0,12,,3620,8,,,0,18,,3621,8,,,0,13,,3637,8,,,0,57,,3622,8,,,0,13,,3662,8,,,0,17,,3623,8,,,0,70,,3624,8,,,0,33,,3625,8,,,0,68,,3626,8,,,0,32,,3627,8,,,0,68,,3628,8,,,0,32,,3629,8,,,0,69,,3630,8,,,0,34,,3631,8,,,0,11,,3632,8,,,0,55,,3633,8,,,0,18,,3634,8,,,0,13,,3635,8,,,0,57,,3636,8,,,0,12,,3638,8,,,0,18,,3641,8,,,0,11,,3653,8,,,0,59,,3642,8,,,0,11,,3639,8,,,0,18,,3643,8,,,0,11,,3654,8,,,0,18,,3644,8,,,0,50,,3640,8,,,0,16,,3645,8,,,0,13,,3656,8,,,0,72,,3646,8,,,0,27,,3655,8,,,0,73,,3647,8,,,0,27,,3658,8,,,0,71,,3648,8,,,0,29,,3657,8,,,0,70,,3649,8,,,0,28,,3659,8,,,0,70,,3650,8,,,0,28,,3660,8,,,0,73,,3651,8,,,0,31,,3661,8,,,0,70,,3652,8,,,0
700,'5105',644,,3701,8,,,0,70,,3700,8,,,0,31,,3688,8,,,0,70,,3663,8,,,0,31,,3664,8,,,0,71,,3666,8,,,0,29,,3665,8,,,0,71,,3672,8,,,0,31,,3677,8,,,0,54,,3692,8,,,0,16,,3678,8,,,0,15,,3693,8,,,0,22,,3680,8,,,0,73,,3675,8,,,0,28,,3681,8,,,0,70,,3674,8,,,0,32,,3682,8,,,0,68,,3676,8,,,0,30,,3696,8,,,0,53,,3683,8,,,0,14,,3694,8,,,0,16,,3684,8,,,0,14,,3698,8,,,0,55,,3673,8,,,0,16,,3697,8,,,0,14,,3685,8,,,0,15,,3695,8,,,0,64,,3679,8,,,0,29,,3686,8,,,0,70,,3667,8,,,0,36,,3668,8,,,0,73,,3669,8,,,0,76,,3690,8,,,0,34,,3689,8,,,0,105,,3670,8,,,0,96,,3671,8,,,0,101,,3687,8,,,0,98,,3691,8,,,0,66,,3699,8,,,0,29,,3702,8,,,0
7300,'4795',743,,1828,16,,,0
7300,'5102',743,,4534,16,,,0
7301,'4795',1532,,1829,30,,,0
7301,'5102',1532,,4535,30,,,0
7701,'4795',1554,,2716,28,,,0
7701,'5102',1554,,4540,28,,,0
7901,'5095',1519,,2720,22,0,6,0
7901,'5097',1519,,2719,22,0,6,0
7901,'5103',1519,,4544,22,0,6,0
7901,'5104',1519,,4545,22,0,6,0
