300,'4327',807,,3100,19,,,0,93,,3102,19,,,0,100,,3101,19,,,0,101,,3107,19,,,0,103,,3103,19,,,0,100,,3109,19,,,0,100,,3104,19,,,0,100,,3105,19,,,0,100,,3110,19,,,0,100,,3106,19,,,0,98,,3112,19,,,0,98,,3108,19,,,0,106,,3111,19,,,0,99,,3113,19,,,0,100,,3114,19,0,17 18 19,0
300,'4795',632,,426,19,,,0,22,,413,19,,,0,60,,406,19,,,0,9,,2351,19,,,0,15,,401,19,,,0,18,,429,19,,,0,58,,415,19,,,0,16,,418,19,,,0,19,,419,19,,,0,59,,411,19,,,0,30,,412,19,,,0,70,,414,19,,,0,31,,436,19,,,0,70,,421,19,,,0,30,,409,19,,,0,71,,423,19,,,0,30,,435,19,,,0,70,,397,19,,,0,31,,420,19,,,0,71,,398,19,,,0,33,,430,19,,,0,55,,408,19,,,0,15,,416,19,,,0,10,,1940,19,,,0,4,,439,19,,,0,15,,400,19,,,0,13,,399,19,,,0,55,,427,19,,,0,15,,403,19,,,0,15,,405,19,,,0,15,,434,19,,,0,54,,417,19,,,0,14,,396,19,,,0,14,,402,19,,,0,15,,425,19,,,0,55,,404,19,,,0,29,,433,19,,,0,69,,424,19,,,0,30,,438,19,,,0,70,,422,19,,,0,99,,1939,19,,,0,99,,428,19,,,0,100,,431,19,,,0,96,,395,19,0,17 18 19,0
300,'4800',722,,441,19,,,0,30,,2367,19,,,0,76,,442,19,,,0,76,,445,19,,,0,30,,446,19,,,0,71,,444,19,,,0,30,,443,19,,,0,70,,2368,19,,,0,30,,448,19,,,0,70,,450,19,,,0,31,,449,19,,,0,70,,453,19,,,0,30,,454,19,,,0,70,,2369,19,,,0,30,,456,19,,,0,71,,457,19,,,0,30,,455,19,,,0,70,,459,19,,,0,30,,451,19,,,0,70,,460,19,,,0,30,,458,19,,,0,70,,462,19,,,0,35,,463,19,,,0,64,,464,19,,,0,45,,2370,19,,,0,105,,467,19,,,0,145,,468,19,,,0,103,,461,19,,,0,98,,466,19,,,0
300,'5102',632,,3146,19,,,0,22,,3133,19,,,0,60,,3126,19,,,0,9,,3127,19,,,0,15,,3121,19,,,0,18,,3149,19,,,0,58,,3135,19,,,0,16,,3138,19,,,0,19,,3139,19,,,0,59,,3131,19,,,0,30,,3132,19,,,0,70,,3134,19,,,0,31,,3156,19,,,0,70,,3141,19,,,0,30,,3129,19,,,0,71,,3143,19,,,0,30,,3155,19,,,0,70,,3117,19,,,0,31,,3140,19,,,0,71,,3118,19,,,0,33,,3150,19,,,0,55,,3128,19,,,0,15,,3136,19,,,0,10,,3157,19,,,0,4,,3159,19,,,0,15,,3120,19,,,0,13,,3119,19,,,0,55,,3147,19,,,0,15,,3123,19,,,0,15,,3125,19,,,0,15,,3154,19,,,0,54,,3137,19,,,0,14,,3116,19,,,0,14,,3122,19,,,0,15,,3145,19,,,0,55,,3124,19,,,0,29,,3153,19,,,0,69,,3144,19,,,0,30,,3158,19,,,0,70,,3142,19,,,0,99,,3152,19,,,0,99,,3148,19,,,0,100,,3151,19,,,0,96,,3115,19,0,17 18 19,0
300,'5105',722,,3161,19,,,0,30,,3160,19,,,0,76,,3162,19,,,0,76,,3165,19,,,0,30,,3166,19,,,0,71,,3164,19,,,0,30,,3163,19,,,0,70,,3167,19,,,0,30,,3168,19,,,0,70,,3170,19,,,0,31,,3169,19,,,0,70,,3173,19,,,0,30,,3174,19,,,0,70,,3172,19,,,0,30,,3176,19,,,0,71,,3177,19,,,0,30,,3175,19,,,0,70,,3179,19,,,0,30,,3171,19,,,0,70,,3180,19,,,0,30,,3178,19,,,0,70,,3182,19,,,0,35,,3183,19,,,0,64,,3184,19,,,0,45,,3185,19,,,0,105,,3187,19,,,0,145,,3188,19,,,0,103,,3181,19,,,0,98,,3186,19,,,0
1400,'4795',824,,1517,52,0,7 8 2 9 2 10,0
1400,'5102',824,,4223,52,0,7 8 2 9 2 10,0
8100,'4795',818,,1842,62,,,0
8100,'5102',818,,4548,62,,,0
8101,'5095',1528,,1843,24,,,0
8101,'5097',1417,,1844,24,,,0
8101,'5103',1528,,4549,24,,,0
8101,'5104',1417,,4550,24,,,0
