1600,'4528',653,,6335,11,,,0,82,,6344,11,0,5,0,67,,6336,11,0,5,0,99,,6331,11,0,5,0,100,,6332,11,0,5,0,200,,6339,11,0,5,0
1600,'4532',1601,,6360,11,0,5,0,105,,6364,11,0,5,0
1600,'5425',903,,6345,11,0,5,0,100,,6348,11,0,5,0,100,,6346,11,0,5,0,100,,6347,11,0,5,0,102,,6349,11,0,5,0,100,,6352,11,0,5,0,99,,6355,11,0,5,0,100,,6353,11,0,5,0,105,,6350,11,0,5,0,99,,6351,11,0,5,0,99,,6354,11,0,5,0,100,,6356,11,0,5,0
1600,'5426',1101,,6333,11,0,5,0,200,,6334,11,0,5,0,102,,6330,11,0,5,0,101,,6337,11,0,5,0,112,,6338,11,0,5,0,101,,6341,11,0,5,0,95,,6343,11,0,5,0,98,,6342,11,0,5,0,100,,6340,11,0,5,0
1600,'5427',1101,,7837,11,0,5,0,200,,7838,11,0,5,0,102,,7836,11,0,5,0,101,,7839,11,0,5,0,112,,7840,11,0,5,0,101,,7842,11,0,5,0,95,,7844,11,0,5,0,98,,7843,11,0,5,0,100,,7841,11,0,5,0
1600,'5428',844,,7848,11,0,5,0,115,,7847,11,0,5,0,95,,7846,11,0,5,0,151,,7849,11,0,5,0,95,,7850,11,0,5,0,101,,7845,11,0,5,0,100,,7851,11,0,5,0,300,,7852,11,0,5,0,58,,7853,11,0,5,0,100,,7854,11,0,5,0
1600,'5429',903,,7855,11,0,5,0,100,,7858,11,0,5,0,100,,7856,11,0,5,0,100,,7857,11,0,5,0,102,,7859,11,0,5,0,100,,7862,11,0,5,0,99,,7865,11,0,5,0,100,,7863,11,0,5,0,105,,7860,11,0,5,0,99,,7861,11,0,5,0,99,,7864,11,0,5,0,100,,7866,11,0,5,0
1700,'4528',727,,6418,42,,,0
1700,'5425',916,,6426,42,,,0,100,,6427,42,,,0,102,,6428,23,,,0,96,,6429,41,,,0,200,,6431,23,,,0,208,,6430,11,,,0,102,,6432,23,,,0,112,,6433,23,,,0,85,,6434,11,,,0,130,,6435,11,,,0
1700,'5426',700,,6410,42,,,0,129,,6416,42,,,0,86,,6422,42,,,0,99,,6409,42,,,0,100,,6413,42,,,0,100,,6408,42,,,0,99,,6411,23,,,0,101,,6414,23,,,0,115,,6417,23,,,0,93,,6419,23,,,0,107,,6424,23,,,0,97,,6420,23,,,0,113,,6423,42,,,0,87,,6421,11,,,0,98,,6415,11,,,0,115,,6412,11,,,0,114,,6425,11,,,0
1700,'5427',700,,7900,42,,,0,129,,7906,42,,,0,86,,7911,42,,,0,99,,7899,42,,,0,100,,7903,42,,,0,100,,7898,42,,,0,99,,7901,23,,,0,101,,7904,23,,,0,115,,7907,23,,,0,93,,7908,23,,,0,107,,7913,23,,,0,97,,7909,23,,,0,113,,7912,42,,,0,87,,7910,11,,,0,98,,7905,11,,,0,115,,7902,11,,,0,114,,7914,11,,,0
1700,'5428',808,,7915,42,,,0,103,,7916,42,,,0,90,,7917,42,,,0,132,,7918,42,,,0,169,,7919,23,,,0,103,,7920,23,,,0,130,,7921,23,,,0,171,,7922,23,,,0,104,,7923,23,,,0,45,,7924,11,,,0,145,,7925,11,,,0,105,,7926,11,,,0,110,,7927,11,,,0,119,,7928,11,,,0
1700,'5429',916,,7929,42,,,0,100,,7930,42,,,0,102,,7931,23,,,0,96,,7932,41,,,0,200,,7934,23,,,0,208,,7933,11,,,0,102,,7935,23,,,0,112,,7936,23,,,0,85,,7937,11,,,0,130,,7938,11,,,0
