701,'4327',724,,3703,31,,,0,27,,3704,34,,,0,100,,3705,31,,,0,97,,3706,34,,,0,73,,3709,31,,,0,30,,3707,31,,,0,67,,3708,34,,,0,33,,3716,31,,,0,67,,3711,34,,,0,29,,3710,31,,,0,72,,3713,34,,,0,28,,3723,31,,,0,72,,3715,34,,,0,29,,3719,31,,,0,71,,3714,34,,,0,29,,3712,31,,,0,71,,3718,34,,,0,27,,3722,31,,,0,72,,3717,34,,,0,27,,3724,31,,,0,71,,3720,34,,,0,29,,3726,31,,,0,101,,3721,34,,,0,99,,3729,31,,,0,104,,3725,34,,,0,95,,3727,31,,,0,101,,3728,34,,,0
701,'4795',611,,1013,14,,,0,18,,1014,31,,,0,17,,1015,34,,,0,54,,1016,31,,,0,16,,1017,34,,,0,6,,1018,31,,,0,10,,1019,34,,,0,17,,1020,31,,,0,59,,1021,34,,,0,12,,1022,31,,,0,19,,1023,34,,,0,11,,1024,31,,,0,56,,1025,34,,,0,12,,1026,31,,,0,18,,1027,34,,,0,13,,1063,31,,,0,57,,1028,34,,,0,13,,1068,31,,,0,17,,1029,34,,,0,69,,1030,31,,,0,34,,2501,34,,,0,67,,1032,31,,,0,32,,1033,34,,,0,68,,1034,31,,,0,32,,1035,34,,,0,68,,1036,31,,,0,34,,1037,34,,,0,11,,1038,31,,,0,55,,1039,31,,,0,18,,1040,34,,,0,13,,2502,31,,,0,17,,1042,34,,,0,52,,1043,31,,,0,18,,1044,34,,,0,12,,1045,31,,,0,18,,1046,34,,,0,52,,1047,31,,,0,18,,1048,34,,,0,11,,1049,31,,,0,18,,1050,34,,,0,51,,1064,31,,,0,16,,2050,34,,,0,13,,1051,31,,,0,72,,1052,34,,,0,27,,2048,31,,,0,73,,2503,34,,,0,27,,1055,31,,,0,71,,1056,34,,,0,29,,1057,31,,,0,70,,2049,34,,,0,28,,1059,31,,,0,70,,1060,34,,,0,28,,1061,31,,,0,73,,1062,34,,,0,31,,1066,31,,,0,70,,1067,34,,,0
701,'4800',639,,1107,34,,,0,70,,1106,31,,,0,31,,1094,34,,,0,70,,1070,31,,,0,31,,1069,31,,,0,71,,1071,34,,,0,29,,1072,31,,,0,71,,1080,31,,,0,31,,1085,34,,,0,14,,1098,31,,,0,56,,1084,34,,,0,15,,1099,31,,,0,22,,1087,31,,,0,73,,1083,34,,,0,28,,1086,31,,,0,70,,1079,31,,,0,32,,1089,34,,,0,68,,1082,31,,,0,30,,1102,34,,,0,53,,2531,31,,,0,14,,1103,31,,,0,16,,1091,34,,,0,14,,1101,31,,,0,55,,1078,31,,,0,16,,2532,34,,,0,14,,1088,31,,,0,15,,1100,31,,,0,64,,1081,34,,,0,29,,1092,31,,,0,70,,1073,31,,,0,36,,1076,34,,,0,73,,1077,31,,,0,36,,1095,34,,,0,74,,1096,31,,,0,105,,1075,31,,,0,96,,1074,34,,,0,101,,1093,31,,,0,98,,1097,31,,,0,26,,1105,34,,,0,69,,1108,31,,,0
701,'5102',611,,3730,14,,,0,18,,3731,31,,,0,17,,3732,34,,,0,54,,3733,31,,,0,16,,3734,34,,,0,16,,3735,34,,,0,17,,3736,31,,,0,59,,3737,34,,,0,12,,3738,31,,,0,19,,3739,34,,,0,11,,3740,31,,,0,56,,3741,34,,,0,12,,3742,31,,,0,18,,3743,34,,,0,13,,3779,31,,,0,57,,3744,34,,,0,13,,3784,31,,,0,17,,3745,34,,,0,69,,3746,31,,,0,34,,3747,34,,,0,67,,3748,31,,,0,32,,3749,34,,,0,68,,3750,31,,,0,32,,3751,34,,,0,68,,3752,31,,,0,34,,3753,34,,,0,11,,3754,31,,,0,55,,3755,31,,,0,18,,3756,34,,,0,13,,3757,31,,,0,17,,3758,34,,,0,52,,3759,31,,,0,18,,3760,34,,,0,12,,3761,31,,,0,18,,3762,34,,,0,52,,3763,31,,,0,18,,3764,34,,,0,11,,3765,31,,,0,18,,3766,34,,,0,51,,3780,31,,,0,16,,3781,34,,,0,13,,3767,31,,,0,72,,3768,34,,,0,27,,3769,31,,,0,73,,3770,34,,,0,27,,3771,31,,,0,71,,3772,34,,,0,29,,3773,31,,,0,70,,3774,34,,,0,28,,3775,31,,,0,70,,3776,34,,,0,28,,3777,31,,,0,73,,3778,34,,,0,31,,3782,31,,,0,70,,3783,34,,,0
701,'5105',639,,3823,34,,,0,70,,3822,31,,,0,31,,3810,34,,,0,70,,3786,31,,,0,31,,3785,31,,,0,71,,3787,34,,,0,29,,3788,31,,,0,71,,3796,31,,,0,31,,3801,34,,,0,14,,3814,31,,,0,56,,3800,34,,,0,15,,3815,31,,,0,22,,3803,31,,,0,73,,3799,34,,,0,28,,3802,31,,,0,70,,3795,31,,,0,32,,3805,34,,,0,68,,3798,31,,,0,30,,3818,34,,,0,53,,3806,31,,,0,14,,3819,31,,,0,16,,3807,34,,,0,14,,3817,31,,,0,55,,3794,31,,,0,16,,3820,34,,,0,14,,3804,31,,,0,15,,3816,31,,,0,64,,3797,34,,,0,29,,3808,31,,,0,70,,3789,31,,,0,36,,3792,34,,,0,73,,3793,31,,,0,36,,3811,34,,,0,74,,3812,31,,,0,105,,3791,31,,,0,96,,3790,34,,,0,101,,3809,31,,,0,98,,3813,31,,,0,26,,3821,34,,,0,69,,3824,31,,,0
7300,'4795',739,,1828,7,,,0
7300,'5102',739,,4534,7,,,0
7301,'4795',1526,,1829,21,,,0
7301,'5102',1526,,4535,21,,,0
7900,'4795',744,,2718,7,0,6,0
7900,'5102',744,,4543,7,0,6,0
7901,'5095',1507,,2720,7,0,6,0
7901,'5097',1507,,2719,7,0,6,0
7901,'5103',1507,,4544,7,0,6,0
7901,'5104',1507,,4545,7,0,6,0
