401,'5425',815,,5450,3,,,0,117,,5447,3,,,0,120,,5448,3,,,0,160,,5449,3,,,0,94,,5453,3,,,0,125,,5451,3,,,0,127,,5452,3,,,0,166,,5454,3,,,0,120,,5455,3,,,0
401,'5426',608,,5417,3,,,0,25,,5421,3,,,0,87,,5419,3,,,0,30,,5423,3,,,0,70,,5420,3,,,0,30,,5424,3,,,0,70,,5445,3,,,0,30,,5418,3,,,0,70,,5427,3,,,0,30,,5428,3,,,0,70,,5426,3,,,0,30,,5425,3,,,0,70,,5434,3,,,0,30,,5446,3,,,0,70,,5433,3,,,0,30,,5422,3,,,0,70,,5443,3,,,0,30,,5432,3,,,0,71,,5442,3,,,0,30,,5439,3,,,0,70,,5430,3,,,0,30,,5429,3,,,0,69,,5438,3,,,0,30,,5431,3,,,0,70,,5440,3,,,0,97,,5441,3,,,0,97,,5436,3,,,0,100,,5435,3,,,0,100,,5437,3,,,0,118,,5444,3,,,0
401,'5427',608,,7074,3,,,0,25,,7078,3,,,0,87,,7076,3,,,0,30,,7080,3,,,0,70,,7077,3,,,0,30,,7081,3,,,0,70,,7102,3,,,0,30,,7075,3,,,0,70,,7084,3,,,0,30,,7085,3,,,0,70,,7083,3,,,0,30,,7082,3,,,0,70,,7091,3,,,0,30,,7103,3,,,0,70,,7090,3,,,0,30,,7079,3,,,0,70,,7100,3,,,0,30,,7089,3,,,0,71,,7099,3,,,0,30,,7096,3,,,0,70,,7087,3,,,0,30,,7086,3,,,0,69,,7095,3,,,0,30,,7088,3,,,0,70,,7097,3,,,0,97,,7098,3,,,0,97,,7093,3,,,0,100,,7092,3,,,0,100,,7094,3,,,0,118,,7101,3,,,0
401,'5428',802,,7104,3,,,0,25,,7105,3,,,0,25,,7107,3,,,0,65,,7106,3,,,0,25,,7108,3,,,0,65,,7110,3,,,0,25,,7111,3,,,0,26,,7112,3,,,0,65,,7109,3,,,0,26,,7114,3,,,0,65,,7116,3,,,0,28,,7113,3,,,0,67,,7115,3,,,0,28,,7117,3,,,0,67,,7119,3,,,0,30,,7122,3,,,0,67,,7123,3,,,0,29,,7121,3,,,0,27,,7124,3,,,0,67,,7125,3,,,0,27,,7120,3,,,0,67,,7118,3,,,0,27,,7126,3,,,0,67,,7128,3,,,0,35,,7127,3,,,0,100,,7129,3,,,0,100,,7130,3,,,0,100,,7131,3,,,0,100,,7132,3,,,0
401,'5429',815,,7136,3,,,0,117,,7133,3,,,0,120,,7134,3,,,0,160,,7135,3,,,0,94,,7139,3,,,0,125,,7137,3,,,0,127,,7138,3,,,0,166,,7140,3,,,0,120,,7141,3,,,0
700,'5425',741,,5706,23,,,0,67,,5707,23,,,0,100,,5708,23,,,0,97,,5709,23,,,0,33,,5711,23,,,0,70,,5710,23,,,0,27,,5713,23,,,0,73,,5719,23,,,0,28,,5714,23,,,0,69,,5712,23,,,0,32,,5715,23,,,0,68,,5726,23,,,0,32,,5717,23,,,0,70,,5721,23,,,0,31,,5716,23,,,0,69,,5718,23,,,0,31,,5720,23,,,0,67,,5724,23,,,0,32,,5722,23,,,0,66,,5727,23,,,0,32,,5723,23,,,0,67,,5729,23,,,0,102,,5725,23,,,0,98,,5731,23,,,0,104,,5728,23,,,0,94,,5730,23,,,0,100,,5732,23,,,0
700,'5426',628,,5651,23,,,0,17,,5652,23,,,0,58,,5653,23,,,0,13,,5654,23,,,0,17,,5655,23,,,0,17,,5656,23,,,0,57,,5657,23,,,0,21,,5658,23,,,0,10,,5659,23,,,0,19,,5660,23,,,0,50,,5661,23,,,0,16,,5662,23,,,0,12,,5663,23,,,0,18,,5664,23,,,0,53,,5680,23,,,0,18,,5665,23,,,0,12,,5705,23,,,0,18,,5666,23,,,0,70,,5667,23,,,0,33,,5668,23,,,0,68,,5669,23,,,0,32,,5670,23,,,0,68,,5671,23,,,0,32,,5672,23,,,0,70,,5673,23,,,0,74,,5674,23,,,0,11,,5675,23,,,0,15,,5676,23,,,0,17,,5677,23,,,0,14,,5678,23,,,0,56,,5679,23,,,0,13,,5681,23,,,0,17,,5684,23,,,0,11,,5696,23,,,0,59,,5685,23,,,0,11,,5682,23,,,0,18,,5686,23,,,0,11,,5697,23,,,0,58,,5687,23,,,0,10,,5683,23,,,0,16,,5688,23,,,0,13,,5699,23,,,0,72,,5689,23,,,0,27,,5698,23,,,0,73,,5690,23,,,0,26,,5701,23,,,0,72,,5691,23,,,0,28,,5700,23,,,0,70,,5692,23,,,0,27,,5702,23,,,0,71,,5693,23,,,0,26,,5703,23,,,0,73,,5694,23,,,0,31,,5704,23,,,0,70,,5695,23,,,0
700,'5427',628,,7299,23,,,0,17,,7300,23,,,0,58,,7301,23,,,0,13,,7302,23,,,0,17,,7303,23,,,0,17,,7304,23,,,0,57,,7305,23,,,0,21,,7306,23,,,0,10,,7307,23,,,0,19,,7308,23,,,0,50,,7309,23,,,0,16,,7310,23,,,0,12,,7311,23,,,0,18,,7312,23,,,0,53,,7328,23,,,0,18,,7313,23,,,0,12,,7353,23,,,0,18,,7314,23,,,0,70,,7315,23,,,0,33,,7316,23,,,0,68,,7317,23,,,0,32,,7318,23,,,0,68,,7319,23,,,0,32,,7320,23,,,0,70,,7321,23,,,0,74,,7322,23,,,0,11,,7323,23,,,0,15,,7324,23,,,0,17,,7325,23,,,0,14,,7326,23,,,0,56,,7327,23,,,0,13,,7329,23,,,0,17,,7332,23,,,0,11,,7344,23,,,0,59,,7333,23,,,0,11,,7330,23,,,0,18,,7334,23,,,0,11,,7345,23,,,0,58,,7335,23,,,0,10,,7331,23,,,0,16,,7336,23,,,0,13,,7347,23,,,0,72,,7337,23,,,0,27,,7346,23,,,0,73,,7338,23,,,0,26,,7349,23,,,0,72,,7339,23,,,0,28,,7348,23,,,0,70,,7340,23,,,0,27,,7350,23,,,0,71,,7341,23,,,0,26,,7351,23,,,0,73,,7342,23,,,0,31,,7352,23,,,0,70,,7343,23,,,0
700,'5428',656,,7393,23,,,0,69,,7391,23,,,0,32,,7379,23,,,0,69,,7354,23,,,0,31,,7355,23,,,0,72,,7357,23,,,0,28,,7356,23,,,0,71,,7363,23,,,0,72,,7368,23,,,0,13,,7383,23,,,0,17,,7369,23,,,0,14,,7384,23,,,0,63,,7371,23,,,0,34,,7366,23,,,0,68,,7372,23,,,0,30,,7365,23,,,0,72,,7373,23,,,0,28,,7367,23,,,0,70,,7385,23,,,0,13,,7374,23,,,0,14,,7386,23,,,0,16,,7375,23,,,0,54,,7389,23,,,0,15,,7364,23,,,0,16,,7388,23,,,0,14,,7376,23,,,0,55,,7387,23,,,0,24,,7370,23,,,0,29,,7377,23,,,0,70,,7358,23,,,0,76,,7359,23,,,0,32,,7360,23,,,0,76,,7381,23,,,0,34,,7380,23,,,0,105,,7361,23,,,0,96,,7362,23,,,0,99,,7378,23,,,0,97,,7382,23,,,0,67,,7390,23,,,0,28,,7392,23,,,0
700,'5429',741,,7394,23,,,0,67,,7395,23,,,0,100,,7396,23,,,0,97,,7397,23,,,0,33,,7399,23,,,0,70,,7398,23,,,0,27,,7401,23,,,0,73,,7407,23,,,0,28,,7402,23,,,0,69,,7400,23,,,0,32,,7403,23,,,0,68,,7414,23,,,0,32,,7405,23,,,0,70,,7409,23,,,0,31,,7404,23,,,0,69,,7406,23,,,0,31,,7408,23,,,0,67,,7412,23,,,0,32,,7410,23,,,0,66,,7415,23,,,0,32,,7411,23,,,0,67,,7417,23,,,0,102,,7413,23,,,0,98,,7419,23,,,0,104,,7416,23,,,0,94,,7418,23,,,0,100,,7420,23,,,0
900,'4528',747,,5898,30,,,0,156,,5903,30,,,0,114,,5908,30,,,0,116,,5913,30,,,0,375,,5927,30,,,0
900,'4532',710,,6034,30,,,0,103,,5995,30,,,0,205,,5999,30,,,0,113,,6026,30,,,0,117,,6004,30,,,0,173,,6006,30,,,0,30,,6007,30,,,0,52,,6024,30,,,0,30,,6028,30,,,0,70,,6025,30,,,0,30,,6027,30,,,0,15,,6012,30,,,0,100,,6014,30,,,0
900,'5221',941,,5965,30,,,0
900,'5425',740,,5960,30,,,0,70,,5962,30,,,0,31,,5961,30,,,0,70,,5963,30,,,0,101,,5964,30,,,0,31,,5966,30,,,0,70,,5968,30,,,0,30,,5969,30,,,0,71,,5967,30,,,0,30,,5970,30,,,0,71,,5971,30,,,0,30,,5974,30,,,0,71,,5973,30,,,0,30,,5975,30,,,0,70,,5972,30,,,0,31,,5986,30,,,0,70,,5976,30,,,0,30,,5978,30,,,0,69,,5977,30,,,0,30,,5979,30,,,0,70,,5980,30,,,0,30,,5991,30,,,0,70,,5985,30,,,0,29,,5981,30,,,0,68,,5982,30,,,0,30,,5983,30,,,0,70,,5984,30,,,0,29,,5990,30,,,0,70,,5987,30,,,0,29,,5988,30,,,0,68,,5989,30,,,0,30,,5992,30,,,0,70,,5993,30,,,0
900,'5426',642,,5896,30,,,0,72,,5897,30,,,0,89,,5899,30,,,0,17,,5900,30,,,0,17,,5901,30,,,0,13,,5902,30,,,0,69,,5904,30,,,0,13,,5905,30,,,0,15,,5906,30,,,0,55,,5907,30,,,0,30,,5909,30,,,0,15,,5910,30,,,0,55,,5911,30,,,0,15,,5912,30,,,0,32,,5914,30,,,0,55,,5915,30,,,0,15,,5916,30,,,0,15,,5917,30,,,0,16,,5918,30,,,0,54,,5919,30,,,0,15,,5920,30,,,0,16,,5921,30,,,0,15,,5922,30,,,0,55,,5923,30,,,0,15,,5924,30,,,0,15,,5925,30,,,0,14,,5926,30,,,0,73,,5928,30,,,0,15,,5929,30,,,0,17,,5930,30,,,0,55,,5931,30,,,0,16,,5932,30,,,0,14,,5933,30,,,0,15,,5934,30,,,0,57,,5935,30,,,0,15,,5936,30,,,0,13,,5937,30,,,0,13,,5938,30,,,0,53,,5939,30,,,0,15,,5940,30,,,0,13,,5941,30,,,0,12,,5942,30,,,0,55,,5943,30,,,0,15,,5944,30,,,0,15,,5945,30,,,0,14,,5946,30,,,0,15,,5947,30,,,0,56,,5948,30,,,0,14,,5949,30,,,0,15,,5950,30,,,0,60,,5951,30,,,0,20,,5952,30,,,0,34,,5953,30,,,0,70,,5954,30,,,0,23,,5955,30,,,0,73,,5956,30,,,0,25,,5957,30,,,0,71,,5958,30,,,0,25,,5959,30,,,0,70,,5895,30,,,0
900,'5427',642,,7544,30,,,0,72,,7545,30,,,0,89,,7546,30,,,0,17,,7547,30,,,0,17,,7548,30,,,0,13,,7549,30,,,0,69,,7550,30,,,0,13,,7551,30,,,0,15,,7552,30,,,0,55,,7553,30,,,0,30,,7554,30,,,0,15,,7555,30,,,0,55,,7556,30,,,0,15,,7557,30,,,0,32,,7558,30,,,0,55,,7559,30,,,0,15,,7560,30,,,0,15,,7561,30,,,0,16,,7562,30,,,0,54,,7563,30,,,0,15,,7564,30,,,0,16,,7565,30,,,0,15,,7566,30,,,0,55,,7567,30,,,0,15,,7568,30,,,0,15,,7569,30,,,0,14,,7570,30,,,0,73,,7571,30,,,0,15,,7572,30,,,0,17,,7573,30,,,0,55,,7574,30,,,0,16,,7575,30,,,0,14,,7576,30,,,0,15,,7577,30,,,0,57,,7578,30,,,0,15,,7579,30,,,0,13,,7580,30,,,0,13,,7581,30,,,0,53,,7582,30,,,0,15,,7583,30,,,0,13,,7584,30,,,0,12,,7585,30,,,0,55,,7586,30,,,0,15,,7587,30,,,0,15,,7588,30,,,0,14,,7589,30,,,0,15,,7590,30,,,0,56,,7591,30,,,0,14,,7592,30,,,0,15,,7593,30,,,0,60,,7594,30,,,0,20,,7595,30,,,0,34,,7596,30,,,0,70,,7597,30,,,0,23,,7598,30,,,0,73,,7599,30,,,0,25,,7600,30,,,0,71,,7601,30,,,0,25,,7602,30,,,0,70,,7543,30,,,0
900,'5428',640,,7630,30,,,0,103,,7624,30,,,0,101,,7604,30,,,0,70,,7605,30,,,0,32,,7603,30,,,0,101,,7608,30,,,0,69,,7606,30,,,0,30,,7609,30,,,0,55,,7627,30,,,0,15,,7607,30,,,0,103,,7611,30,,,0,30,,7610,30,,,0,169,,7613,30,,,0,30,,7614,30,,,0,70,,7612,30,,,0,85,,7628,30,,,0,15,,7616,30,,,0,15,,7626,30,,,0,85,,7615,30,,,0,35,,7618,30,,,0,79,,7622,30,,,0,70,,7619,30,,,0,100,,7620,30,,,0,100,,7617,30,,,0,99,,7621,30,,,0,101,,7623,30,,,0,102,,7625,30,,,0,103,,7629,30,,,0
900,'5429',740,,7631,30,,,0,70,,7633,30,,,0,31,,7632,30,,,0,70,,7634,30,,,0,101,,7635,30,,,0,31,,7636,30,,,0,70,,7638,30,,,0,30,,7639,30,,,0,71,,7637,30,,,0,30,,7640,30,,,0,71,,7641,30,,,0,30,,7644,30,,,0,71,,7643,30,,,0,30,,7645,30,,,0,70,,7642,30,,,0,31,,7656,30,,,0,70,,7646,30,,,0,30,,7648,30,,,0,69,,7647,30,,,0,30,,7649,30,,,0,70,,7650,30,,,0,30,,7661,30,,,0,70,,7655,30,,,0,29,,7651,30,,,0,68,,7652,30,,,0,30,,7653,30,,,0,70,,7654,30,,,0,29,,7660,30,,,0,70,,7657,30,,,0,29,,7658,30,,,0,68,,7659,30,,,0,30,,7662,30,,,0,70,,7663,30,,,0
901,'4528',713,,6037,15,,,0,117,,6042,15,,,0,114,,6047,15,,,0,115,,6052,15,,,0,372,,6066,15,,,0
901,'4532',641,,6173,15,,,0,102,,6156,15,,,0,202,,6135,15,,,0,114,,6166,15,,,0,157,,6143,15,,,0,130,,6145,15,,,0,70,,6146,15,,,0,14,,6171,15,,,0,70,,6168,15,,,0,30,,6170,15,,,0,70,,6165,15,,,0,15,,6153,15,,,0,100,,6147,15,,,0
901,'5221',912,,6107,15,,,0
901,'5425',712,,6100,15,,,0,30,,6103,15,,,0,70,,6101,15,,,0,30,,6102,15,,,0,100,,6104,15,,,0,70,,6106,15,,,0,30,,6105,15,,,0,70,,6110,15,,,0,31,,6108,15,,,0,70,,6109,15,,,0,31,,6114,15,,,0,70,,6112,15,,,0,30,,6115,15,,,0,70,,6111,15,,,0,30,,6113,15,,,0,71,,6127,15,,,0,30,,6117,15,,,0,70,,6118,15,,,0,29,,6116,15,,,0,70,,6119,15,,,0,30,,6120,15,,,0,70,,6132,15,,,0,30,,6124,15,,,0,70,,6121,15,,,0,28,,6123,15,,,0,70,,6122,15,,,0,30,,6125,15,,,0,70,,6131,15,,,0,30,,6126,15,,,0,70,,6128,15,,,0,29,,6129,15,,,0,70,,6130,15,,,0,30,,6133,15,,,0
901,'5426',612,,6035,15,,,0,30,,6036,15,,,0,87,,6038,15,,,0,15,,6039,15,,,0,57,,6040,15,,,0,15,,6041,15,,,0,30,,6043,15,,,0,13,,6044,15,,,0,55,,6045,15,,,0,15,,6046,15,,,0,30,,6048,15,,,0,55,,6049,15,,,0,15,,6050,15,,,0,15,,6051,15,,,0,71,,6053,15,,,0,15,,6054,15,,,0,15,,6055,15,,,0,55,,6056,15,,,0,15,,6057,15,,,0,15,,6058,15,,,0,15,,6059,15,,,0,56,,6060,15,,,0,15,,6061,15,,,0,15,,6062,15,,,0,15,,6063,15,,,0,55,,6064,15,,,0,14,,6065,15,,,0,30,,6067,15,,,0,55,,6068,15,,,0,16,,6069,15,,,0,15,,6070,15,,,0,16,,6071,15,,,0,54,,6072,15,,,0,15,,6073,15,,,0,17,,6074,15,,,0,15,,6075,15,,,0,55,,6076,15,,,0,14,,6077,15,,,0,14,,6078,15,,,0,15,,6079,15,,,0,55,,6080,15,,,0,13,,6081,15,,,0,15,,6082,15,,,0,15,,6083,15,,,0,15,,6084,15,,,0,54,,6085,15,,,0,15,,6086,15,,,0,16,,6087,15,,,0,14,,6088,15,,,0,55,,6089,15,,,0,20,,6090,15,,,0,20,,6091,15,,,0,74,,6092,15,,,0,30,,6093,15,,,0,65,,6094,15,,,0,33,,6095,15,,,0,67,,6096,15,,,0,33,,6097,15,,,0,66,,6098,15,,,0,30,,6099,15,,,0
901,'5427',612,,7664,15,,,0,30,,7665,15,,,0,87,,7666,15,,,0,15,,7667,15,,,0,57,,7668,15,,,0,15,,7669,15,,,0,30,,7670,15,,,0,13,,7671,15,,,0,55,,7672,15,,,0,15,,7673,15,,,0,30,,7674,15,,,0,55,,7675,15,,,0,15,,7676,15,,,0,15,,7677,15,,,0,71,,7678,15,,,0,15,,7679,15,,,0,15,,7680,15,,,0,55,,7681,15,,,0,15,,7682,15,,,0,15,,7683,15,,,0,15,,7684,15,,,0,56,,7685,15,,,0,15,,7686,15,,,0,15,,7687,15,,,0,15,,7688,15,,,0,55,,7689,15,,,0,14,,7690,15,,,0,30,,7691,15,,,0,55,,7692,15,,,0,16,,7693,15,,,0,15,,7694,15,,,0,16,,7695,15,,,0,54,,7696,15,,,0,15,,7697,15,,,0,17,,7698,15,,,0,15,,7699,15,,,0,55,,7700,15,,,0,14,,7701,15,,,0,14,,7702,15,,,0,15,,7703,15,,,0,55,,7704,15,,,0,13,,7705,15,,,0,15,,7706,15,,,0,15,,7707,15,,,0,15,,7708,15,,,0,54,,7709,15,,,0,15,,7710,15,,,0,16,,7711,15,,,0,14,,7712,15,,,0,55,,7713,15,,,0,20,,7714,15,,,0,20,,7715,15,,,0,74,,7716,15,,,0,30,,7717,15,,,0,65,,7718,15,,,0,33,,7719,15,,,0,67,,7720,15,,,0,33,,7721,15,,,0,66,,7722,15,,,0,30,,7723,15,,,0
901,'5428',611,,7750,15,,,0,102,,7743,15,,,0,100,,7724,15,,,0,30,,7727,15,,,0,72,,7725,15,,,0,100,,7726,15,,,0,29,,7728,15,,,0,70,,7729,15,,,0,15,,7747,15,,,0,15,,7731,15,,,0,102,,7732,15,,,0,70,,7730,15,,,0,129,,7733,15,,,0,70,,7735,15,,,0,30,,7737,15,,,0,85,,7748,15,,,0,15,,7734,15,,,0,55,,7749,15,,,0,45,,7736,15,,,0,75,,7738,15,,,0,80,,7745,15,,,0,30,,7740,15,,,0,100,,7741,15,,,0,100,,7742,15,,,0,99,,7739,15,,,0,104,,7744,15,,,0,104,,7746,15,,,0,104,,7751,15,,,0
901,'5429',712,,7752,15,,,0,30,,7755,15,,,0,70,,7753,15,,,0,30,,7754,15,,,0,100,,7756,15,,,0,70,,7758,15,,,0,30,,7757,15,,,0,70,,7761,15,,,0,31,,7759,15,,,0,70,,7760,15,,,0,31,,7765,15,,,0,70,,7763,15,,,0,30,,7766,15,,,0,70,,7762,15,,,0,30,,7764,15,,,0,71,,7778,15,,,0,30,,7768,15,,,0,70,,7769,15,,,0,29,,7767,15,,,0,70,,7770,15,,,0,30,,7771,15,,,0,70,,7783,15,,,0,30,,7775,15,,,0,70,,7772,15,,,0,28,,7774,15,,,0,70,,7773,15,,,0,30,,7776,15,,,0,70,,7782,15,,,0,30,,7777,15,,,0,70,,7779,15,,,0,29,,7780,15,,,0,70,,7781,15,,,0,30,,7784,15,,,0
