1601,'4528',741,,6374,13,,,0,100,,6370,13,,,0,100,,6371,13,,,0,200,,6378,13,,,0
1601,'4532',1540,,6404,13,,,0,105,,6402,13,,,0
1601,'5425',844,,6384,13,,,0,100,,6387,13,,,0,100,,6385,13,,,0,100,,6386,13,,,0,101,,6388,13,,,0,100,,6390,13,,,0,99,,6395,13,,,0,100,,6392,13,,,0,105,,6389,13,,,0,100,,6391,13,,,0,100,,6393,13,,,0,100,,6394,13,,,0
1601,'5426',1041,,6369,13,,,0,200,,6372,13,,,0,100,,6373,13,,,0,100,,6376,13,,,0,111,,6377,13,,,0,102,,6380,13,,,0,97,,6382,13,,,0,99,,6381,13,,,0,100,,6379,13,,,0
1601,'5427',1041,,7867,13,,,0,200,,7868,13,,,0,100,,7869,13,,,0,100,,7870,13,,,0,111,,7871,13,,,0,102,,7873,13,,,0,97,,7875,13,,,0,99,,7874,13,,,0,100,,7872,13,,,0
1601,'5428',825,,7877,13,,,0,115,,7876,13,,,0,95,,7878,13,,,0,110,,7880,13,,,0,95,,7881,13,,,0,100,,7879,13,,,0,100,,7882,13,,,0,300,,7883,13,,,0,99,,7884,13,,,0,100,,7885,13,,,0
1601,'5429',844,,7886,13,,,0,100,,7889,13,,,0,100,,7887,13,,,0,100,,7888,13,,,0,101,,7890,13,,,0,100,,7892,13,,,0,99,,7897,13,,,0,100,,7894,13,,,0,105,,7891,13,,,0,100,,7893,13,,,0,100,,7895,13,,,0,100,,7896,13,,,0
1701,'5425',819,,6467,13,0,11 12,0,100,,6468,13,0,11 12,0,116,,6469,13,0,11 12,0,95,,6470,13,0,13 14,0,200,,6472,13,0,11 12,0,210,,6471,13,0,13 14,0,100,,6474,13,0,11 12,0,100,,6473,13,0,15 1 16,0,100,,6475,13,0,13 14,0,170,,6476,13,0,13 14,0
1701,'5426',726,,6458,13,0,11 12,0,86,,6463,13,0,11 12,0,99,,6451,13,0,11 12,0,100,,6454,13,0,11 12,0,100,,6450,13,0,11 12,0,100,,6452,13,0,15 1 16,0,100,,6455,13,0,15 1 16,0,110,,6457,13,0,15 1 16,0,92,,6460,13,0,15 1 16,0,110,,6465,13,0,15 1 16,0,99,,6461,13,0,15 1 16,0,104,,6464,13,0,15 1 16,0,119,,6462,13,0,13 14,0,100,,6456,13,0,13 14,0,155,,6453,13,0,13 14,0,114,,6466,13,0,13 14,0
1701,'5427',726,,7947,13,0,11 12,0,86,,7951,13,0,11 12,0,99,,7940,13,0,11 12,0,100,,7943,13,0,11 12,0,100,,7939,13,0,11 12,0,100,,7941,13,0,15 1 16,0,100,,7944,13,0,15 1 16,0,110,,7946,13,0,15 1 16,0,92,,7948,13,0,15 1 16,0,110,,7953,13,0,15 1 16,0,99,,7949,13,0,15 1 16,0,104,,7952,13,0,15 1 16,0,119,,7950,13,0,13 14,0,100,,7945,13,0,13 14,0,155,,7942,13,0,13 14,0,114,,7954,13,0,13 14,0
1701,'5428',719,,7959,13,0,11 12,0,100,,7956,13,0,11 12,0,90,,7955,13,0,11 12,0,131,,7957,13,0,11 12,0,170,,7960,13,0,15 1 16,0,100,,7961,13,0,15 1 16,0,130,,7958,13,0,15 1 16,0,170,,7962,13,0,15 1 16,0,105,,7963,13,0,15 1 16,0,99,,7965,13,0,13 14,0,105,,7966,13,0,13 14,0,105,,7967,13,0,13 14,0,110,,7964,13,0,13 14,0,120,,7968,13,0,13 14,0
1701,'5429',819,,7969,13,0,11 12,0,100,,7970,13,0,11 12,0,116,,7971,13,0,11 12,0,95,,7972,13,0,13 14,0,200,,7974,13,0,11 12,0,210,,7973,13,0,13 14,0,100,,7976,13,0,11 12,0,100,,7975,13,0,15 1 16,0,100,,7977,13,0,13 14,0,170,,7978,13,0,13 14,0
