1700,'4528',717,,6418,32,,,0
1700,'5425',908,,6426,32,,,0,100,,6427,32,,,0,198,,6429,31,,,0
1700,'5426',651,,6410,32,,,0,167,,6416,32,,,0,88,,6422,32,,,0,99,,6409,32,,,0,100,,6413,32,,,0,100,,6408,32,,,0,726,,6423,32,,,0
1700,'5427',651,,7900,32,,,0,167,,7906,32,,,0,88,,7911,32,,,0,99,,7899,32,,,0,100,,7903,32,,,0,100,,7898,32,,,0,726,,7912,32,,,0
1700,'5428',759,,7915,32,,,0,143,,7916,32,,,0,50,,7917,32,,,0,172,,7918,32,,,0
1700,'5429',908,,7929,32,,,0,100,,7930,32,,,0,198,,7932,31,,,0
1701,'5425',1602,,6471,44,0,13 14,0,200,,6473,44,0,15 1 16,0,100,,6475,44,0,13 14,0,130,,6476,44,0,13 14,0
1701,'5426',1233,,6452,44,0,15 1 16,0,102,,6455,44,0,15 1 16,0,112,,6457,44,0,15 1 16,0,92,,6460,44,0,15 1 16,0,108,,6465,44,0,15 1 16,0,98,,6461,44,0,15 1 16,0,104,,6464,44,0,15 1 16,0,159,,6462,44,0,13 14,0,98,,6456,44,0,13 14,0,115,,6453,44,0,13 14,0,114,,6466,44,0,13 14,0
1701,'5427',1233,,7941,44,0,15 1 16,0,102,,7944,44,0,15 1 16,0,112,,7946,44,0,15 1 16,0,92,,7948,44,0,15 1 16,0,108,,7953,44,0,15 1 16,0,98,,7949,44,0,15 1 16,0,104,,7952,44,0,15 1 16,0,159,,7950,44,0,13 14,0,98,,7945,44,0,13 14,0,115,,7942,44,0,13 14,0,114,,7954,44,0,13 14,0
1701,'5428',1232,,7960,44,0,15 1 16,0,100,,7961,44,0,15 1 16,0,170,,7958,44,0,15 1 16,0,131,,7962,44,0,15 1 16,0,105,,7963,44,0,15 1 16,0,98,,7965,44,0,13 14,0,105,,7966,44,0,13 14,0,105,,7967,44,0,13 14,0,110,,7964,44,0,13 14,0,159,,7968,44,0,13 14,0
1701,'5429',1602,,7973,44,0,13 14,0,200,,7975,44,0,15 1 16,0,100,,7977,44,0,13 14,0,130,,7978,44,0,13 14,0
