1400,'4327',906,,4215,8,,,0,200,,4214,8,,,0,130,,4219,8,,,0,95,,4216,8,,,0,100,,4217,8,,,0,170,,4218,8,,,0,225,,4220,8,,,0
1400,'4795',614,,1523,8,,,0,31,,1522,8,,,0,87,,1515,8,,,0,27,,1517,8,0,7 8 2 9 2 10,0,83,,1520,8,,,0,91,,1518,8,,,0,114,,1516,8,,,0,185,,1524,8,,,0,217,,1519,8,0,9,0,155,,1525,8,,,0,39,,1526,8,,,0,75,,1527,8,,,0,39,,1528,8,,,0,145,,1521,8,,,0,114,,1529,8,,,0,30,,1530,8,,,0
1400,'4800',801,,1531,8,,,0,135,,2625,8,,,0,95,,1540,8,,,0,101,,1537,8,,,0,100,,1533,8,,,0,100,,1539,8,,,0,105,,1535,8,,,0,212,,1536,8,,,0,207,,1532,8,,,0,100,,1538,8,,,0
1400,'5102',614,,4229,8,,,0,31,,4228,8,,,0,87,,4221,8,,,0,27,,4223,8,0,7 8 2 9 2 10,0,83,,4226,8,,,0,91,,4224,8,,,0,114,,4222,8,,,0,185,,4230,8,,,0,217,,4225,8,0,9,0,155,,4231,8,,,0,39,,4232,8,,,0,75,,4233,8,,,0,39,,4234,8,,,0,145,,4227,8,,,0,114,,4235,8,,,0,30,,4236,8,,,0
1400,'5105',801,,4237,8,,,0,135,,4240,8,,,0,95,,4246,8,,,0,101,,4243,8,,,0,100,,4239,8,,,0,100,,4245,8,,,0,105,,4241,8,,,0,212,,4242,8,,,0,207,,4238,8,,,0,100,,4244,8,,,0
8001,'5095',1454,,1840,7,,,0,3,,1840,14,,,0
8001,'5097',1454,,1841,7,,,0,3,,1841,14,,,0
8001,'5103',1454,,4546,7,,,0,3,,4546,14,,,0
8001,'5104',1454,,4547,7,,,0,3,,4547,14,,,0
8100,'4795',749,,1842,16,,,0
8100,'5102',749,,4548,16,,,0
8101,'5095',1542,,1843,43,,,0
8101,'5097',1431,,1844,43,,,0
8101,'5103',1542,,4549,43,,,0
8101,'5104',1431,,4550,43,,,0
