1600,'4528',659,,6335,20,,,0,82,,6344,20,0,5,0,68,,6336,20,0,5,0,99,,6331,20,0,5,0,100,,6332,20,0,5,0,200,,6339,20,0,5,0
1600,'4532',1607,,6360,20,0,5,0,105,,6364,20,0,5,0
1600,'5425',909,,6345,20,0,5,0,100,,6348,20,0,5,0,100,,6346,20,0,5,0,100,,6347,20,0,5,0,102,,6349,20,0,5,0,100,,6352,20,0,5,0,99,,6355,20,0,5,0,100,,6353,20,0,5,0,105,,6350,20,0,5,0,99,,6351,20,0,5,0,98,,6354,20,0,5,0,100,,6356,20,0,5,0
1600,'5426',1108,,6333,20,0,5,0,200,,6334,20,0,5,0,103,,6330,20,0,5,0,102,,6337,20,0,5,0,111,,6338,20,0,5,0,100,,6341,20,0,5,0,94,,6343,20,0,5,0,98,,6342,20,0,5,0,99,,6340,20,0,5,0
1600,'5427',1108,,7837,20,0,5,0,200,,7838,20,0,5,0,103,,7836,20,0,5,0,102,,7839,20,0,5,0,111,,7840,20,0,5,0,100,,7842,20,0,5,0,94,,7844,20,0,5,0,98,,7843,20,0,5,0,99,,7841,20,0,5,0
1600,'5428',849,,7848,20,0,5,0,156,,7847,20,0,5,0,95,,7846,20,0,5,0,111,,7849,20,0,5,0,95,,7850,20,0,5,0,101,,7845,20,0,5,0,100,,7851,20,0,5,0,300,,7852,20,0,5,0,97,,7853,20,0,5,0,100,,7854,20,0,5,0
1600,'5429',909,,7855,20,0,5,0,100,,7858,20,0,5,0,100,,7856,20,0,5,0,100,,7857,20,0,5,0,102,,7859,20,0,5,0,100,,7862,20,0,5,0,99,,7865,20,0,5,0,100,,7863,20,0,5,0,105,,7860,20,0,5,0,99,,7861,20,0,5,0,98,,7864,20,0,5,0,100,,7866,20,0,5,0
1700,'4528',733,,6418,51,,,0
1700,'5425',921,,6426,51,,,0,100,,6427,51,,,0,102,,6428,32,,,0,96,,6429,50,,,0,200,,6431,32,,,0,208,,6430,20,,,0,102,,6432,32,,,0,112,,6433,32,,,0,85,,6434,20,,,0,130,,6435,20,,,0
1700,'5426',706,,6410,51,,,0,130,,6416,51,,,0,86,,6422,51,,,0,99,,6409,51,,,0,100,,6413,51,,,0,100,,6408,51,,,0,99,,6411,32,,,0,101,,6414,32,,,0,115,,6417,32,,,0,93,,6419,32,,,0,107,,6424,32,,,0,96,,6420,32,,,0,113,,6423,51,,,0,87,,6421,20,,,0,98,,6415,20,,,0,115,,6412,20,,,0,114,,6425,20,,,0
1700,'5427',706,,7900,51,,,0,130,,7906,51,,,0,86,,7911,51,,,0,99,,7899,51,,,0,100,,7903,51,,,0,100,,7898,51,,,0,99,,7901,32,,,0,101,,7904,32,,,0,115,,7907,32,,,0,93,,7908,32,,,0,107,,7913,32,,,0,96,,7909,32,,,0,113,,7912,51,,,0,87,,7910,20,,,0,98,,7905,20,,,0,115,,7902,20,,,0,114,,7914,20,,,0
1700,'5428',814,,7915,51,,,0,103,,7916,51,,,0,90,,7917,51,,,0,133,,7918,51,,,0,169,,7919,32,,,0,103,,7920,32,,,0,130,,7921,32,,,0,171,,7922,32,,,0,104,,7923,32,,,0,85,,7924,20,,,0,105,,7925,20,,,0,105,,7926,20,,,0,110,,7927,20,,,0,119,,7928,20,,,0
1700,'5429',921,,7929,51,,,0,100,,7930,51,,,0,102,,7931,32,,,0,96,,7932,50,,,0,200,,7934,32,,,0,208,,7933,20,,,0,102,,7935,32,,,0,112,,7936,32,,,0,85,,7937,20,,,0,130,,7938,20,,,0
