700,'4327',733,,3581,14,,,0,67,,3582,14,,,0,100,,3583,14,,,0,57,,3584,14,,,0,73,,3586,14,,,0,70,,3585,14,,,0,27,,3588,14,,,0,73,,3594,14,,,0,27,,3589,14,,,0,29,,3587,14,,,0,72,,3590,14,,,0,28,,3601,14,,,0,72,,3592,14,,,0,29,,3596,14,,,0,71,,3591,14,,,0,29,,3593,14,,,0,71,,3595,14,,,0,27,,3599,14,,,0,72,,3597,14,,,0,27,,3602,14,,,0,71,,3598,14,,,0,29,,3604,14,,,0,101,,3600,14,,,0,99,,3606,14,,,0,104,,3603,14,,,0,95,,3605,14,,,0,100,,3607,14,,,0
700,'4795',620,,890,14,,,0,18,,891,14,,,0,17,,892,14,,,0,54,,893,14,,,0,16,,894,14,,,0,7,,895,14,,,0,10,,896,14,,,0,17,,897,14,,,0,60,,898,14,,,0,11,,899,14,,,0,19,,900,14,,,0,10,,901,14,,,0,56,,902,14,,,0,12,,903,14,,,0,18,,904,14,,,0,13,,920,14,,,0,57,,905,14,,,0,13,,945,14,,,0,17,,906,14,,,0,70,,907,14,,,0,33,,2469,14,,,0,68,,909,14,,,0,32,,910,14,,,0,68,,911,14,,,0,32,,912,14,,,0,69,,913,14,,,0,34,,914,14,,,0,51,,915,14,,,0,15,,916,14,,,0,18,,917,14,,,0,13,,2470,14,,,0,57,,919,14,,,0,12,,921,14,,,0,18,,924,14,,,0,11,,936,14,,,0,59,,925,14,,,0,11,,922,14,,,0,18,,926,14,,,0,11,,937,14,,,0,58,,927,14,,,0,10,,923,14,,,0,16,,2018,14,,,0,13,,939,14,,,0,72,,929,14,,,0,27,,2020,14,,,0,73,,2471,14,,,0,27,,941,14,,,0,71,,931,14,,,0,29,,940,14,,,0,70,,2019,14,,,0,28,,942,14,,,0,70,,933,14,,,0,28,,943,14,,,0,73,,934,14,,,0,31,,944,14,,,0,70,,935,14,,,0
700,'4800',648,,984,14,,,0,70,,983,14,,,0,31,,971,14,,,0,70,,946,14,,,0,31,,947,14,,,0,71,,949,14,,,0,29,,948,14,,,0,71,,955,14,,,0,31,,960,14,,,0,54,,975,14,,,0,16,,961,14,,,0,15,,976,14,,,0,22,,963,14,,,0,73,,958,14,,,0,68,,964,14,,,0,30,,957,14,,,0,72,,965,14,,,0,28,,959,14,,,0,70,,979,14,,,0,13,,2499,14,,,0,14,,977,14,,,0,16,,967,14,,,0,14,,981,14,,,0,55,,956,14,,,0,16,,2500,14,,,0,14,,968,14,,,0,15,,978,14,,,0,64,,962,14,,,0,29,,969,14,,,0,70,,950,14,,,0,36,,951,14,,,0,73,,952,14,,,0,76,,973,14,,,0,34,,972,14,,,0,105,,953,14,,,0,96,,954,14,,,0,100,,970,14,,,0,98,,974,14,,,0,66,,982,14,,,0,29,,985,14,,,0
700,'5102',620,,3608,14,,,0,18,,3609,14,,,0,17,,3610,14,,,0,54,,3611,14,,,0,16,,3612,14,,,0,17,,3613,14,,,0,17,,3614,14,,,0,60,,3615,14,,,0,11,,3616,14,,,0,19,,3617,14,,,0,10,,3618,14,,,0,56,,3619,14,,,0,12,,3620,14,,,0,18,,3621,14,,,0,13,,3637,14,,,0,57,,3622,14,,,0,13,,3662,14,,,0,17,,3623,14,,,0,70,,3624,14,,,0,33,,3625,14,,,0,68,,3626,14,,,0,32,,3627,14,,,0,68,,3628,14,,,0,32,,3629,14,,,0,69,,3630,14,,,0,34,,3631,14,,,0,51,,3632,14,,,0,15,,3633,14,,,0,18,,3634,14,,,0,13,,3635,14,,,0,57,,3636,14,,,0,12,,3638,14,,,0,18,,3641,14,,,0,11,,3653,14,,,0,59,,3642,14,,,0,11,,3639,14,,,0,18,,3643,14,,,0,11,,3654,14,,,0,58,,3644,14,,,0,10,,3640,14,,,0,16,,3645,14,,,0,13,,3656,14,,,0,72,,3646,14,,,0,27,,3655,14,,,0,73,,3647,14,,,0,27,,3658,14,,,0,71,,3648,14,,,0,29,,3657,14,,,0,70,,3649,14,,,0,28,,3659,14,,,0,70,,3650,14,,,0,28,,3660,14,,,0,73,,3651,14,,,0,31,,3661,14,,,0,70,,3652,14,,,0
700,'5105',648,,3701,14,,,0,70,,3700,14,,,0,31,,3688,14,,,0,70,,3663,14,,,0,31,,3664,14,,,0,71,,3666,14,,,0,29,,3665,14,,,0,71,,3672,14,,,0,31,,3677,14,,,0,54,,3692,14,,,0,16,,3678,14,,,0,15,,3693,14,,,0,22,,3680,14,,,0,73,,3675,14,,,0,68,,3681,14,,,0,30,,3674,14,,,0,72,,3682,14,,,0,28,,3676,14,,,0,70,,3696,14,,,0,13,,3683,14,,,0,14,,3694,14,,,0,16,,3684,14,,,0,14,,3698,14,,,0,55,,3673,14,,,0,16,,3697,14,,,0,14,,3685,14,,,0,15,,3695,14,,,0,64,,3679,14,,,0,29,,3686,14,,,0,70,,3667,14,,,0,36,,3668,14,,,0,73,,3669,14,,,0,76,,3690,14,,,0,34,,3689,14,,,0,105,,3670,14,,,0,96,,3671,14,,,0,100,,3687,14,,,0,98,,3691,14,,,0,66,,3699,14,,,0,29,,3702,14,,,0
7200,'4795',747,,2712,20,,,0
7200,'5102',747,,4533,20,,,0
7300,'4795',747,,1828,22,,,0
7300,'5102',747,,4534,22,,,0
7901,'5095',1523,,2720,28,4,,0
7901,'5097',1523,,2719,28,4,,0
7901,'5103',1523,,4544,28,4,,0
7901,'5104',1523,,4545,28,4,,0
