1400,'4327',909,,4215,10,,,0,200,,4214,10,,,0,130,,4219,10,,,0,95,,4216,10,,,0,100,,4217,10,,,0,170,,4218,10,,,0,225,,4220,10,,,0
1400,'4795',617,,1523,10,,,0,31,,1522,10,,,0,87,,1515,10,,,0,67,,1517,10,0,7 8 2 9 2 10,0,43,,1520,10,,,0,91,,1518,10,,,0,114,,1516,10,,,0,185,,1524,10,,,0,217,,1519,10,0,9,0,155,,1525,10,,,0,39,,1526,10,,,0,75,,1527,10,,,0,79,,1528,10,,,0,105,,1521,10,,,0,114,,1529,10,,,0,30,,1530,10,,,0
1400,'4800',804,,1531,10,,,0,135,,2625,10,,,0,95,,1540,10,,,0,101,,1537,10,,,0,100,,1533,10,,,0,100,,1539,10,,,0,105,,1535,10,,,0,212,,1536,10,,,0,207,,1532,10,,,0,100,,1538,10,,,0
1400,'5102',617,,4229,10,,,0,31,,4228,10,,,0,87,,4221,10,,,0,67,,4223,10,0,7 8 2 9 2 10,0,43,,4226,10,,,0,91,,4224,10,,,0,114,,4222,10,,,0,185,,4230,10,,,0,217,,4225,10,0,9,0,155,,4231,10,,,0,39,,4232,10,,,0,75,,4233,10,,,0,79,,4234,10,,,0,105,,4227,10,,,0,114,,4235,10,,,0,30,,4236,10,,,0
1400,'5105',804,,4237,10,,,0,135,,4240,10,,,0,95,,4246,10,,,0,101,,4243,10,,,0,100,,4239,10,,,0,100,,4245,10,,,0,105,,4241,10,,,0,212,,4242,10,,,0,207,,4238,10,,,0,100,,4244,10,,,0
8001,'5095',1507,,1840,25,,,0
8001,'5097',1507,,1841,25,,,0
8001,'5103',1507,,4546,25,,,0
8001,'5104',1507,,4547,25,,,0
8100,'4795',751,,1842,19,,,0
8100,'5102',751,,4548,19,,,0
8101,'5095',1544,,1843,46,,,0
8101,'5097',1433,,1844,46,,,0
8101,'5103',1544,,4549,46,,,0
8101,'5104',1433,,4550,46,,,0
