701,'4687',1821,,1065,35,,,0,112,,1053,32,,,0,270,,1058,35,,,0
701,'4795',612,,1013,15,,,0,18,,1014,32,,,0,17,,1015,35,,,0,54,,1016,32,,,0,16,,1017,35,,,0,6,,1018,32,,,0,10,,1019,35,,,0,17,,1020,32,,,0,60,,1021,35,,,0,11,,1022,32,,,0,19,,1023,35,,,0,11,,1024,32,,,0,56,,1025,35,,,0,12,,1026,32,,,0,18,,1027,35,,,0,13,,1063,32,,,0,57,,1028,35,,,0,13,,1068,32,,,0,17,,1029,35,,,0,69,,1030,32,,,0,34,,1031,35,,,0,67,,1032,32,,,0,32,,1033,35,,,0,68,,1034,32,,,0,32,,1035,35,,,0,69,,1036,32,,,0,34,,1037,35,,,0,11,,1038,32,,,0,55,,1039,32,,,0,18,,1040,35,,,0,13,,1041,32,,,0,17,,1042,35,,,0,52,,1043,32,,,0,18,,1044,35,,,0,12,,1045,32,,,0,18,,1046,35,,,0,52,,1047,32,,,0,18,,1048,35,,,0,11,,1049,32,,,0,18,,1050,35,,,0,50,,1064,32,,,0,29,,1051,32,,,0,72,,1052,35,,,0,100,,1054,35,,,0,27,,1055,32,,,0,71,,1056,35,,,0,29,,1057,32,,,0,98,,1059,32,,,0,70,,1060,35,,,0,28,,1061,32,,,0,73,,1062,35,,,0,31,,1066,32,,,0,70,,1067,35,,,0
701,'4800',640,,1107,35,,,0,70,,1106,32,,,0,31,,1094,35,,,0,70,,1070,32,,,0,31,,1069,32,,,0,71,,1071,35,,,0,29,,1072,32,,,0,71,,1080,32,,,0,31,,1085,35,,,0,14,,1098,32,,,0,56,,1084,35,,,0,15,,1099,32,,,0,22,,1087,32,,,0,73,,1083,35,,,0,28,,1086,32,,,0,70,,1079,32,,,0,32,,1089,35,,,0,68,,1082,32,,,0,30,,1102,35,,,0,53,,1090,32,,,0,14,,1103,32,,,0,16,,1091,35,,,0,14,,1101,32,,,0,55,,1078,32,,,0,16,,1104,35,,,0,14,,1088,32,,,0,15,,1100,32,,,0,64,,1081,35,,,0,29,,1092,32,,,0,70,,1073,32,,,0,36,,1076,35,,,0,73,,1077,32,,,0,36,,1095,35,,,0,74,,1096,32,,,0,105,,1075,32,,,0,96,,1074,35,,,0,101,,1093,32,,,0,98,,1097,32,,,0,26,,1105,35,,,0,69,,1108,32,,,0
701,'5096',1821,,2050,35,,,0,112,,2048,32,,,0,270,,2049,35,,,0
701,'5100',725,,2051,32,,,0,27,,2052,35,,,0,100,,2053,32,,,0,97,,2054,35,,,0,73,,2057,32,,,0,30,,2055,32,,,0,67,,2056,35,,,0,33,,2064,32,,,0,67,,2059,35,,,0,29,,2058,32,,,0,72,,2061,35,,,0,28,,2071,32,,,0,72,,2063,35,,,0,29,,2067,32,,,0,71,,2062,35,,,0,29,,2060,32,,,0,71,,2066,35,,,0,27,,2070,32,,,0,72,,2065,35,,,0,27,,2072,32,,,0,71,,2068,35,,,0,29,,2074,32,,,0,101,,2069,35,,,0,99,,2077,32,,,0,104,,2073,35,,,0,95,,2075,32,,,0,101,,2076,35,,,0
7300,'4795',739,,1828,8,,,0
7301,'4795',1527,,1829,22,,,0
7900,'4795',744,,1837,8,0,6,0
7901,'5095',1508,,1838,8,0,6,0
7901,'5097',1508,,1839,8,0,6,0
