300,'4528',636,,5210,27,,,0,199,,5202,27,,,0,109,,5196,27,,,0,403,,5204,27,,,0,270,,5211,27,,,0,113,,5183,27,,,0,112,,5217,27,,,0
300,'4532',833,,5240,27,,,0,508,,5252,27,,,0,171,,5255,27,,,0,100,,5257,27,,,0,99,,5258,27,,,0
300,'5221',1610,,5233,27,,,0,294,,5231,27,,,0,106,,5234,27,,,0
300,'5425',812,,5223,27,,,0,93,,5225,27,,,0,100,,5224,27,,,0,101,,5230,27,,,0,104,,5226,27,,,0,100,,5232,27,,,0,100,,5227,27,,,0,100,,5228,27,,,0,199,,5229,27,,,0,97,,5235,27,,,0,303,,5236,27,,,0,100,,5237,27,0,17 18 19,0
300,'5426',658,,5197,27,,,0,69,,5192,27,,,0,75,,5213,27,,,0,18,,5199,27,,,0,34,,5203,27,,,0,59,,5195,27,,,0,101,,5198,27,,,0,31,,5220,27,,,0,70,,5205,27,,,0,30,,5193,27,,,0,71,,5207,27,,,0,30,,5219,27,,,0,70,,5184,27,,,0,103,,5185,27,,,0,33,,5214,27,,,0,70,,5200,27,,,0,14,,5222,27,,,0,14,,5187,27,,,0,52,,5186,27,,,0,30,,5189,27,,,0,15,,5191,27,,,0,55,,5218,27,,,0,14,,5201,27,,,0,28,,5188,27,,,0,15,,5209,27,,,0,55,,5190,27,,,0,97,,5208,27,,,0,30,,5221,27,,,0,70,,5206,27,,,0,99,,5216,27,,,0,99,,5212,27,,,0,100,,5215,27,,,0,95,,5182,27,0,17 18 19,0
300,'5427',658,,6882,27,,,0,69,,6878,27,,,0,75,,6894,27,,,0,18,,6884,27,,,0,34,,6887,27,,,0,59,,6881,27,,,0,101,,6883,27,,,0,31,,6900,27,,,0,70,,6888,27,,,0,30,,6879,27,,,0,71,,6890,27,,,0,30,,6899,27,,,0,70,,6870,27,,,0,103,,6871,27,,,0,33,,6895,27,,,0,70,,6885,27,,,0,14,,6902,27,,,0,14,,6873,27,,,0,52,,6872,27,,,0,30,,6875,27,,,0,15,,6877,27,,,0,55,,6898,27,,,0,14,,6886,27,,,0,28,,6874,27,,,0,15,,6892,27,,,0,55,,6876,27,,,0,97,,6891,27,,,0,30,,6901,27,,,0,70,,6889,27,,,0,99,,6897,27,,,0,99,,6893,27,,,0,100,,6896,27,,,0,95,,6869,27,0,17 18 19,0
300,'5428',726,,6904,27,,,0,30,,6903,27,,,0,153,,6907,27,,,0,30,,6908,27,,,0,71,,6906,27,,,0,30,,6905,27,,,0,70,,6909,27,,,0,30,,6910,27,,,0,70,,6912,27,,,0,31,,6911,27,,,0,70,,6915,27,,,0,100,,6914,27,,,0,30,,6917,27,,,0,101,,6916,27,,,0,100,,6913,27,,,0,99,,6918,27,,,0,70,,6920,27,,,0,35,,6921,27,,,0,64,,6922,27,,,0,45,,6923,27,,,0,145,,6925,27,,,0,105,,6926,27,,,0,103,,6919,27,,,0,98,,6924,27,,,0
300,'5429',812,,6927,27,,,0,93,,6929,27,,,0,100,,6928,27,,,0,101,,6934,27,,,0,104,,6930,27,,,0,100,,6935,27,,,0,100,,6931,27,,,0,100,,6932,27,,,0,199,,6933,27,,,0,97,,6936,27,,,0,303,,6937,27,,,0,100,,6938,27,0,17 18 19,0
1300,'4528',854,,6215,21,,,0,148,,6217,21,,,0,100,,6216,21,,,0,100,,6218,21,,,0,214,,6214,21,,,0,108,,6219,21,,,0,108,,6220,21,,,0,108,,6221,21,,,0,105,,6222,21,,,0,105,,6223,21,,,0
1300,'4532',756,,6229,21,,,0,102,,6230,21,,,0,145,,6228,21,,,0,100,,6231,21,,,0,102,,6232,21,,,0,197,,6235,21,,,0,147,,6236,21,,,0,100,,6233,21,,,0,98,,6237,21,,,0,100,,6238,21,,,0,99,,6234,21,,,0,99,,6239,21,,,0
1300,'5221',1804,,6227,21,,,0
1300,'5425',845,,6225,21,,,0,363,,6226,21,,,0,325,,6224,21,,,0
1300,'5426',719,,6213,21,,,0
1300,'5427',719,,7794,21,,,0
1300,'5429',845,,7796,21,,,0,363,,7797,21,,,0,325,,7795,21,,,0
1400,'4528',622,,6272,17,,,0,31,,6271,17,,,0,197,,6269,17,,,0,390,,6273,17,,,0,217,,6268,17,,,0,155,,6274,17,,,0,39,,6275,17,,,0,75,,6276,17,,,0,79,,6277,17,,,0,219,,6278,17,,,0,30,,6279,17,,,0
1400,'4532',1240,,6289,17,,,0,205,,6291,17,,,0,213,,6292,17,,,0
1400,'5221',1339,,6282,17,,,0
1400,'5425',914,,6281,17,,,0,200,,6280,17,,,0,130,,6285,17,,,0,195,,6283,17,,,0,170,,6284,17,,,0,225,,6286,17,,,0
1400,'5426',741,,6264,17,,,0,67,,6266,17,,,0,133,,6267,17,,,0,114,,6265,17,,,0,855,,6270,17,,,0
1400,'5427',741,,7800,17,,,0,67,,7802,17,,,0,133,,7803,17,,,0,114,,7801,17,,,0,855,,7804,17,,,0
1400,'5428',809,,7805,17,,,0,135,,7807,17,,,0,95,,7811,17,,,0,101,,7808,17,,,0,200,,7809,17,,,0,564,,7806,17,,,0,100,,7810,17,,,0
1400,'5429',914,,7813,17,,,0,200,,7812,17,,,0,130,,7816,17,,,0,195,,7814,17,,,0,170,,7815,17,,,0,225,,7817,17,,,0
