1601,'4528',734,,6374,6,,,0,100,,6370,6,,,0,100,,6371,6,,,0,200,,6378,6,,,0
1601,'4532',1534,,6404,6,,,0,105,,6402,6,,,0
1601,'5425',839,,6384,6,,,0,100,,6387,6,,,0,100,,6385,6,,,0,100,,6386,6,,,0,100,,6388,6,,,0,100,,6390,6,,,0,100,,6395,6,,,0,100,,6392,6,,,0,105,,6389,6,,,0,100,,6391,6,,,0,100,,6393,6,,,0,100,,6394,6,,,0
1601,'5426',1034,,6369,6,,,0,200,,6372,6,,,0,100,,6373,6,,,0,100,,6376,6,,,0,111,,6377,6,,,0,101,,6380,6,,,0,98,,6382,6,,,0,100,,6381,6,,,0,100,,6379,6,,,0
1601,'5427',1034,,7867,6,,,0,200,,7868,6,,,0,100,,7869,6,,,0,100,,7870,6,,,0,111,,7871,6,,,0,101,,7873,6,,,0,98,,7875,6,,,0,100,,7874,6,,,0,100,,7872,6,,,0
1601,'5428',820,,7877,6,,,0,114,,7876,6,,,0,95,,7878,6,,,0,110,,7880,6,,,0,95,,7881,6,,,0,100,,7879,6,,,0,100,,7882,6,,,0,300,,7883,6,,,0,100,,7884,6,,,0,100,,7885,6,,,0
1601,'5429',839,,7886,6,,,0,100,,7889,6,,,0,100,,7887,6,,,0,100,,7888,6,,,0,100,,7890,6,,,0,100,,7892,6,,,0,100,,7897,6,,,0,100,,7894,6,,,0,105,,7891,6,,,0,100,,7893,6,,,0,100,,7895,6,,,0,100,,7896,6,,,0
1701,'5425',814,,6467,6,0,11 12,0,100,,6468,6,0,11 12,0,115,,6469,6,0,11 12,0,95,,6470,6,0,13 14,0,200,,6472,6,0,11 12,0,210,,6471,6,0,13 14,0,100,,6474,6,0,11 12,0,100,,6473,6,0,15 1 16,0,100,,6475,6,0,13 14,0,170,,6476,6,0,13 14,0
1701,'5426',719,,6458,6,0,11 12,0,85,,6463,6,0,11 12,0,100,,6451,6,0,11 12,0,100,,6454,6,0,11 12,0,100,,6450,6,0,11 12,0,100,,6452,6,0,15 1 16,0,100,,6455,6,0,15 1 16,0,110,,6457,6,0,15 1 16,0,91,,6460,6,0,15 1 16,0,110,,6465,6,0,15 1 16,0,100,,6461,6,0,15 1 16,0,104,,6464,6,0,15 1 16,0,120,,6462,6,0,13 14,0,100,,6456,6,0,13 14,0,115,,6453,6,0,13 14,0,155,,6466,6,0,13 14,0
1701,'5427',719,,7947,6,0,11 12,0,85,,7951,6,0,11 12,0,100,,7940,6,0,11 12,0,100,,7943,6,0,11 12,0,100,,7939,6,0,11 12,0,100,,7941,6,0,15 1 16,0,100,,7944,6,0,15 1 16,0,110,,7946,6,0,15 1 16,0,91,,7948,6,0,15 1 16,0,110,,7953,6,0,15 1 16,0,100,,7949,6,0,15 1 16,0,104,,7952,6,0,15 1 16,0,120,,7950,6,0,13 14,0,100,,7945,6,0,13 14,0,115,,7942,6,0,13 14,0,155,,7954,6,0,13 14,0
1701,'5428',714,,7959,6,0,11 12,0,100,,7956,6,0,11 12,0,90,,7955,6,0,11 12,0,130,,7957,6,0,11 12,0,170,,7960,6,0,15 1 16,0,100,,7961,6,0,15 1 16,0,130,,7958,6,0,15 1 16,0,170,,7962,6,0,15 1 16,0,105,,7963,6,0,15 1 16,0,100,,7965,6,0,13 14,0,105,,7966,6,0,13 14,0,105,,7967,6,0,13 14,0,110,,7964,6,0,13 14,0,120,,7968,6,0,13 14,0
1701,'5429',814,,7969,6,0,11 12,0,100,,7970,6,0,11 12,0,115,,7971,6,0,11 12,0,95,,7972,6,0,13 14,0,200,,7974,6,0,11 12,0,210,,7973,6,0,13 14,0,100,,7976,6,0,11 12,0,100,,7975,6,0,15 1 16,0,100,,7977,6,0,13 14,0,170,,7978,6,0,13 14,0
1800,'5425',738,,6511,5,,,0,101,,6509,5,,,0,101,,6508,5,,,0,101,,6510,5,,,0,101,,6514,5,,,0,103,,6515,5,,,0,91,,6513,5,,,0,101,,6519,5,,,0,105,,6520,5,,,0,105,,6512,5,,,0,101,,6517,5,,,0,101,,6516,5,,,0,101,,6518,5,,,0
1800,'5426',536,,6491,5,,,0,101,,6492,5,,,0,102,,6493,5,,,0,102,,6494,5,,,0,100,,6495,5,,,0,101,,6496,5,,,0,101,,6497,5,,,0,103,,6498,5,,,0,90,,6499,5,,,0,102,,6500,5,,,0,105,,6501,5,,,0,105,,6502,5,,,0,101,,6503,5,,,0,100,,6504,5,,,0,101,,6505,5,,,0,101,,6506,5,,,0,101,,6507,5,,,0
1800,'5427',536,,7979,5,,,0,101,,7980,5,,,0,102,,7981,5,,,0,102,,7982,5,,,0,100,,7983,5,,,0,101,,7984,5,,,0,101,,7985,5,,,0,103,,7986,5,,,0,90,,7987,5,,,0,102,,7988,5,,,0,105,,7989,5,,,0,105,,7990,5,,,0,101,,7991,5,,,0,100,,7992,5,,,0,101,,7993,5,,,0,101,,7994,5,,,0,101,,7995,5,,,0
1800,'5428',739,,7996,5,,,0,101,,7997,5,,,0,101,,7998,5,,,0,101,,7999,5,,,0,101,,8000,5,,,0,103,,8001,5,,,0,91,,8002,5,,,0,101,,8003,5,,,0,105,,8004,5,,,0,105,,8005,5,,,0,100,,8006,5,,,0,101,,8007,5,,,0,101,,8008,5,,,0,101,,8009,5,,,0,101,,8010,5,,,0
1800,'5429',738,,8014,5,,,0,101,,8012,5,,,0,101,,8011,5,,,0,101,,8013,5,,,0,101,,8017,5,,,0,103,,8018,5,,,0,91,,8016,5,,,0,101,,8022,5,,,0,105,,8023,5,,,0,105,,8015,5,,,0,101,,8020,5,,,0,101,,8019,5,,,0,101,,8021,5,,,0
