1601,'4528',740,,6374,12,,,0,100,,6370,12,,,0,100,,6371,12,,,0,200,,6378,12,,,0
1601,'4532',1539,,6404,12,,,0,105,,6402,12,,,0
1601,'5425',843,,6384,12,,,0,100,,6387,12,,,0,100,,6385,12,,,0,100,,6386,12,,,0,101,,6388,12,,,0,100,,6390,12,,,0,99,,6395,12,,,0,100,,6392,12,,,0,105,,6389,12,,,0,100,,6391,12,,,0,100,,6393,12,,,0,100,,6394,12,,,0
1601,'5426',1040,,6369,12,,,0,200,,6372,12,,,0,100,,6373,12,,,0,100,,6376,12,,,0,111,,6377,12,,,0,102,,6380,12,,,0,97,,6382,12,,,0,99,,6381,12,,,0,100,,6379,12,,,0
1601,'5427',1040,,7867,12,,,0,200,,7868,12,,,0,100,,7869,12,,,0,100,,7870,12,,,0,111,,7871,12,,,0,102,,7873,12,,,0,97,,7875,12,,,0,99,,7874,12,,,0,100,,7872,12,,,0
1601,'5428',824,,7877,12,,,0,115,,7876,12,,,0,95,,7878,12,,,0,110,,7880,12,,,0,95,,7881,12,,,0,100,,7879,12,,,0,100,,7882,12,,,0,300,,7883,12,,,0,99,,7884,12,,,0,100,,7885,12,,,0
1601,'5429',843,,7886,12,,,0,100,,7889,12,,,0,100,,7887,12,,,0,100,,7888,12,,,0,101,,7890,12,,,0,100,,7892,12,,,0,99,,7897,12,,,0,100,,7894,12,,,0,105,,7891,12,,,0,100,,7893,12,,,0,100,,7895,12,,,0,100,,7896,12,,,0
1701,'5425',818,,6467,12,0,11 12,0,100,,6468,12,0,11 12,0,116,,6469,12,0,11 12,0,95,,6470,12,0,13 14,0,200,,6472,12,0,11 12,0,210,,6471,12,0,13 14,0,100,,6474,12,0,11 12,0,100,,6473,12,0,15 1 16,0,100,,6475,12,0,13 14,0,170,,6476,12,0,13 14,0
1701,'5426',725,,6458,12,0,11 12,0,86,,6463,12,0,11 12,0,99,,6451,12,0,11 12,0,100,,6454,12,0,11 12,0,100,,6450,12,0,11 12,0,100,,6452,12,0,15 1 16,0,100,,6455,12,0,15 1 16,0,110,,6457,12,0,15 1 16,0,92,,6460,12,0,15 1 16,0,110,,6465,12,0,15 1 16,0,99,,6461,12,0,15 1 16,0,104,,6464,12,0,15 1 16,0,119,,6462,12,0,13 14,0,100,,6456,12,0,13 14,0,115,,6453,12,0,13 14,0,154,,6466,12,0,13 14,0
1701,'5427',725,,7947,12,0,11 12,0,86,,7951,12,0,11 12,0,99,,7940,12,0,11 12,0,100,,7943,12,0,11 12,0,100,,7939,12,0,11 12,0,100,,7941,12,0,15 1 16,0,100,,7944,12,0,15 1 16,0,110,,7946,12,0,15 1 16,0,92,,7948,12,0,15 1 16,0,110,,7953,12,0,15 1 16,0,99,,7949,12,0,15 1 16,0,104,,7952,12,0,15 1 16,0,119,,7950,12,0,13 14,0,100,,7945,12,0,13 14,0,115,,7942,12,0,13 14,0,154,,7954,12,0,13 14,0
1701,'5428',718,,7959,12,0,11 12,0,100,,7956,12,0,11 12,0,90,,7955,12,0,11 12,0,131,,7957,12,0,11 12,0,170,,7960,12,0,15 1 16,0,100,,7961,12,0,15 1 16,0,130,,7958,12,0,15 1 16,0,170,,7962,12,0,15 1 16,0,105,,7963,12,0,15 1 16,0,99,,7965,12,0,13 14,0,105,,7966,12,0,13 14,0,105,,7967,12,0,13 14,0,110,,7964,12,0,13 14,0,120,,7968,12,0,13 14,0
1701,'5429',818,,7969,12,0,11 12,0,100,,7970,12,0,11 12,0,116,,7971,12,0,11 12,0,95,,7972,12,0,13 14,0,200,,7974,12,0,11 12,0,210,,7973,12,0,13 14,0,100,,7976,12,0,11 12,0,100,,7975,12,0,15 1 16,0,100,,7977,12,0,13 14,0,170,,7978,12,0,13 14,0
