1401,'4327',1054,,4247,6,,,0,265,,4250,6,,,0,495,,4253,6,,,0
1401,'4332',749,,4270,6,,,0,175,,4274,6,,,0,95,,4278,6,,,0,101,,4276,6,,,0,200,,4279,6,,,0,315,,4275,6,,,0,209,,4273,6,,,0,100,,4277,6,,,0
1401,'4480',719,,4254,6,,,0,315,,4255,6,,,0,516,,4265,6,,,0,80,,4264,6,,,0,75,,4266,6,,,0,39,,4267,6,,,0,105,,4260,6,,,0
1401,'5010',854,,4248,6,,,0,370,,4252,6,,,0,195,,4249,6,,,0,130,,4251,6,,,0
1401,'5196',854,,4686,6,,,0,370,,4689,6,,,0,195,,4687,6,,,0,130,,4688,6,,,0
1401,'5244',1220,,4691,6,,,0,205,,4690,6,,,0
1401,'5246',603,,4261,6,,,0,31,,4262,6,,,0,111,,4256,6,,,0,84,,4259,6,,,0,91,,4257,6,,,0,299,,4263,6,,,0,216,,4258,6,,,0,569,,4268,6,,,0,30,,4269,6,,,0
1401,'5247',603,,4696,6,,,0,31,,4697,6,,,0,111,,4692,6,,,0,84,,4695,6,,,0,91,,4693,6,,,0,299,,4698,6,,,0,216,,4694,6,,,0,569,,4699,6,,,0,30,,4700,6,,,0
8100,'4480',737,,4548,1,,,0
8101,'4675',1419,,4550,29,,,0
8101,'5103',1530,,4549,29,,,0
