301,'4528',801,,5291,16,,,0,110,,5290,16,,,0,402,,5297,16,,,0,231,,5275,16,,,0,114,,5285,16,,,0,155,,5299,16,,,0
301,'4532',1311,,5333,16,,,0,130,,5332,16,,,0,100,,5338,16,,,0,100,,5342,16,,,0
301,'5221',1538,,5315,16,,,0,298,,5314,16,,,0,106,,5316,16,,,0
301,'5425',837,,5306,16,,,0,100,,5307,16,,,0,101,,5312,16,,,0,103,,5308,16,,,0,97,,5313,16,,,0,100,,5309,16,,,0,100,,5310,16,,,0,200,,5311,16,,,0,98,,5317,16,,,0,305,,5318,16,,,0,100,,5319,16,,,0
301,'5426',657,,5280,16,,,0,71,,5273,16,,,0,17,,5281,16,,,0,76,,5276,16,,,0,20,,5282,16,,,0,100,,5287,16,,,0,71,,5304,16,,,0,30,,5270,16,,,0,70,,5268,16,,,0,30,,5292,16,,,0,70,,5277,16,,,0,30,,5303,16,,,0,101,,5296,16,,,0,71,,5302,16,,,0,30,,5300,16,,,0,70,,5298,16,,,0,15,,5294,16,,,0,30,,5274,16,,,0,55,,5271,16,,,0,15,,5301,16,,,0,15,,5272,16,,,0,69,,5284,16,,,0,15,,5278,16,,,0,15,,5279,16,,,0,99,,5289,16,,,0,70,,5305,16,,,0,30,,5269,16,,,0,99,,5295,16,,,0,100,,5286,16,,,0,100,,5293,16,,,0,98,,5267,16,,,0
301,'5427',657,,6951,16,,,0,71,,6945,16,,,0,17,,6952,16,,,0,76,,6947,16,,,0,20,,6953,16,,,0,100,,6957,16,,,0,71,,6969,16,,,0,30,,6942,16,,,0,70,,6940,16,,,0,30,,6959,16,,,0,70,,6948,16,,,0,30,,6968,16,,,0,101,,6963,16,,,0,71,,6967,16,,,0,30,,6965,16,,,0,70,,6964,16,,,0,15,,6961,16,,,0,30,,6946,16,,,0,55,,6943,16,,,0,15,,6966,16,,,0,15,,6944,16,,,0,69,,6955,16,,,0,15,,6949,16,,,0,15,,6950,16,,,0,99,,6958,16,,,0,70,,6970,16,,,0,30,,6941,16,,,0,99,,6962,16,,,0,100,,6956,16,,,0,100,,6960,16,,,0,98,,6939,16,,,0
301,'5428',840,,6973,16,,,0,70,,6975,16,,,0,31,,6980,16,,,0,70,,6978,16,,,0,30,,6977,16,,,0,70,,6976,16,,,0,30,,6979,16,,,0,70,,6972,16,,,0,30,,6981,16,,,0,100,,6982,16,,,0,70,,6983,16,,,0,100,,6984,16,,,0,100,,6986,16,,,0,100,,6985,16,,,0,30,,6990,16,,,0,75,,6987,16,,,0,25,,6988,16,,,0,85,,6989,16,,,0,105,,6991,16,,,0,105,,6992,16,,,0,104,,6993,16,,,0,100,,6994,16,,,0
301,'5429',837,,6995,16,,,0,100,,6996,16,,,0,101,,7001,16,,,0,103,,6997,16,,,0,97,,7002,16,,,0,100,,6998,16,,,0,100,,6999,16,,,0,200,,7000,16,,,0,98,,7003,16,,,0,305,,7004,16,,,0,100,,7005,16,,,0
1301,'4528',806,,6241,5,,,0,108,,6244,5,,,0,100,,6243,5,,,0,100,,6242,5,,,0,210,,6240,5,,,0,103,,6245,5,,,0,108,,6246,5,,,0,108,,6247,5,,,0,108,,6248,5,,,0,105,,6249,5,,,0
1301,'4532',811,,6254,5,,,0,105,,6255,5,,,0,100,,6259,5,,,0,100,,6253,5,,,0,195,,6257,5,,,0,145,,6256,5,,,0,100,,6260,5,,,0,100,,6261,5,,,0,100,,6262,5,,,0,100,,6258,5,,,0,100,,6263,5,,,0
1301,'5221',1716,,6251,5,,,0
1301,'5425',1121,,6252,5,,,0,325,,6250,5,,,0
1301,'5429',1121,,7799,5,,,0,325,,7798,5,,,0
1401,'4528',602,,6304,5,,,0,30,,6305,5,,,0,195,,6302,5,,,0,390,,6306,5,,,0,216,,6301,5,,,0,115,,6308,5,,,0,80,,6307,5,,,0,75,,6309,5,,,0,39,,6310,5,,,0,260,,6311,5,,,0,30,,6312,5,,,0
1401,'4532',1218,,6322,5,,,0,205,,6321,5,,,0,210,,6325,5,,,0
1401,'5221',1317,,6316,5,,,0
1401,'5425',852,,6314,5,,,0,200,,6313,5,,,0,170,,6318,5,,,0,195,,6315,5,,,0,130,,6317,5,,,0,265,,6319,5,,,0
1401,'5426',717,,6297,5,,,0,26,,6299,5,,,0,175,,6300,5,,,0,114,,6298,5,,,0,815,,6303,5,,,0
1401,'5427',717,,7818,5,,,0,26,,7820,5,,,0,175,,7821,5,,,0,114,,7819,5,,,0,815,,7822,5,,,0
1401,'5428',747,,7823,5,,,0,175,,7825,5,,,0,95,,7828,5,,,0,101,,7826,5,,,0,200,,7829,5,,,0,524,,7824,5,,,0,100,,7827,5,,,0
1401,'5429',852,,7831,5,,,0,200,,7830,5,,,0,170,,7834,5,,,0,195,,7832,5,,,0,130,,7833,5,,,0,265,,7835,5,,,0
