100,'4528',606,,4803,17,,,0,30,,4804,25,,,0,72,,4805,25,,,0,31,,4806,25,,,0,74,,4815,25,,,0,15,,4814,25,,,0,15,,4842,25,,,0,100,,4837,25,,,0,81,,4847,25,,,0,223,,4834,25,,,0,70,,4833,25,,,0,192,,4816,25,,,0,106,,4838,25,,,0,15,,4844,25,,,0,113,,4829,25,,,0,83,,4827,25,,,0,119,,4835,25,,,0,97,,4826,25,,,0,99,,4820,25,,,0,100,,4817,25,,,0,97,,4841,25,,,0
100,'4532',943,,4891,25,,,0,102,,4896,25,,,0,102,,4898,25,,,0,100,,4901,25,,,0,100,,4902,25,,,0
100,'5221',734,,4856,25,,,0,100,,4859,25,,,0,204,,4861,25,,,0,101,,4864,25,,,0,102,,4866,25,,,0,370,,4872,25,,,0,99,,4883,25,,,0,100,,4886,25,,,0
100,'5425',715,,4855,25,,,0,89,,4857,25,,,0,100,,4858,25,,,0,32,,4860,25,,,0,72,,4863,25,,,0,100,,4862,25,,,0,103,,4876,25,,,0,100,,4865,25,,,0,30,,4869,25,,,0,70,,4867,25,,,0,30,,4870,25,,,0,71,,4871,25,,,0,30,,4868,25,,,0,99,,4873,25,,,0,99,,4874,25,,,0,103,,4877,25,,,0,65,,4875,25,,,0,29,,4878,25,,,0,70,,4887,25,,,0,29,,4880,25,,,0,70,,4879,25,,,0,29,,4881,25,,,0,68,,4882,25,,,0,30,,4884,25,,,0,70,,4888,25,,,0,37,,4885,25,,,0,62,,4889,25,,,0
100,'5426',756,,4807,25,,,0,101,,4843,25,,,0,55,,4818,25,,,0,16,,4810,25,,,0,75,,4836,25,,,0,41,,4846,25,,,0,71,,4845,25,,,0,30,,4850,25,,,0,72,,4849,25,,,0,130,,4824,25,,,0,70,,4813,25,,,0,32,,4812,25,,,0,79,,4811,25,,,0,18,,4839,25,,,0,55,,4821,25,,,0,44,,4840,25,,,0,55,,4853,25,,,0,14,,4852,25,,,0,14,,4832,25,,,0,28,,4854,25,,,0,55,,4830,25,,,0,30,,4848,25,,,0,60,,4851,25,,,0,19,,4828,25,,,0,92,,4831,25,,,0,99,,4822,25,,,0,100,,4819,25,,,0,99,,4825,25,,,0,96,,4823,25,,,0,29,,4808,25,,,0,70,,4809,25,,,0
100,'5427',756,,6581,25,,,0,101,,6602,25,,,0,55,,6588,25,,,0,16,,6584,25,,,0,75,,6599,25,,,0,41,,6604,25,,,0,71,,6603,25,,,0,30,,6607,25,,,0,72,,6606,25,,,0,130,,6593,25,,,0,70,,6587,25,,,0,32,,6586,25,,,0,79,,6585,25,,,0,18,,6600,25,,,0,55,,6590,25,,,0,44,,6601,25,,,0,55,,6610,25,,,0,14,,6609,25,,,0,14,,6598,25,,,0,28,,6611,25,,,0,55,,6596,25,,,0,30,,6605,25,,,0,60,,6608,25,,,0,19,,6595,25,,,0,92,,6597,25,,,0,99,,6591,25,,,0,100,,6589,25,,,0,99,,6594,25,,,0,96,,6592,25,,,0,29,,6582,25,,,0,70,,6583,25,,,0
100,'5428',645,,6634,25,,,0,9,,6636,25,,,0,70,,6637,25,,,0,30,,6612,25,,,0,66,,6639,25,,,0,20,,6613,25,,,0,15,,6640,25,,,0,57,,6614,25,,,0,16,,6641,25,,,0,87,,6616,25,,,0,100,,6615,25,,,0,102,,6618,25,,,0,100,,6617,25,,,0,100,,6620,25,,,0,31,,6619,25,,,0,70,,6621,25,,,0,30,,6623,25,,,0,69,,6624,25,,,0,13,,6642,25,,,0,15,,6625,25,,,0,55,,6643,25,,,0,15,,6622,25,,,0,15,,6644,25,,,0,14,,6626,25,,,0,15,,6645,25,,,0,55,,6627,25,,,0,15,,6646,25,,,0,15,,6628,25,,,0,70,,6629,25,,,0,45,,6633,25,,,0,99,,6632,25,,,0,144,,6631,25,,,0,104,,6630,25,,,0,103,,6635,25,,,0,97,,6638,25,,,0
100,'5429',715,,6647,25,,,0,89,,6648,25,,,0,100,,6649,25,,,0,32,,6650,25,,,0,72,,6652,25,,,0,100,,6651,25,,,0,103,,6662,25,,,0,100,,6653,25,,,0,30,,6656,25,,,0,70,,6654,25,,,0,30,,6657,25,,,0,71,,6658,25,,,0,30,,6655,25,,,0,99,,6659,25,,,0,99,,6660,25,,,0,103,,6663,25,,,0,65,,6661,25,,,0,29,,6664,25,,,0,70,,6671,25,,,0,29,,6666,25,,,0,70,,6665,25,,,0,29,,6667,25,,,0,68,,6668,25,,,0,30,,6669,25,,,0,70,,6672,25,,,0,37,,6670,25,,,0,62,,6673,25,,,0
200,'4528',728,,5068,32,,,0,103,,5070,32,,,0,111,,5074,32,,,0,100,,5078,32,,,0,100,,5077,32,,,0,101,,5080,32,,,0,100,,5082,32,,,0,100,,5083,32,,,0,103,,5086,32,,,0,109,,5056,32,,,0,97,,5059,32,,,0
200,'4532',911,,5103,32,,,0
200,'5425',815,,5088,32,,,0,41,,5087,32,,,0,152,,5090,32,,,0,100,,5089,32,,,0,101,,5091,32,,,0,105,,5092,32,,,0,96,,5094,32,,,0,100,,5093,32,,,0,99,,5097,32,,,0,106,,5099,32,,,0,99,,5098,32,,,0,124,,5095,32,,,0,99,,5096,32,,,0
200,'5426',623,,5067,32,,,0,77,,5066,32,,,0,43,,5071,32,,,0,72,,5069,32,,,0,31,,5072,32,,,0,66,,5075,32,,,0,100,,5073,32,,,0,100,,5076,32,,,0,101,,5079,32,,,0,100,,5081,32,,,0,100,,5084,32,,,0,106,,5085,32,,,0,106,,5062,32,,,0,99,,5058,32,,,0,98,,5065,32,,,0,34,,5057,32,,,0,80,,5061,32,,,0,69,,5055,32,,,0,34,,5060,32,,,0,65,,5054,32,,,0,30,,5063,32,,,0
200,'5427',623,,6776,32,,,0,77,,6775,32,,,0,43,,6778,32,,,0,72,,6777,32,,,0,31,,6779,32,,,0,66,,6781,32,,,0,100,,6780,32,,,0,100,,6782,32,,,0,101,,6783,32,,,0,100,,6784,32,,,0,100,,6785,32,,,0,106,,6786,32,,,0,106,,6771,32,,,0,99,,6768,32,,,0,98,,6774,32,,,0,34,,6767,32,,,0,80,,6770,32,,,0,69,,6766,32,,,0,34,,6769,32,,,0,65,,6765,32,,,0,30,,6772,32,,,0
200,'5428',758,,6788,32,,,0,254,,6787,32,,,0,101,,6790,32,,,0,100,,6789,32,,,0,101,,6791,32,,,0,100,,6792,32,,,0,100,,6795,32,,,0,30,,6796,32,,,0,70,,6794,32,,,0,30,,6793,32,,,0,70,,6797,32,,,0,30,,6798,32,,,0,70,,6799,32,,,0,88,,6804,32,,,0,40,,6802,32,,,0,91,,6800,32,,,0,93,,6801,32,,,0,100,,6803,32,,,0
200,'5429',815,,6806,32,,,0,41,,6805,32,,,0,152,,6808,32,,,0,100,,6807,32,,,0,101,,6809,32,,,0,105,,6810,32,,,0,96,,6812,32,,,0,100,,6811,32,,,0,99,,6815,32,,,0,106,,6817,32,,,0,99,,6816,32,,,0,124,,6813,32,,,0,99,,6814,32,,,0
1001,'4528',721,,6200,4,,,0,36,,6199,4,,,0,268,,6211,4,,,0,120,,6209,4,,,0,80,,6207,4,,,0,80,,6208,4,,,0,40,,6205,4,,,0,79,,6206,4,,,0,80,,6204,4,,,0,40,,6203,4,,,0,80,,6202,4,,,0,80,,6197,4,,,0,40,,6196,4,,,0,80,,6198,4,,,0,80,,6201,4,,,0
1001,'5426',739,,6194,4,,,0,77,,6195,4,,,0,94,,6210,4,,,0,1213,,6212,4,,,0
1001,'5427',739,,7790,4,,,0,77,,7791,4,,,0,94,,7792,4,,,0,1213,,7793,4,,,0
