300,'4327',759,,3100,5,,,0,93,,3102,5,,,0,100,,3101,5,,,0,101,,3107,5,,,0,103,,3103,5,,,0,100,,3109,5,,,0,100,,3104,5,,,0,100,,3105,5,,,0,100,,3110,5,,,0,100,,3106,5,,,0,98,,3112,5,,,0,98,,3108,5,,,0,106,,3111,5,,,0,99,,3113,5,,,0,100,,3114,5,0,17 18 19,0
300,'4795',623,,426,5,,,0,22,,413,5,,,0,60,,406,5,,,0,9,,2351,5,,,0,15,,401,5,,,0,18,,429,5,,,0,58,,415,5,,,0,16,,418,5,,,0,19,,419,5,,,0,19,,411,5,,,0,70,,412,5,,,0,30,,414,5,,,0,71,,436,5,,,0,70,,421,5,,,0,30,,409,5,,,0,71,,423,5,,,0,30,,435,5,,,0,70,,397,5,,,0,31,,420,5,,,0,70,,398,5,,,0,33,,430,5,,,0,15,,408,5,,,0,55,,416,5,,,0,10,,1940,5,,,0,5,,439,5,,,0,15,,400,5,,,0,13,,399,5,,,0,55,,427,5,,,0,15,,403,5,,,0,15,,405,5,,,0,15,,434,5,,,0,55,,417,5,,,0,14,,396,5,,,0,14,,402,5,,,0,15,,425,5,,,0,55,,404,5,,,0,29,,433,5,,,0,29,,424,5,,,0,70,,438,5,,,0,30,,422,5,,,0,99,,1939,5,,,0,99,,428,5,,,0,100,,431,5,,,0,96,,395,5,0,17 18 19,0
300,'4800',714,,441,5,,,0,30,,2367,5,,,0,76,,442,5,,,0,36,,445,5,,,0,70,,446,5,,,0,31,,444,5,,,0,70,,443,5,,,0,30,,2368,5,,,0,70,,448,5,,,0,30,,450,5,,,0,71,,449,5,,,0,30,,453,5,,,0,70,,454,5,,,0,30,,2369,5,,,0,70,,456,5,,,0,31,,457,5,,,0,70,,455,5,,,0,30,,459,5,,,0,70,,451,5,,,0,30,,460,5,,,0,70,,458,5,,,0,30,,462,5,,,0,75,,463,5,,,0,24,,464,5,,,0,85,,2370,5,,,0,105,,467,5,,,0,105,,468,5,,,0,103,,461,5,,,0,99,,466,5,,,0
300,'5102',623,,3146,5,,,0,22,,3133,5,,,0,60,,3126,5,,,0,9,,3127,5,,,0,15,,3121,5,,,0,18,,3149,5,,,0,58,,3135,5,,,0,16,,3138,5,,,0,19,,3139,5,,,0,19,,3131,5,,,0,70,,3132,5,,,0,30,,3134,5,,,0,71,,3156,5,,,0,70,,3141,5,,,0,30,,3129,5,,,0,71,,3143,5,,,0,30,,3155,5,,,0,70,,3117,5,,,0,31,,3140,5,,,0,70,,3118,5,,,0,33,,3150,5,,,0,15,,3128,5,,,0,55,,3136,5,,,0,10,,3157,5,,,0,5,,3159,5,,,0,15,,3120,5,,,0,13,,3119,5,,,0,55,,3147,5,,,0,15,,3123,5,,,0,15,,3125,5,,,0,15,,3154,5,,,0,55,,3137,5,,,0,14,,3116,5,,,0,14,,3122,5,,,0,15,,3145,5,,,0,55,,3124,5,,,0,29,,3153,5,,,0,29,,3144,5,,,0,70,,3158,5,,,0,30,,3142,5,,,0,99,,3152,5,,,0,99,,3148,5,,,0,100,,3151,5,,,0,96,,3115,5,0,17 18 19,0
300,'5105',714,,3161,5,,,0,30,,3160,5,,,0,76,,3162,5,,,0,36,,3165,5,,,0,70,,3166,5,,,0,31,,3164,5,,,0,70,,3163,5,,,0,30,,3167,5,,,0,70,,3168,5,,,0,30,,3170,5,,,0,71,,3169,5,,,0,30,,3173,5,,,0,70,,3174,5,,,0,30,,3172,5,,,0,70,,3176,5,,,0,31,,3177,5,,,0,70,,3175,5,,,0,30,,3179,5,,,0,70,,3171,5,,,0,30,,3180,5,,,0,70,,3178,5,,,0,30,,3182,5,,,0,75,,3183,5,,,0,24,,3184,5,,,0,85,,3185,5,,,0,105,,3187,5,,,0,105,,3188,5,,,0,103,,3181,5,,,0,99,,3186,5,,,0
1400,'4795',816,,1517,38,0,7 8 2 9 2 10,0
1400,'5102',816,,4223,38,0,7 8 2 9 2 10,0
8100,'4795',811,,1842,48,,,0
8100,'5102',811,,4548,48,,,0
8101,'5095',1520,,1843,10,,,0
8101,'5097',1409,,1844,10,,,0
8101,'5103',1520,,4549,10,,,0
8101,'5104',1409,,4550,10,,,0
