1700,'4528',704,,6418,14,,,0
1700,'5425',855,,6426,14,,,0,100,,6427,14,,,0,198,,6429,13,,,0
1700,'5426',639,,6410,14,,,0,164,,6416,14,,,0,50,,6422,14,,,0,99,,6409,14,,,0,100,,6413,14,,,0,100,,6408,14,,,0,768,,6423,14,,,0
1700,'5427',639,,7900,14,,,0,164,,7906,14,,,0,50,,7911,14,,,0,99,,7899,14,,,0,100,,7903,14,,,0,100,,7898,14,,,0,768,,7912,14,,,0
1700,'5428',748,,7915,14,,,0,103,,7916,14,,,0,90,,7917,14,,,0,171,,7918,14,,,0
1700,'5429',855,,7929,14,,,0,100,,7930,14,,,0,198,,7932,13,,,0
1701,'5425',1550,,6471,26,0,13 14,0,200,,6473,26,0,15 1 16,0,100,,6475,26,0,13 14,0,170,,6476,26,0,13 14,0
1701,'5426',1222,,6452,26,0,15 1 16,0,101,,6455,26,0,15 1 16,0,110,,6457,26,0,15 1 16,0,93,,6460,26,0,15 1 16,0,109,,6465,26,0,15 1 16,0,98,,6461,26,0,15 1 16,0,104,,6464,26,0,15 1 16,0,119,,6462,26,0,13 14,0,99,,6456,26,0,13 14,0,155,,6453,26,0,13 14,0,114,,6466,26,0,13 14,0
1701,'5427',1222,,7941,26,0,15 1 16,0,101,,7944,26,0,15 1 16,0,110,,7946,26,0,15 1 16,0,93,,7948,26,0,15 1 16,0,109,,7953,26,0,15 1 16,0,98,,7949,26,0,15 1 16,0,104,,7952,26,0,15 1 16,0,119,,7950,26,0,13 14,0,99,,7945,26,0,13 14,0,155,,7942,26,0,13 14,0,114,,7954,26,0,13 14,0
1701,'5428',1220,,7960,26,0,15 1 16,0,100,,7961,26,0,15 1 16,0,130,,7958,26,0,15 1 16,0,170,,7962,26,0,15 1 16,0,105,,7963,26,0,15 1 16,0,99,,7965,26,0,13 14,0,105,,7966,26,0,13 14,0,105,,7967,26,0,13 14,0,110,,7964,26,0,13 14,0,159,,7968,26,0,13 14,0
1701,'5429',1550,,7973,26,0,13 14,0,200,,7975,26,0,15 1 16,0,100,,7977,26,0,13 14,0,170,,7978,26,0,13 14,0
