400,'4327',831,,3277,1,,,0,119,,3278,1,,,0,160,,3275,1,,,0,120,,3276,1,,,0,95,,3282,1,,,0,126,,3280,1,,,0,167,,3281,1,,,0,124,,3279,1,,,0,160,,3283,1,,,0
400,'4795',623,,564,1,,,0,26,,569,1,,,0,87,,566,1,,,0,73,,571,1,,,0,30,,568,1,,,0,69,,574,1,,,0,30,,567,1,,,0,70,,565,1,,,0,31,,575,1,,,0,70,,580,1,,,0,32,,577,1,,,0,70,,570,1,,,0,30,,582,1,,,0,70,,591,1,,,0,30,,581,1,,,0,70,,593,1,,,0,30,,572,1,,,0,70,,592,1,,,0,7,,594,1,,,0,25,,589,1,,,0,70,,578,1,,,0,12,,595,1,,,0,18,,579,1,,,0,70,,576,1,,,0,28,,586,1,,,0,69,,573,1,,,0,28,,587,1,,,0,97,,588,1,,,0,96,,584,1,,,0,98,,583,1,,,0,100,,2390,1,,,0,117,,2391,1,,,0
400,'4800',818,,2402,1,,,0,25,,2403,1,,,0,65,,2401,1,,,0,25,,2404,1,,,0,67,,2405,1,,,0,25,,2406,1,,,0,25,,2407,1,,,0,66,,2408,1,,,0,25,,2409,1,,,0,67,,2410,1,,,0,27,,606,1,,,0,68,,607,1,,,0,27,,608,1,,,0,28,,609,1,,,0,67,,611,1,,,0,29,,613,1,,,0,67,,610,1,,,0,29,,616,1,,,0,67,,614,1,,,0,26,,612,1,,,0,67,,615,1,,,0,27,,617,1,,,0,67,,618,1,,,0,26,,619,1,,,0,74,,621,1,,,0,100,,620,1,,,0,100,,622,1,,,0,99,,623,1,,,0,99,,2411,1,,,0
400,'5102',623,,3284,1,,,0,26,,3289,1,,,0,87,,3286,1,,,0,73,,3291,1,,,0,30,,3288,1,,,0,69,,3294,1,,,0,30,,3287,1,,,0,70,,3285,1,,,0,31,,3295,1,,,0,70,,3300,1,,,0,32,,3297,1,,,0,70,,3290,1,,,0,30,,3302,1,,,0,70,,3311,1,,,0,30,,3301,1,,,0,70,,3313,1,,,0,30,,3292,1,,,0,70,,3312,1,,,0,22,,3314,1,,,0,10,,3309,1,,,0,70,,3298,1,,,0,30,,3299,1,,,0,70,,3296,1,,,0,28,,3306,1,,,0,69,,3293,1,,,0,28,,3307,1,,,0,97,,3308,1,,,0,96,,3304,1,,,0,98,,3303,1,,,0,100,,3305,1,,,0,117,,3310,1,,,0
400,'5105',818,,3316,1,,,0,25,,3317,1,,,0,65,,3315,1,,,0,25,,3318,1,,,0,67,,3319,1,,,0,25,,3320,1,,,0,25,,3321,1,,,0,66,,3322,1,,,0,25,,3323,1,,,0,67,,3324,1,,,0,27,,3325,1,,,0,68,,3326,1,,,0,27,,3327,1,,,0,28,,3328,1,,,0,67,,3330,1,,,0,29,,3332,1,,,0,67,,3329,1,,,0,29,,3335,1,,,0,67,,3333,1,,,0,26,,3331,1,,,0,67,,3334,1,,,0,27,,3336,1,,,0,67,,3337,1,,,0,26,,3338,1,,,0,74,,3340,1,,,0,100,,3339,1,,,0,100,,3341,1,,,0,99,,3342,1,,,0,99,,3343,1,,,0
401,'4327',831,,3347,21,4,,0,119,,3344,21,4,,0,160,,3345,21,4,,0,120,,3346,21,4,,0,95,,3350,21,4,,0,126,,3348,21,4,,0,167,,3349,21,4,,0,124,,3351,21,4,,0,160,,3352,21,4,,0
401,'4795',623,,634,21,4,,0,26,,638,21,4,,0,87,,636,21,4,,0,73,,640,21,4,,0,30,,637,21,4,,0,69,,641,21,4,,0,30,,662,21,4,,0,70,,635,21,4,,0,31,,644,21,4,,0,70,,645,21,4,,0,32,,643,21,4,,0,70,,642,21,4,,0,30,,651,21,4,,0,70,,663,21,4,,0,30,,650,21,4,,0,70,,639,21,4,,0,30,,660,21,4,,0,70,,649,21,4,,0,7,,664,21,4,,0,25,,659,21,4,,0,70,,656,21,4,,0,12,,665,21,4,,0,18,,647,21,4,,0,70,,646,21,4,,0,28,,655,21,4,,0,69,,648,21,4,,0,28,,657,21,4,,0,97,,658,21,4,,0,96,,653,21,4,,0,98,,652,21,4,,0,100,,2412,21,4,,0,117,,2413,21,4,,0
401,'4800',818,,2423,21,4,,0,25,,2424,21,4,,0,65,,2426,21,4,,0,25,,2425,21,4,,0,67,,2427,21,4,,0,25,,2429,21,4,,0,25,,2430,21,4,,0,66,,2431,21,4,,0,25,,2428,21,4,,0,67,,2432,21,4,,0,27,,678,21,4,,0,68,,675,21,4,,0,27,,677,21,4,,0,28,,679,21,4,,0,67,,681,21,4,,0,29,,683,21,4,,0,67,,684,21,4,,0,29,,682,21,4,,0,67,,686,21,4,,0,26,,687,21,4,,0,67,,685,21,4,,0,27,,680,21,4,,0,67,,688,21,4,,0,26,,690,21,4,,0,74,,689,21,4,,0,100,,691,21,4,,0,100,,692,21,4,,0,99,,693,21,4,,0,99,,2433,21,4,,0
401,'5102',623,,3353,21,4,,0,26,,3357,21,4,,0,87,,3355,21,4,,0,73,,3359,21,4,,0,30,,3356,21,4,,0,69,,3360,21,4,,0,30,,3381,21,4,,0,70,,3354,21,4,,0,31,,3363,21,4,,0,70,,3364,21,4,,0,32,,3362,21,4,,0,70,,3361,21,4,,0,30,,3370,21,4,,0,70,,3382,21,4,,0,30,,3369,21,4,,0,70,,3358,21,4,,0,30,,3379,21,4,,0,70,,3368,21,4,,0,22,,3383,21,4,,0,10,,3378,21,4,,0,70,,3375,21,4,,0,30,,3366,21,4,,0,70,,3365,21,4,,0,28,,3374,21,4,,0,69,,3367,21,4,,0,28,,3376,21,4,,0,97,,3377,21,4,,0,96,,3372,21,4,,0,98,,3371,21,4,,0,100,,3373,21,4,,0,117,,3380,21,4,,0
401,'5105',818,,3384,21,4,,0,25,,3385,21,4,,0,65,,3387,21,4,,0,25,,3386,21,4,,0,67,,3388,21,4,,0,25,,3390,21,4,,0,25,,3391,21,4,,0,66,,3392,21,4,,0,25,,3389,21,4,,0,67,,3394,21,4,,0,27,,3396,21,4,,0,68,,3393,21,4,,0,27,,3395,21,4,,0,28,,3397,21,4,,0,67,,3399,21,4,,0,29,,3401,21,4,,0,67,,3402,21,4,,0,29,,3400,21,4,,0,67,,3404,21,4,,0,26,,3405,21,4,,0,67,,3403,21,4,,0,27,,3398,21,4,,0,67,,3406,21,4,,0,26,,3408,21,4,,0,74,,3407,21,4,,0,100,,3409,21,4,,0,100,,3410,21,4,,0,99,,3411,21,4,,0,99,,3412,21,4,,0
7001,'4795',1529,,1825,19,,,0
7001,'5102',1529,,4531,19,,,0
7100,'4795',732,,1826,6,,,0
7100,'5102',732,,4532,6,,,0
7200,'4795',739,,2712,6,,,0
7200,'5102',739,,4533,6,,,0
7401,'5095',1538,,2714,16,,,0
7401,'5097',1438,,2713,16,,,0
7401,'5103',1538,,4536,16,,,0
7401,'5104',1438,,4537,16,,,0
7701,'4795',1544,,2716,19,,,0
7701,'5102',1544,,4540,19,,,0
7900,'4795',749,,2718,14,0,6,0
7900,'5102',749,,4543,14,0,6,0
7901,'5095',1513,,2720,14,0,6,0
7901,'5097',1513,,2719,14,0,6,0
7901,'5103',1513,,4544,14,0,6,0
7901,'5104',1513,,4545,14,0,6,0
