1700,'4528',738,,6418,55,,,0
1700,'5425',925,,6426,55,,,0,100,,6427,55,,,0,102,,6428,36,,,0,96,,6429,54,,,0,200,,6431,36,,,0,208,,6430,24,,,0,102,,6432,36,,,0,112,,6433,36,,,0,85,,6434,24,,,0,170,,6435,24,,,0
1700,'5426',710,,6410,55,,,0,132,,6416,55,,,0,84,,6422,55,,,0,99,,6409,55,,,0,100,,6413,55,,,0,100,,6408,55,,,0,99,,6411,36,,,0,101,,6414,36,,,0,115,,6417,36,,,0,93,,6419,36,,,0,107,,6424,36,,,0,96,,6420,36,,,0,113,,6423,55,,,0,87,,6421,24,,,0,98,,6415,24,,,0,115,,6412,24,,,0,154,,6425,24,,,0
1700,'5427',710,,7900,55,,,0,132,,7906,55,,,0,84,,7911,55,,,0,99,,7899,55,,,0,100,,7903,55,,,0,100,,7898,55,,,0,99,,7901,36,,,0,101,,7904,36,,,0,115,,7907,36,,,0,93,,7908,36,,,0,107,,7913,36,,,0,96,,7909,36,,,0,113,,7912,55,,,0,87,,7910,24,,,0,98,,7905,24,,,0,115,,7902,24,,,0,154,,7914,24,,,0
1700,'5428',818,,7915,55,,,0,103,,7916,55,,,0,90,,7917,55,,,0,133,,7918,55,,,0,169,,7919,36,,,0,103,,7920,36,,,0,130,,7921,36,,,0,171,,7922,36,,,0,104,,7923,36,,,0,85,,7924,24,,,0,105,,7925,24,,,0,105,,7926,24,,,0,110,,7927,24,,,0,119,,7928,24,,,0
1700,'5429',925,,7929,55,,,0,100,,7930,55,,,0,102,,7931,36,,,0,96,,7932,54,,,0,200,,7934,36,,,0,208,,7933,24,,,0,102,,7935,36,,,0,112,,7936,36,,,0,85,,7937,24,,,0,170,,7938,24,,,0
1801,'5425',824,,6559,17,,,0,101,,6563,17,,,0,101,,6558,17,,,0,102,,6565,17,,,0,101,,6557,17,,,0,103,,6564,17,,,0,92,,6554,17,,,0,98,,6556,17,,,0,105,,6560,17,,,0,105,,6562,17,,,0,101,,6553,17,,,0,99,,6561,17,,,0,101,,6555,17,,,0
1801,'5426',622,,6536,17,,,0,101,,6537,17,,,0,105,,6538,17,,,0,100,,6539,17,,,0,100,,6540,17,,,0,101,,6541,17,,,0,101,,6542,17,,,0,104,,6543,17,,,0,90,,6544,17,,,0,104,,6545,17,,,0,106,,6546,17,,,0,103,,6547,17,,,0,98,,6548,17,,,0,99,,6549,17,,,0,101,,6550,17,,,0,101,,6551,17,,,0,101,,6552,17,,,0
1801,'5427',622,,8024,17,,,0,101,,8025,17,,,0,105,,8026,17,,,0,100,,8027,17,,,0,100,,8028,17,,,0,101,,8029,17,,,0,101,,8030,17,,,0,104,,8031,17,,,0,90,,8032,17,,,0,104,,8033,17,,,0,106,,8034,17,,,0,103,,8035,17,,,0,98,,8036,17,,,0,99,,8037,17,,,0,101,,8038,17,,,0,101,,8039,17,,,0,101,,8040,17,,,0
1801,'5428',826,,8041,17,,,0,101,,8042,17,,,0,100,,8043,17,,,0,101,,8044,17,,,0,101,,8045,17,,,0,103,,8046,17,,,0,91,,8047,17,,,0,102,,8048,17,,,0,106,,8049,17,,,0,105,,8050,17,,,0,98,,8051,17,,,0,100,,8052,17,,,0,101,,8053,17,,,0,100,,8054,17,,,0,101,,8055,17,,,0
1801,'5429',824,,8062,17,,,0,101,,8066,17,,,0,101,,8061,17,,,0,102,,8068,17,,,0,101,,8060,17,,,0,103,,8067,17,,,0,92,,8057,17,,,0,98,,8059,17,,,0,105,,8063,17,,,0,105,,8065,17,,,0,101,,8056,17,,,0,99,,8064,17,,,0,101,,8058,17,,,0
