1401,'4327',1058,,4247,11,,,0,265,,4250,11,,,0,495,,4253,11,,,0
1401,'4332',753,,4270,11,,,0,175,,4274,11,,,0,95,,4278,11,,,0,101,,4276,11,,,0,200,,4279,11,,,0,316,,4275,11,,,0,208,,4273,11,,,0,100,,4277,11,,,0
1401,'4480',723,,4254,11,,,0,316,,4255,11,,,0,517,,4265,11,,,0,79,,4264,11,,,0,75,,4266,11,,,0,39,,4267,11,,,0,105,,4260,11,,,0
1401,'5010',858,,4248,11,,,0,370,,4252,11,,,0,195,,4249,11,,,0,130,,4251,11,,,0
1401,'5196',858,,4686,11,,,0,370,,4689,11,,,0,195,,4687,11,,,0,130,,4688,11,,,0
1401,'5244',1224,,4691,11,,,0,205,,4690,11,,,0
1401,'5246',607,,4261,11,,,0,31,,4262,11,,,0,112,,4256,11,,,0,84,,4259,11,,,0,91,,4257,11,,,0,299,,4263,11,,,0,217,,4258,11,,,0,567,,4268,11,,,0,30,,4269,11,,,0
1401,'5247',607,,4696,11,,,0,31,,4697,11,,,0,112,,4692,11,,,0,84,,4695,11,,,0,91,,4693,11,,,0,299,,4698,11,,,0,217,,4694,11,,,0,567,,4699,11,,,0,30,,4700,11,,,0
8100,'4480',743,,4548,6,,,0
8101,'4675',1425,,4550,34,,,0
8101,'5103',1536,,4549,34,,,0
