301,'4327',840,,3189,22,,,0,100,,3190,22,,,0,101,,3195,22,,,0,103,,3191,22,,,0,98,,3196,22,,,0,100,,3192,22,,,0,100,,3193,22,,,0,101,,3198,22,,,0,100,,3194,22,,,0,98,,3200,22,,,0,98,,3197,22,,,0,106,,3199,22,,,0,99,,3201,22,,,0,100,,3202,22,,,0
301,'4795',651,,498,22,,,0,49,,2371,22,,,0,32,,490,22,,,0,17,,499,22,,,0,56,,509,22,,,0,20,,493,22,,,0,19,,500,22,,,0,70,,508,22,,,0,30,,505,22,,,0,71,,523,22,,,0,30,,487,22,,,0,70,,484,22,,,0,31,,510,22,,,0,70,,494,22,,,0,30,,522,22,,,0,71,,516,22,,,0,30,,515,22,,,0,72,,521,22,,,0,15,,514,22,,,0,15,,519,22,,,0,10,,1957,22,,,0,60,,517,22,,,0,14,,512,22,,,0,15,,492,22,,,0,55,,491,22,,,0,15,,488,22,,,0,15,,520,22,,,0,15,,489,22,,,0,54,,503,22,,,0,14,,502,22,,,0,15,,495,22,,,0,15,,496,22,,,0,70,,518,22,,,0,29,,507,22,,,0,70,,525,22,,,0,30,,485,22,,,0,99,,1956,22,,,0,100,,504,22,,,0,100,,511,22,,,0,98,,483,22,,,0
301,'4800',843,,527,22,,,0,70,,531,22,,,0,31,,536,22,,,0,70,,533,22,,,0,30,,2387,22,,,0,70,,535,22,,,0,30,,534,22,,,0,71,,530,22,,,0,30,,537,22,,,0,70,,539,22,,,0,30,,2388,22,,,0,70,,541,22,,,0,30,,538,22,,,0,70,,542,22,,,0,30,,544,22,,,0,70,,545,22,,,0,30,,547,22,,,0,70,,543,22,,,0,30,,549,22,,,0,75,,546,22,,,0,24,,550,22,,,0,85,,2389,22,,,0,105,,551,22,,,0,105,,552,22,,,0,104,,553,22,,,0,100,,554,22,,,0
301,'5102',651,,3218,22,,,0,49,,3217,22,,,0,32,,3210,22,,,0,17,,3219,22,,,0,56,,3229,22,,,0,20,,3213,22,,,0,19,,3220,22,,,0,70,,3228,22,,,0,30,,3225,22,,,0,71,,3243,22,,,0,30,,3207,22,,,0,70,,3204,22,,,0,31,,3230,22,,,0,70,,3214,22,,,0,30,,3242,22,,,0,71,,3236,22,,,0,30,,3235,22,,,0,72,,3241,22,,,0,15,,3234,22,,,0,15,,3239,22,,,0,10,,3244,22,,,0,60,,3237,22,,,0,14,,3232,22,,,0,15,,3212,22,,,0,55,,3211,22,,,0,15,,3208,22,,,0,15,,3240,22,,,0,15,,3209,22,,,0,54,,3223,22,,,0,14,,3222,22,,,0,15,,3215,22,,,0,15,,3216,22,,,0,70,,3238,22,,,0,29,,3227,22,,,0,70,,3245,22,,,0,30,,3205,22,,,0,99,,3233,22,,,0,100,,3224,22,,,0,100,,3231,22,,,0,98,,3203,22,,,0
301,'5105',843,,3247,22,,,0,70,,3251,22,,,0,31,,3256,22,,,0,70,,3253,22,,,0,30,,3252,22,,,0,70,,3255,22,,,0,30,,3254,22,,,0,71,,3250,22,,,0,30,,3257,22,,,0,70,,3259,22,,,0,30,,3260,22,,,0,70,,3261,22,,,0,30,,3258,22,,,0,70,,3262,22,,,0,30,,3264,22,,,0,70,,3265,22,,,0,30,,3267,22,,,0,70,,3263,22,,,0,30,,3269,22,,,0,75,,3266,22,,,0,24,,3270,22,,,0,85,,3268,22,,,0,105,,3271,22,,,0,105,,3272,22,,,0,104,,3273,22,,,0,100,,3274,22,,,0
1400,'4795',805,,1517,19,0,7 8 2 9 2 10,0,650,,1519,19,0,9,0
1400,'5102',805,,4223,19,0,7 8 2 9 2 10,0,650,,4225,19,0,9,0
8001,'5095',1451,,1840,3,,,0
8001,'5097',1451,,1841,3,,,0
8001,'5103',1451,,4546,3,,,0
8001,'5104',1451,,4547,3,,,0
8100,'4795',757,,1842,28,,,0
8100,'5102',757,,4548,28,,,0
