601,'4528',925,,5607,28,,,0,121,,5608,28,,,0,75,,5610,28,,,0,538,,5617,28,,,0,75,,5620,28,,,0,94,,5619,28,,,0
601,'4532',1319,,5638,28,,,0,199,,5642,28,,,0
601,'5221',1653,,5631,28,,,0
601,'5425',820,,5623,26,,,0,120,,5624,26,,,0,95,,5627,26,,,0,113,,5626,28,,,0,100,,5625,28,,,0,100,,5630,28,,,0,100,,5628,28,,,0,100,,5629,28,,,0,197,,5632,26,,,0,105,,5634,26,,,0,100,,5633,26,,,0
601,'5426',720,,5605,28,,,0,104,,5606,28,,,0,197,,5609,28,,,0,220,,5611,28,,,0,80,,5612,28,,,0,100,,5613,28,,,0,101,,5614,28,,,0,80,,5615,28,,,0,41,,5616,28,,,0,157,,5618,28,,,0,128,,5621,28,,,0,273,,5622,26,,,0
601,'5427',720,,7262,28,,,0,104,,7263,28,,,0,197,,7264,28,,,0,220,,7265,28,,,0,80,,7266,28,,,0,100,,7267,28,,,0,101,,7268,28,,,0,80,,7269,28,,,0,41,,7270,28,,,0,157,,7271,28,,,0,128,,7272,28,,,0,273,,7273,26,,,0
601,'5428',818,,7275,28,,,0,105,,7276,28,,,0,96,,7277,28,,,0,100,,7278,28,,,0,100,,7274,28,,,0,199,,7279,28,,,0,130,,7281,28,,,0,70,,7283,28,,,0,30,,7287,28,,,0,70,,7284,28,,,0,30,,7286,28,,,0,70,,7282,28,,,0,185,,7280,28,,,0,121,,7285,26,,,0
601,'5429',820,,7288,26,,,0,120,,7289,26,,,0,95,,7292,26,,,0,113,,7291,28,,,0,100,,7290,28,,,0,100,,7295,28,,,0,100,,7293,28,,,0,100,,7294,28,,,0,197,,7296,26,,,0,105,,7298,26,,,0,100,,7297,26,,,0
700,'5425',818,,5707,34,,,0,197,,5709,34,,,0,130,,5713,34,,,0,102,,5714,34,,,0,101,,5715,34,,,0,100,,5717,34,,,0,101,,5716,34,,,0,101,,5720,34,,,0,99,,5722,34,,,0,96,,5723,34,,,0,169,,5725,34,,,0,202,,5728,34,,,0,194,,5732,34,,,0
700,'5426',638,,5651,34,,,0,76,,5653,34,,,0,30,,5655,34,,,0,57,,5656,34,,,0,38,,5658,34,,,0,69,,5660,34,,,0,26,,5662,34,,,0,70,,5664,34,,,0,31,,5665,34,,,0,70,,5666,34,,,0,103,,5668,34,,,0,101,,5670,34,,,0,100,,5672,34,,,0,104,,5674,34,,,0,43,,5677,34,,,0,70,,5679,34,,,0,30,,5684,34,,,0,70,,5685,34,,,0,29,,5686,34,,,0,68,,5687,34,,,0,26,,5688,34,,,0,85,,5689,34,,,0,100,,5690,34,,,0,98,,5691,34,,,0,97,,5692,34,,,0,98,,5693,34,,,0,98,,5694,34,,,0,101,,5695,34,,,0
700,'5427',638,,7299,34,,,0,76,,7301,34,,,0,30,,7303,34,,,0,57,,7304,34,,,0,38,,7306,34,,,0,69,,7308,34,,,0,26,,7310,34,,,0,70,,7312,34,,,0,31,,7313,34,,,0,70,,7314,34,,,0,103,,7316,34,,,0,101,,7318,34,,,0,100,,7320,34,,,0,104,,7322,34,,,0,43,,7325,34,,,0,70,,7327,34,,,0,30,,7332,34,,,0,70,,7333,34,,,0,29,,7334,34,,,0,68,,7335,34,,,0,26,,7336,34,,,0,85,,7337,34,,,0,100,,7338,34,,,0,98,,7339,34,,,0,97,,7340,34,,,0,98,,7341,34,,,0,98,,7342,34,,,0,101,,7343,34,,,0
700,'5428',706,,7393,34,,,0,101,,7379,34,,,0,132,,7357,34,,,0,171,,7368,34,,,0,30,,7369,34,,,0,113,,7366,34,,,0,170,,7373,34,,,0,98,,7385,34,,,0,83,,7375,34,,,0,45,,7388,34,,,0,93,,7370,34,,,0,175,,7359,34,,,0,108,,7381,34,,,0,233,,7362,34,,,0,263,,7390,34,,,0
700,'5429',818,,7395,34,,,0,197,,7397,34,,,0,130,,7401,34,,,0,102,,7402,34,,,0,101,,7403,34,,,0,100,,7405,34,,,0,101,,7404,34,,,0,101,,7408,34,,,0,99,,7410,34,,,0,96,,7411,34,,,0,169,,7413,34,,,0,202,,7416,34,,,0,194,,7420,34,,,0
900,'4528',757,,5898,34,,,0,154,,5903,34,,,0,115,,5908,34,,,0,118,,5913,34,,,0,376,,5927,34,,,0
900,'4532',717,,6034,34,,,0,103,,5995,34,,,0,207,,5999,34,,,0,113,,6026,34,,,0,117,,6004,34,,,0,173,,6006,34,,,0,70,,6007,34,,,0,12,,6024,34,,,0,30,,6028,34,,,0,70,,6025,34,,,0,30,,6027,34,,,0,15,,6012,34,,,0,100,,6014,34,,,0
900,'5221',949,,5965,34,,,0
900,'5425',748,,5960,34,,,0,70,,5962,34,,,0,31,,5961,34,,,0,70,,5963,34,,,0,101,,5964,34,,,0,31,,5966,34,,,0,70,,5968,34,,,0,30,,5969,34,,,0,71,,5967,34,,,0,31,,5970,34,,,0,71,,5971,34,,,0,30,,5974,34,,,0,71,,5973,34,,,0,30,,5975,34,,,0,70,,5972,34,,,0,31,,5986,34,,,0,70,,5976,34,,,0,30,,5978,34,,,0,69,,5977,34,,,0,30,,5979,34,,,0,68,,5980,34,,,0,30,,5991,34,,,0,70,,5985,34,,,0,29,,5981,34,,,0,68,,5982,34,,,0,30,,5983,34,,,0,70,,5984,34,,,0,29,,5990,34,,,0,70,,5987,34,,,0,29,,5988,34,,,0,68,,5989,34,,,0,30,,5992,34,,,0,70,,5993,34,,,0
900,'5426',650,,5896,34,,,0,73,,5897,34,,,0,92,,5899,34,,,0,17,,5900,34,,,0,15,,5901,34,,,0,53,,5902,34,,,0,27,,5904,34,,,0,14,,5905,34,,,0,15,,5906,34,,,0,55,,5907,34,,,0,30,,5909,34,,,0,16,,5910,34,,,0,55,,5911,34,,,0,16,,5912,34,,,0,72,,5914,34,,,0,14,,5915,34,,,0,15,,5916,34,,,0,15,,5917,34,,,0,56,,5918,34,,,0,14,,5919,34,,,0,15,,5920,34,,,0,16,,5921,34,,,0,55,,5922,34,,,0,15,,5923,34,,,0,16,,5924,34,,,0,16,,5925,34,,,0,54,,5926,34,,,0,33,,5928,34,,,0,15,,5929,34,,,0,57,,5930,34,,,0,14,,5931,34,,,0,16,,5932,34,,,0,14,,5933,34,,,0,55,,5934,34,,,0,17,,5935,34,,,0,15,,5936,34,,,0,11,,5937,34,,,0,53,,5938,34,,,0,13,,5939,34,,,0,15,,5940,34,,,0,13,,5941,34,,,0,12,,5942,34,,,0,55,,5943,34,,,0,15,,5944,34,,,0,15,,5945,34,,,0,14,,5946,34,,,0,55,,5947,34,,,0,15,,5948,34,,,0,14,,5949,34,,,0,15,,5950,34,,,0,60,,5951,34,,,0,20,,5952,34,,,0,73,,5953,34,,,0,30,,5954,34,,,0,23,,5955,34,,,0,73,,5956,34,,,0,25,,5957,34,,,0,71,,5958,34,,,0,25,,5959,34,,,0,70,,5895,34,,,0
900,'5427',650,,7544,34,,,0,73,,7545,34,,,0,92,,7546,34,,,0,17,,7547,34,,,0,15,,7548,34,,,0,53,,7549,34,,,0,27,,7550,34,,,0,14,,7551,34,,,0,15,,7552,34,,,0,55,,7553,34,,,0,30,,7554,34,,,0,16,,7555,34,,,0,55,,7556,34,,,0,16,,7557,34,,,0,72,,7558,34,,,0,14,,7559,34,,,0,15,,7560,34,,,0,15,,7561,34,,,0,56,,7562,34,,,0,14,,7563,34,,,0,15,,7564,34,,,0,16,,7565,34,,,0,55,,7566,34,,,0,15,,7567,34,,,0,16,,7568,34,,,0,16,,7569,34,,,0,54,,7570,34,,,0,33,,7571,34,,,0,15,,7572,34,,,0,57,,7573,34,,,0,14,,7574,34,,,0,16,,7575,34,,,0,14,,7576,34,,,0,55,,7577,34,,,0,17,,7578,34,,,0,15,,7579,34,,,0,11,,7580,34,,,0,53,,7581,34,,,0,13,,7582,34,,,0,15,,7583,34,,,0,13,,7584,34,,,0,12,,7585,34,,,0,55,,7586,34,,,0,15,,7587,34,,,0,15,,7588,34,,,0,14,,7589,34,,,0,55,,7590,34,,,0,15,,7591,34,,,0,14,,7592,34,,,0,15,,7593,34,,,0,60,,7594,34,,,0,20,,7595,34,,,0,73,,7596,34,,,0,30,,7597,34,,,0,23,,7598,34,,,0,73,,7599,34,,,0,25,,7600,34,,,0,71,,7601,34,,,0,25,,7602,34,,,0,70,,7543,34,,,0
900,'5428',647,,7630,34,,,0,103,,7624,34,,,0,103,,7604,34,,,0,70,,7605,34,,,0,32,,7603,34,,,0,101,,7608,34,,,0,69,,7606,34,,,0,30,,7609,34,,,0,55,,7627,34,,,0,15,,7607,34,,,0,103,,7611,34,,,0,30,,7610,34,,,0,169,,7613,34,,,0,30,,7614,34,,,0,70,,7612,34,,,0,85,,7628,34,,,0,15,,7616,34,,,0,15,,7626,34,,,0,85,,7615,34,,,0,75,,7618,34,,,0,39,,7622,34,,,0,70,,7619,34,,,0,100,,7620,34,,,0,100,,7617,34,,,0,97,,7621,34,,,0,101,,7623,34,,,0,102,,7625,34,,,0,103,,7629,34,,,0
900,'5429',748,,7631,34,,,0,70,,7633,34,,,0,31,,7632,34,,,0,70,,7634,34,,,0,101,,7635,34,,,0,31,,7636,34,,,0,70,,7638,34,,,0,30,,7639,34,,,0,71,,7637,34,,,0,31,,7640,34,,,0,71,,7641,34,,,0,30,,7644,34,,,0,71,,7643,34,,,0,30,,7645,34,,,0,70,,7642,34,,,0,31,,7656,34,,,0,70,,7646,34,,,0,30,,7648,34,,,0,69,,7647,34,,,0,30,,7649,34,,,0,68,,7650,34,,,0,30,,7661,34,,,0,70,,7655,34,,,0,29,,7651,34,,,0,68,,7652,34,,,0,30,,7653,34,,,0,70,,7654,34,,,0,29,,7660,34,,,0,70,,7657,34,,,0,29,,7658,34,,,0,68,,7659,34,,,0,30,,7662,34,,,0,70,,7663,34,,,0
