100,'4528',605,,4803,14,,,0,30,,4804,22,,,0,72,,4805,22,,,0,31,,4806,22,,,0,74,,4815,22,,,0,15,,4814,22,,,0,15,,4842,22,,,0,99,,4837,22,,,0,81,,4847,22,,,0,223,,4834,22,,,0,70,,4833,22,,,0,192,,4816,22,,,0,106,,4838,22,,,0,15,,4844,22,,,0,114,,4829,22,,,0,83,,4827,22,,,0,119,,4835,22,,,0,97,,4826,22,,,0,99,,4820,22,,,0,100,,4817,22,,,0,97,,4841,22,,,0
100,'4532',942,,4891,22,,,0,102,,4896,22,,,0,102,,4898,22,,,0,100,,4901,22,,,0,100,,4902,22,,,0
100,'5221',733,,4856,22,,,0,100,,4859,22,,,0,204,,4861,22,,,0,101,,4864,22,,,0,102,,4866,22,,,0,370,,4872,22,,,0,99,,4883,22,,,0,100,,4886,22,,,0
100,'5425',714,,4855,22,,,0,89,,4857,22,,,0,100,,4858,22,,,0,32,,4860,22,,,0,72,,4863,22,,,0,100,,4862,22,,,0,103,,4876,22,,,0,100,,4865,22,,,0,30,,4869,22,,,0,70,,4867,22,,,0,30,,4870,22,,,0,71,,4871,22,,,0,30,,4868,22,,,0,99,,4873,22,,,0,99,,4874,22,,,0,103,,4877,22,,,0,65,,4875,22,,,0,29,,4878,22,,,0,70,,4887,22,,,0,29,,4880,22,,,0,70,,4879,22,,,0,29,,4881,22,,,0,68,,4882,22,,,0,30,,4884,22,,,0,70,,4888,22,,,0,37,,4885,22,,,0,62,,4889,22,,,0
100,'5426',755,,4807,22,,,0,101,,4843,22,,,0,55,,4818,22,,,0,15,,4810,22,,,0,75,,4836,22,,,0,41,,4846,22,,,0,71,,4845,22,,,0,30,,4850,22,,,0,72,,4849,22,,,0,130,,4824,22,,,0,70,,4813,22,,,0,32,,4812,22,,,0,79,,4811,22,,,0,18,,4839,22,,,0,15,,4821,22,,,0,84,,4840,22,,,0,15,,4853,22,,,0,54,,4852,22,,,0,15,,4832,22,,,0,28,,4854,22,,,0,55,,4830,22,,,0,30,,4848,22,,,0,60,,4851,22,,,0,19,,4828,22,,,0,92,,4831,22,,,0,99,,4822,22,,,0,100,,4819,22,,,0,99,,4825,22,,,0,96,,4823,22,,,0,29,,4808,22,,,0,70,,4809,22,,,0
100,'5427',755,,6581,22,,,0,101,,6602,22,,,0,55,,6588,22,,,0,15,,6584,22,,,0,75,,6599,22,,,0,41,,6604,22,,,0,71,,6603,22,,,0,30,,6607,22,,,0,72,,6606,22,,,0,130,,6593,22,,,0,70,,6587,22,,,0,32,,6586,22,,,0,79,,6585,22,,,0,18,,6600,22,,,0,15,,6590,22,,,0,84,,6601,22,,,0,15,,6610,22,,,0,54,,6609,22,,,0,15,,6598,22,,,0,28,,6611,22,,,0,55,,6596,22,,,0,30,,6605,22,,,0,60,,6608,22,,,0,19,,6595,22,,,0,92,,6597,22,,,0,99,,6591,22,,,0,100,,6589,22,,,0,99,,6594,22,,,0,96,,6592,22,,,0,29,,6582,22,,,0,70,,6583,22,,,0
100,'5428',644,,6634,22,,,0,9,,6636,22,,,0,70,,6637,22,,,0,30,,6612,22,,,0,66,,6639,22,,,0,20,,6613,22,,,0,15,,6640,22,,,0,57,,6614,22,,,0,16,,6641,22,,,0,87,,6616,22,,,0,100,,6615,22,,,0,102,,6618,22,,,0,100,,6617,22,,,0,100,,6620,22,,,0,31,,6619,22,,,0,70,,6621,22,,,0,30,,6623,22,,,0,69,,6624,22,,,0,13,,6642,22,,,0,15,,6625,22,,,0,15,,6643,22,,,0,55,,6622,22,,,0,15,,6644,22,,,0,14,,6626,22,,,0,15,,6645,22,,,0,55,,6627,22,,,0,15,,6646,22,,,0,15,,6628,22,,,0,70,,6629,22,,,0,45,,6633,22,,,0,99,,6632,22,,,0,144,,6631,22,,,0,104,,6630,22,,,0,103,,6635,22,,,0,97,,6638,22,,,0
100,'5429',714,,6647,22,,,0,89,,6648,22,,,0,100,,6649,22,,,0,32,,6650,22,,,0,72,,6652,22,,,0,100,,6651,22,,,0,103,,6662,22,,,0,100,,6653,22,,,0,30,,6656,22,,,0,70,,6654,22,,,0,30,,6657,22,,,0,71,,6658,22,,,0,30,,6655,22,,,0,99,,6659,22,,,0,99,,6660,22,,,0,103,,6663,22,,,0,65,,6661,22,,,0,29,,6664,22,,,0,70,,6671,22,,,0,29,,6666,22,,,0,70,,6665,22,,,0,29,,6667,22,,,0,68,,6668,22,,,0,30,,6669,22,,,0,70,,6672,22,,,0,37,,6670,22,,,0,62,,6673,22,,,0
200,'4528',727,,5068,29,,,0,102,,5070,29,,,0,112,,5074,29,,,0,100,,5078,29,,,0,100,,5077,29,,,0,101,,5080,29,,,0,100,,5082,29,,,0,100,,5083,29,,,0,103,,5086,29,,,0,109,,5056,29,,,0,97,,5059,29,,,0
200,'4532',910,,5103,29,,,0
200,'5425',814,,5088,29,,,0,41,,5087,29,,,0,152,,5090,29,,,0,100,,5089,29,,,0,101,,5091,29,,,0,105,,5092,29,,,0,96,,5094,29,,,0,100,,5093,29,,,0,99,,5097,29,,,0,106,,5099,29,,,0,99,,5098,29,,,0,124,,5095,29,,,0,99,,5096,29,,,0
200,'5426',622,,5067,29,,,0,37,,5066,29,,,0,83,,5071,29,,,0,71,,5069,29,,,0,32,,5072,29,,,0,66,,5075,29,,,0,100,,5073,29,,,0,100,,5076,29,,,0,101,,5079,29,,,0,100,,5081,29,,,0,100,,5084,29,,,0,105,,5085,29,,,0,107,,5062,29,,,0,99,,5058,29,,,0,98,,5065,29,,,0,34,,5057,29,,,0,80,,5061,29,,,0,69,,5055,29,,,0,34,,5060,29,,,0,65,,5054,29,,,0,30,,5063,29,,,0
200,'5427',622,,6776,29,,,0,37,,6775,29,,,0,83,,6778,29,,,0,71,,6777,29,,,0,32,,6779,29,,,0,66,,6781,29,,,0,100,,6780,29,,,0,100,,6782,29,,,0,101,,6783,29,,,0,100,,6784,29,,,0,100,,6785,29,,,0,105,,6786,29,,,0,107,,6771,29,,,0,99,,6768,29,,,0,98,,6774,29,,,0,34,,6767,29,,,0,80,,6770,29,,,0,69,,6766,29,,,0,34,,6769,29,,,0,65,,6765,29,,,0,30,,6772,29,,,0
200,'5428',757,,6788,29,,,0,254,,6787,29,,,0,101,,6790,29,,,0,100,,6789,29,,,0,101,,6791,29,,,0,100,,6792,29,,,0,100,,6795,29,,,0,30,,6796,29,,,0,70,,6794,29,,,0,30,,6793,29,,,0,70,,6797,29,,,0,30,,6798,29,,,0,70,,6799,29,,,0,88,,6804,29,,,0,40,,6802,29,,,0,91,,6800,29,,,0,93,,6801,29,,,0,100,,6803,29,,,0
200,'5429',814,,6806,29,,,0,41,,6805,29,,,0,152,,6808,29,,,0,100,,6807,29,,,0,101,,6809,29,,,0,105,,6810,29,,,0,96,,6812,29,,,0,100,,6811,29,,,0,99,,6815,29,,,0,106,,6817,29,,,0,99,,6816,29,,,0,124,,6813,29,,,0,99,,6814,29,,,0
