300,'4327',758,,3100,3,,,0,93,,3102,3,,,0,100,,3101,3,,,0,101,,3107,3,,,0,103,,3103,3,,,0,100,,3109,3,,,0,100,,3104,3,,,0,100,,3105,3,,,0,100,,3110,3,,,0,100,,3106,3,,,0,98,,3112,3,,,0,98,,3108,3,,,0,106,,3111,3,,,0,99,,3113,3,,,0,100,,3114,3,0,17 18 19,0
300,'4795',622,,426,3,,,0,22,,413,3,,,0,60,,406,3,,,0,9,,2351,3,,,0,15,,401,3,,,0,18,,429,3,,,0,58,,415,3,,,0,16,,418,3,,,0,19,,419,3,,,0,19,,411,3,,,0,70,,412,3,,,0,30,,414,3,,,0,71,,436,3,,,0,30,,421,3,,,0,70,,409,3,,,0,71,,423,3,,,0,30,,435,3,,,0,70,,397,3,,,0,31,,420,3,,,0,70,,398,3,,,0,33,,430,3,,,0,15,,408,3,,,0,55,,416,3,,,0,10,,1940,3,,,0,5,,439,3,,,0,15,,400,3,,,0,13,,399,3,,,0,55,,427,3,,,0,15,,403,3,,,0,15,,405,3,,,0,15,,434,3,,,0,55,,417,3,,,0,14,,396,3,,,0,14,,402,3,,,0,15,,425,3,,,0,55,,404,3,,,0,29,,433,3,,,0,29,,424,3,,,0,70,,438,3,,,0,30,,422,3,,,0,99,,1939,3,,,0,99,,428,3,,,0,100,,431,3,,,0,96,,395,3,0,17 18 19,0
300,'4800',713,,441,3,,,0,30,,2367,3,,,0,76,,442,3,,,0,36,,445,3,,,0,70,,446,3,,,0,31,,444,3,,,0,70,,443,3,,,0,30,,2368,3,,,0,70,,448,3,,,0,30,,450,3,,,0,71,,449,3,,,0,30,,453,3,,,0,70,,454,3,,,0,30,,2369,3,,,0,70,,456,3,,,0,31,,457,3,,,0,70,,455,3,,,0,30,,459,3,,,0,70,,451,3,,,0,30,,460,3,,,0,70,,458,3,,,0,30,,462,3,,,0,75,,463,3,,,0,24,,464,3,,,0,85,,2370,3,,,0,105,,467,3,,,0,105,,468,3,,,0,103,,461,3,,,0,99,,466,3,,,0
300,'5102',622,,3146,3,,,0,22,,3133,3,,,0,60,,3126,3,,,0,9,,3127,3,,,0,15,,3121,3,,,0,18,,3149,3,,,0,58,,3135,3,,,0,16,,3138,3,,,0,19,,3139,3,,,0,19,,3131,3,,,0,70,,3132,3,,,0,30,,3134,3,,,0,71,,3156,3,,,0,30,,3141,3,,,0,70,,3129,3,,,0,71,,3143,3,,,0,30,,3155,3,,,0,70,,3117,3,,,0,31,,3140,3,,,0,70,,3118,3,,,0,33,,3150,3,,,0,15,,3128,3,,,0,55,,3136,3,,,0,10,,3157,3,,,0,5,,3159,3,,,0,15,,3120,3,,,0,13,,3119,3,,,0,55,,3147,3,,,0,15,,3123,3,,,0,15,,3125,3,,,0,15,,3154,3,,,0,55,,3137,3,,,0,14,,3116,3,,,0,14,,3122,3,,,0,15,,3145,3,,,0,55,,3124,3,,,0,29,,3153,3,,,0,29,,3144,3,,,0,70,,3158,3,,,0,30,,3142,3,,,0,99,,3152,3,,,0,99,,3148,3,,,0,100,,3151,3,,,0,96,,3115,3,0,17 18 19,0
300,'5105',713,,3161,3,,,0,30,,3160,3,,,0,76,,3162,3,,,0,36,,3165,3,,,0,70,,3166,3,,,0,31,,3164,3,,,0,70,,3163,3,,,0,30,,3167,3,,,0,70,,3168,3,,,0,30,,3170,3,,,0,71,,3169,3,,,0,30,,3173,3,,,0,70,,3174,3,,,0,30,,3172,3,,,0,70,,3176,3,,,0,31,,3177,3,,,0,70,,3175,3,,,0,30,,3179,3,,,0,70,,3171,3,,,0,30,,3180,3,,,0,70,,3178,3,,,0,30,,3182,3,,,0,75,,3183,3,,,0,24,,3184,3,,,0,85,,3185,3,,,0,105,,3187,3,,,0,105,,3188,3,,,0,103,,3181,3,,,0,99,,3186,3,,,0
1400,'4795',815,,1517,36,0,7 8 2 9 2 10,0
1400,'5102',815,,4223,36,0,7 8 2 9 2 10,0
8100,'4795',810,,1842,46,,,0
8100,'5102',810,,4548,46,,,0
8101,'5095',1519,,1843,8,,,0
8101,'5097',1408,,1844,8,,,0
8101,'5103',1519,,4549,8,,,0
8101,'5104',1408,,4550,8,,,0
