100,'4528',605,,4803,15,,,0,30,,4804,23,,,0,72,,4805,23,,,0,31,,4806,23,,,0,74,,4815,23,,,0,15,,4814,23,,,0,15,,4842,23,,,0,100,,4837,23,,,0,81,,4847,23,,,0,223,,4834,23,,,0,70,,4833,23,,,0,192,,4816,23,,,0,106,,4838,23,,,0,15,,4844,23,,,0,113,,4829,23,,,0,83,,4827,23,,,0,119,,4835,23,,,0,97,,4826,23,,,0,99,,4820,23,,,0,100,,4817,23,,,0,97,,4841,23,,,0
100,'4532',942,,4891,23,,,0,102,,4896,23,,,0,102,,4898,23,,,0,100,,4901,23,,,0,100,,4902,23,,,0
100,'5221',733,,4856,23,,,0,100,,4859,23,,,0,204,,4861,23,,,0,101,,4864,23,,,0,102,,4866,23,,,0,370,,4872,23,,,0,99,,4883,23,,,0,100,,4886,23,,,0
100,'5425',714,,4855,23,,,0,89,,4857,23,,,0,100,,4858,23,,,0,32,,4860,23,,,0,72,,4863,23,,,0,100,,4862,23,,,0,103,,4876,23,,,0,100,,4865,23,,,0,30,,4869,23,,,0,70,,4867,23,,,0,30,,4870,23,,,0,71,,4871,23,,,0,30,,4868,23,,,0,99,,4873,23,,,0,99,,4874,23,,,0,103,,4877,23,,,0,65,,4875,23,,,0,29,,4878,23,,,0,70,,4887,23,,,0,29,,4880,23,,,0,70,,4879,23,,,0,29,,4881,23,,,0,68,,4882,23,,,0,30,,4884,23,,,0,70,,4888,23,,,0,37,,4885,23,,,0,62,,4889,23,,,0
100,'5426',755,,4807,23,,,0,101,,4843,23,,,0,55,,4818,23,,,0,16,,4810,23,,,0,75,,4836,23,,,0,41,,4846,23,,,0,71,,4845,23,,,0,30,,4850,23,,,0,72,,4849,23,,,0,130,,4824,23,,,0,70,,4813,23,,,0,32,,4812,23,,,0,79,,4811,23,,,0,18,,4839,23,,,0,55,,4821,23,,,0,44,,4840,23,,,0,15,,4853,23,,,0,54,,4852,23,,,0,14,,4832,23,,,0,28,,4854,23,,,0,55,,4830,23,,,0,30,,4848,23,,,0,60,,4851,23,,,0,19,,4828,23,,,0,92,,4831,23,,,0,99,,4822,23,,,0,100,,4819,23,,,0,99,,4825,23,,,0,96,,4823,23,,,0,29,,4808,23,,,0,70,,4809,23,,,0
100,'5427',755,,6581,23,,,0,101,,6602,23,,,0,55,,6588,23,,,0,16,,6584,23,,,0,75,,6599,23,,,0,41,,6604,23,,,0,71,,6603,23,,,0,30,,6607,23,,,0,72,,6606,23,,,0,130,,6593,23,,,0,70,,6587,23,,,0,32,,6586,23,,,0,79,,6585,23,,,0,18,,6600,23,,,0,55,,6590,23,,,0,44,,6601,23,,,0,15,,6610,23,,,0,54,,6609,23,,,0,14,,6598,23,,,0,28,,6611,23,,,0,55,,6596,23,,,0,30,,6605,23,,,0,60,,6608,23,,,0,19,,6595,23,,,0,92,,6597,23,,,0,99,,6591,23,,,0,100,,6589,23,,,0,99,,6594,23,,,0,96,,6592,23,,,0,29,,6582,23,,,0,70,,6583,23,,,0
100,'5428',644,,6634,23,,,0,9,,6636,23,,,0,70,,6637,23,,,0,30,,6612,23,,,0,66,,6639,23,,,0,20,,6613,23,,,0,15,,6640,23,,,0,57,,6614,23,,,0,16,,6641,23,,,0,87,,6616,23,,,0,100,,6615,23,,,0,102,,6618,23,,,0,100,,6617,23,,,0,100,,6620,23,,,0,31,,6619,23,,,0,70,,6621,23,,,0,30,,6623,23,,,0,69,,6624,23,,,0,13,,6642,23,,,0,15,,6625,23,,,0,15,,6643,23,,,0,55,,6622,23,,,0,15,,6644,23,,,0,14,,6626,23,,,0,15,,6645,23,,,0,55,,6627,23,,,0,15,,6646,23,,,0,15,,6628,23,,,0,70,,6629,23,,,0,45,,6633,23,,,0,99,,6632,23,,,0,144,,6631,23,,,0,104,,6630,23,,,0,103,,6635,23,,,0,97,,6638,23,,,0
100,'5429',714,,6647,23,,,0,89,,6648,23,,,0,100,,6649,23,,,0,32,,6650,23,,,0,72,,6652,23,,,0,100,,6651,23,,,0,103,,6662,23,,,0,100,,6653,23,,,0,30,,6656,23,,,0,70,,6654,23,,,0,30,,6657,23,,,0,71,,6658,23,,,0,30,,6655,23,,,0,99,,6659,23,,,0,99,,6660,23,,,0,103,,6663,23,,,0,65,,6661,23,,,0,29,,6664,23,,,0,70,,6671,23,,,0,29,,6666,23,,,0,70,,6665,23,,,0,29,,6667,23,,,0,68,,6668,23,,,0,30,,6669,23,,,0,70,,6672,23,,,0,37,,6670,23,,,0,62,,6673,23,,,0
200,'4528',727,,5068,30,,,0,103,,5070,30,,,0,111,,5074,30,,,0,100,,5078,30,,,0,100,,5077,30,,,0,101,,5080,30,,,0,100,,5082,30,,,0,100,,5083,30,,,0,103,,5086,30,,,0,109,,5056,30,,,0,97,,5059,30,,,0
200,'4532',910,,5103,30,,,0
200,'5425',814,,5088,30,,,0,41,,5087,30,,,0,152,,5090,30,,,0,100,,5089,30,,,0,101,,5091,30,,,0,105,,5092,30,,,0,96,,5094,30,,,0,100,,5093,30,,,0,99,,5097,30,,,0,106,,5099,30,,,0,99,,5098,30,,,0,124,,5095,30,,,0,99,,5096,30,,,0
200,'5426',622,,5067,30,,,0,37,,5066,30,,,0,83,,5071,30,,,0,72,,5069,30,,,0,31,,5072,30,,,0,66,,5075,30,,,0,100,,5073,30,,,0,100,,5076,30,,,0,101,,5079,30,,,0,100,,5081,30,,,0,100,,5084,30,,,0,106,,5085,30,,,0,106,,5062,30,,,0,99,,5058,30,,,0,98,,5065,30,,,0,34,,5057,30,,,0,80,,5061,30,,,0,69,,5055,30,,,0,34,,5060,30,,,0,65,,5054,30,,,0,30,,5063,30,,,0
200,'5427',622,,6776,30,,,0,37,,6775,30,,,0,83,,6778,30,,,0,72,,6777,30,,,0,31,,6779,30,,,0,66,,6781,30,,,0,100,,6780,30,,,0,100,,6782,30,,,0,101,,6783,30,,,0,100,,6784,30,,,0,100,,6785,30,,,0,106,,6786,30,,,0,106,,6771,30,,,0,99,,6768,30,,,0,98,,6774,30,,,0,34,,6767,30,,,0,80,,6770,30,,,0,69,,6766,30,,,0,34,,6769,30,,,0,65,,6765,30,,,0,30,,6772,30,,,0
200,'5428',757,,6788,30,,,0,254,,6787,30,,,0,101,,6790,30,,,0,100,,6789,30,,,0,101,,6791,30,,,0,100,,6792,30,,,0,100,,6795,30,,,0,30,,6796,30,,,0,70,,6794,30,,,0,30,,6793,30,,,0,70,,6797,30,,,0,30,,6798,30,,,0,70,,6799,30,,,0,88,,6804,30,,,0,40,,6802,30,,,0,91,,6800,30,,,0,93,,6801,30,,,0,100,,6803,30,,,0
200,'5429',814,,6806,30,,,0,41,,6805,30,,,0,152,,6808,30,,,0,100,,6807,30,,,0,101,,6809,30,,,0,105,,6810,30,,,0,96,,6812,30,,,0,100,,6811,30,,,0,99,,6815,30,,,0,106,,6817,30,,,0,99,,6816,30,,,0,124,,6813,30,,,0,99,,6814,30,,,0
