101,'4528',605,,4930,7,,,0,31,,4931,7,,,0,70,,4932,7,,,0,30,,4934,7,,,0,15,,4933,7,,,0,56,,4936,7,,,0,100,,4976,7,,,0,41,,4980,7,,,0,260,,4942,7,,,0,30,,4944,7,,,0,190,,4948,7,,,0,110,,4952,7,,,0,15,,4950,7,,,0,155,,4953,7,,,0,45,,4958,7,,,0,159,,4979,7,,,0,99,,4962,7,,,0,100,,4964,7,,,0,100,,4967,7,,,0,100,,4968,7,,,0
101,'4532',912,,5016,7,,,0,100,,5018,7,,,0,100,,5020,7,,,0,100,,5022,7,,,0,100,,5024,7,,,0
101,'5221',705,,4981,7,,,0,100,,4985,7,,,0,201,,4986,7,,,0,101,,4987,7,,,0,100,,4990,7,,,0,330,,4996,7,,,0,100,,5009,7,,,0,100,,5011,7,,,0
101,'5425',735,,4982,7,,,0,100,,4984,7,,,0,70,,4983,7,,,0,31,,4989,7,,,0,100,,4988,7,,,0,101,,5000,7,,,0,100,,4991,7,,,0,70,,4992,7,,,0,30,,4993,7,,,0,70,,4994,7,,,0,30,,4999,7,,,0,70,,4995,7,,,0,100,,4998,7,,,0,100,,4997,7,,,0,104,,5002,7,,,0,25,,5001,7,,,0,70,,5003,7,,,0,30,,5012,7,,,0,70,,5007,7,,,0,30,,5004,7,,,0,70,,5006,7,,,0,30,,5005,7,,,0,70,,5008,7,,,0,30,,5013,7,,,0,78,,5010,7,,,0,22,,5014,7,,,0
101,'5426',721,,4938,7,,,0,101,,4935,7,,,0,15,,4937,7,,,0,15,,4939,7,,,0,75,,4940,7,,,0,81,,4974,7,,,0,30,,4943,7,,,0,70,,4973,7,,,0,30,,4941,7,,,0,170,,4946,7,,,0,30,,4947,7,,,0,70,,4972,7,,,0,40,,4975,7,,,0,60,,4945,7,,,0,15,,4951,7,,,0,85,,4977,7,,,0,15,,4949,7,,,0,15,,4954,7,,,0,15,,4955,7,,,0,70,,4957,7,,,0,15,,4978,7,,,0,70,,4956,7,,,0,20,,4959,7,,,0,19,,4960,7,,,0,94,,4961,7,,,0,100,,4963,7,,,0,100,,4965,7,,,0,100,,4966,7,,,0,100,,4969,7,,,0,70,,4970,7,,,0,30,,4971,7,,,0
101,'5427',721,,6676,7,,,0,101,,6674,7,,,0,15,,6675,7,,,0,15,,6677,7,,,0,75,,6678,7,,,0,81,,6701,7,,,0,30,,6680,7,,,0,70,,6700,7,,,0,30,,6679,7,,,0,170,,6682,7,,,0,30,,6683,7,,,0,70,,6699,7,,,0,40,,6702,7,,,0,60,,6681,7,,,0,15,,6685,7,,,0,85,,6703,7,,,0,15,,6684,7,,,0,15,,6686,7,,,0,15,,6687,7,,,0,70,,6689,7,,,0,15,,6704,7,,,0,70,,6688,7,,,0,20,,6690,7,,,0,19,,6691,7,,,0,94,,6692,7,,,0,100,,6693,7,,,0,100,,6694,7,,,0,100,,6695,7,,,0,100,,6696,7,,,0,70,,6697,7,,,0,30,,6698,7,,,0
101,'5428',626,,6728,7,,,0,30,,6729,7,,,0,70,,6726,7,,,0,25,,6731,7,,,0,60,,6725,7,,,0,15,,6732,7,,,0,16,,6705,7,,,0,15,,6733,7,,,0,85,,6706,7,,,0,100,,6707,7,,,0,100,,6708,7,,,0,100,,6709,7,,,0,100,,6710,7,,,0,70,,6711,7,,,0,30,,6712,7,,,0,70,,6713,7,,,0,30,,6715,7,,,0,15,,6734,7,,,0,55,,6716,7,,,0,15,,6735,7,,,0,15,,6717,7,,,0,15,,6736,7,,,0,55,,6718,7,,,0,15,,6737,7,,,0,15,,6719,7,,,0,15,,6738,7,,,0,55,,6720,7,,,0,30,,6714,7,,,0,85,,6721,7,,,0,100,,6722,7,,,0,105,,6723,7,,,0,105,,6724,7,,,0,104,,6727,7,,,0,100,,6730,7,,,0
101,'5429',735,,6739,7,,,0,100,,6741,7,,,0,70,,6740,7,,,0,31,,6743,7,,,0,100,,6742,7,,,0,101,,6752,7,,,0,100,,6744,7,,,0,70,,6745,7,,,0,30,,6746,7,,,0,70,,6747,7,,,0,30,,6751,7,,,0,70,,6748,7,,,0,100,,6750,7,,,0,100,,6749,7,,,0,104,,6754,7,,,0,25,,6753,7,,,0,70,,6755,7,,,0,30,,6762,7,,,0,70,,6759,7,,,0,30,,6756,7,,,0,70,,6758,7,,,0,30,,6757,7,,,0,70,,6760,7,,,0,30,,6763,7,,,0,78,,6761,7,,,0,22,,6764,7,,,0
201,'4528',751,,5135,7,,,0,155,,5140,7,,,0,100,,5137,7,,,0,100,,5143,7,,,0,101,,5145,7,,,0,100,,5147,7,,,0,99,,5148,7,,,0,101,,5151,7,,,0,111,,5120,7,,,0,99,,5122,7,,,0
201,'4532',840,,5164,7,,,0
201,'5425',826,,5152,7,,,0,110,,5153,7,,,0,100,,5154,7,,,0,100,,5156,7,,,0,105,,5155,7,,,0,95,,5158,7,,,0,100,,5157,7,,,0,100,,5161,7,,,0,105,,5163,7,,,0,100,,5162,7,,,0,166,,5159,7,,,0,100,,5160,7,,,0
201,'5426',736,,5136,7,,,0,70,,5138,7,,,0,30,,5134,7,,,0,100,,5141,7,,,0,100,,5142,7,,,0,101,,5144,7,,,0,100,,5146,7,,,0,99,,5150,7,,,0,101,,5149,7,,,0,111,,5124,7,,,0,100,,5128,7,,,0,99,,5119,7,,,0,75,,5129,7,,,0,80,,5123,7,,,0,30,,5126,7,,,0,75,,5130,7,,,0,25,,5127,7,,,0,70,,5121,7,,,0,30,,5125,7,,,0
201,'5427',736,,6831,7,,,0,70,,6832,7,,,0,30,,6830,7,,,0,100,,6834,7,,,0,100,,6835,7,,,0,101,,6836,7,,,0,100,,6837,7,,,0,99,,6839,7,,,0,101,,6838,7,,,0,111,,6821,7,,,0,100,,6825,7,,,0,99,,6818,7,,,0,75,,6826,7,,,0,80,,6820,7,,,0,30,,6823,7,,,0,75,,6827,7,,,0,25,,6824,7,,,0,70,,6819,7,,,0,30,,6822,7,,,0
201,'5428',940,,6841,7,,,0,101,,6844,7,,,0,100,,6845,7,,,0,100,,6846,7,,,0,100,,6843,7,,,0,100,,6840,7,,,0,70,,6851,7,,,0,30,,6847,7,,,0,70,,6850,7,,,0,30,,6842,7,,,0,70,,6848,7,,,0,30,,6849,7,,,0,90,,6852,7,,,0,80,,6854,7,,,0,91,,6855,7,,,0,54,,6853,7,,,0,100,,6856,7,,,0
201,'5429',826,,6857,7,,,0,110,,6858,7,,,0,100,,6859,7,,,0,100,,6861,7,,,0,105,,6860,7,,,0,95,,6863,7,,,0,100,,6862,7,,,0,100,,6866,7,,,0,105,,6868,7,,,0,100,,6867,7,,,0,166,,6864,7,,,0,100,,6865,7,,,0
