100,'4528',620,,4804,1,,,0,32,,4805,1,,,0,70,,4806,1,,,0,32,,4815,1,,,0,55,,4814,1,,,0,16,,4842,1,,,0,99,,4837,1,,,0,81,,4847,1,,,0,222,,4834,1,,,0,30,,4833,1,,,0,191,,4816,1,,,0,109,,4838,1,,,0,55,,4844,1,,,0,114,,4829,1,,,0,84,,4827,1,,,0,119,,4835,1,,,0,98,,4826,1,,,0,100,,4820,1,,,0,100,,4817,1,,,0,99,,4841,1,,,0
100,'4532',927,,4891,1,,,0,100,,4896,1,,,0,102,,4898,1,,,0,100,,4901,1,,,0,100,,4902,1,,,0
100,'5221',719,,4856,1,,,0,100,,4859,1,,,0,202,,4861,1,,,0,101,,4864,1,,,0,101,,4866,1,,,0,331,,4872,1,,,0,100,,4883,1,,,0,100,,4886,1,,,0
100,'5425',700,,4855,1,,,0,49,,4857,1,,,0,100,,4858,1,,,0,70,,4860,1,,,0,32,,4863,1,,,0,100,,4862,1,,,0,102,,4876,1,,,0,100,,4865,1,,,0,70,,4869,1,,,0,30,,4867,1,,,0,70,,4870,1,,,0,31,,4871,1,,,0,70,,4868,1,,,0,100,,4873,1,,,0,100,,4874,1,,,0,103,,4877,1,,,0,25,,4875,1,,,0,70,,4878,1,,,0,30,,4887,1,,,0,69,,4880,1,,,0,30,,4879,1,,,0,69,,4881,1,,,0,30,,4882,1,,,0,70,,4884,1,,,0,30,,4888,1,,,0,77,,4885,1,,,0,22,,4889,1,,,0
100,'5426',737,,4807,1,,,0,102,,4843,1,,,0,15,,4818,1,,,0,55,,4810,1,,,0,35,,4836,1,,,0,81,,4846,1,,,0,31,,4845,1,,,0,70,,4850,1,,,0,31,,4849,1,,,0,170,,4824,1,,,0,30,,4813,1,,,0,71,,4812,1,,,0,79,,4811,1,,,0,20,,4839,1,,,0,15,,4821,1,,,0,85,,4840,1,,,0,15,,4853,1,,,0,14,,4852,1,,,0,55,,4832,1,,,0,29,,4854,1,,,0,15,,4830,1,,,0,70,,4848,1,,,0,20,,4851,1,,,0,59,,4828,1,,,0,53,,4831,1,,,0,100,,4822,1,,,0,100,,4819,1,,,0,100,,4825,1,,,0,97,,4823,1,,,0,69,,4808,1,,,0,30,,4809,1,,,0
100,'5427',737,,6581,1,,,0,102,,6602,1,,,0,15,,6588,1,,,0,55,,6584,1,,,0,35,,6599,1,,,0,81,,6604,1,,,0,31,,6603,1,,,0,70,,6607,1,,,0,31,,6606,1,,,0,170,,6593,1,,,0,30,,6587,1,,,0,71,,6586,1,,,0,79,,6585,1,,,0,20,,6600,1,,,0,15,,6590,1,,,0,85,,6601,1,,,0,15,,6610,1,,,0,14,,6609,1,,,0,55,,6598,1,,,0,29,,6611,1,,,0,15,,6596,1,,,0,70,,6605,1,,,0,20,,6608,1,,,0,59,,6595,1,,,0,53,,6597,1,,,0,100,,6591,1,,,0,100,,6589,1,,,0,100,,6594,1,,,0,97,,6592,1,,,0,69,,6582,1,,,0,30,,6583,1,,,0
100,'5428',630,,6634,1,,,0,9,,6636,1,,,0,70,,6637,1,,,0,30,,6612,1,,,0,65,,6639,1,,,0,20,,6613,1,,,0,15,,6640,1,,,0,17,,6614,1,,,0,56,,6641,1,,,0,45,,6616,1,,,0,100,,6615,1,,,0,102,,6618,1,,,0,100,,6617,1,,,0,100,,6620,1,,,0,71,,6619,1,,,0,70,,6621,1,,,0,30,,6623,1,,,0,70,,6624,1,,,0,13,,6642,1,,,0,15,,6625,1,,,0,15,,6643,1,,,0,15,,6622,1,,,0,55,,6644,1,,,0,15,,6626,1,,,0,15,,6645,1,,,0,15,,6627,1,,,0,55,,6646,1,,,0,15,,6628,1,,,0,30,,6629,1,,,0,85,,6633,1,,,0,100,,6632,1,,,0,105,,6631,1,,,0,104,,6630,1,,,0,103,,6635,1,,,0,99,,6638,1,,,0
100,'5429',700,,6647,1,,,0,49,,6648,1,,,0,100,,6649,1,,,0,70,,6650,1,,,0,32,,6652,1,,,0,100,,6651,1,,,0,102,,6662,1,,,0,100,,6653,1,,,0,70,,6656,1,,,0,30,,6654,1,,,0,70,,6657,1,,,0,31,,6658,1,,,0,70,,6655,1,,,0,100,,6659,1,,,0,100,,6660,1,,,0,103,,6663,1,,,0,25,,6661,1,,,0,70,,6664,1,,,0,30,,6671,1,,,0,69,,6666,1,,,0,30,,6665,1,,,0,69,,6667,1,,,0,30,,6668,1,,,0,70,,6669,1,,,0,30,,6672,1,,,0,77,,6670,1,,,0,22,,6673,1,,,0
101,'4528',620,,4930,28,4,,0,32,,4931,28,4,,0,70,,4932,28,4,,0,32,,4934,28,4,,0,55,,4933,28,4,,0,16,,4936,28,4,,0,99,,4976,28,4,,0,81,,4980,28,4,,0,222,,4942,28,4,,0,30,,4944,28,4,,0,191,,4948,28,4,,0,109,,4952,28,4,,0,55,,4950,28,4,,0,114,,4953,28,4,,0,84,,4958,28,4,,0,119,,4979,28,4,,0,98,,4962,28,4,,0,100,,4964,28,4,,0,100,,4967,28,4,,0,99,,4968,28,4,,0
101,'4532',927,,5016,28,4,,0,100,,5018,28,4,,0,102,,5020,28,4,,0,100,,5022,28,4,,0,100,,5024,28,4,,0
101,'5221',719,,4981,28,4,,0,100,,4985,28,4,,0,202,,4986,28,4,,0,101,,4987,28,4,,0,101,,4990,28,4,,0,331,,4996,28,4,,0,100,,5009,28,4,,0,100,,5011,28,4,,0
101,'5425',749,,4982,28,4,,0,100,,4984,28,4,,0,70,,4983,28,4,,0,32,,4989,28,4,,0,100,,4988,28,4,,0,102,,5000,28,4,,0,100,,4991,28,4,,0,70,,4992,28,4,,0,30,,4993,28,4,,0,70,,4994,28,4,,0,31,,4999,28,4,,0,70,,4995,28,4,,0,100,,4998,28,4,,0,100,,4997,28,4,,0,103,,5002,28,4,,0,25,,5001,28,4,,0,70,,5003,28,4,,0,30,,5012,28,4,,0,69,,5007,28,4,,0,30,,5004,28,4,,0,69,,5006,28,4,,0,30,,5005,28,4,,0,70,,5008,28,4,,0,30,,5013,28,4,,0,77,,5010,28,4,,0,22,,5014,28,4,,0
101,'5426',737,,4938,28,4,,0,102,,4935,28,4,,0,15,,4937,28,4,,0,55,,4939,28,4,,0,35,,4940,28,4,,0,81,,4974,28,4,,0,31,,4943,28,4,,0,70,,4973,28,4,,0,31,,4941,28,4,,0,170,,4946,28,4,,0,30,,4947,28,4,,0,71,,4972,28,4,,0,79,,4975,28,4,,0,20,,4945,28,4,,0,15,,4951,28,4,,0,85,,4977,28,4,,0,15,,4949,28,4,,0,14,,4954,28,4,,0,55,,4955,28,4,,0,29,,4957,28,4,,0,15,,4978,28,4,,0,70,,4956,28,4,,0,20,,4959,28,4,,0,59,,4960,28,4,,0,53,,4961,28,4,,0,100,,4963,28,4,,0,100,,4965,28,4,,0,100,,4966,28,4,,0,97,,4969,28,4,,0,69,,4970,28,4,,0,30,,4971,28,4,,0
101,'5427',737,,6676,28,4,,0,102,,6674,28,4,,0,15,,6675,28,4,,0,55,,6677,28,4,,0,35,,6678,28,4,,0,81,,6701,28,4,,0,31,,6680,28,4,,0,70,,6700,28,4,,0,31,,6679,28,4,,0,170,,6682,28,4,,0,30,,6683,28,4,,0,71,,6699,28,4,,0,79,,6702,28,4,,0,20,,6681,28,4,,0,15,,6685,28,4,,0,85,,6703,28,4,,0,15,,6684,28,4,,0,14,,6686,28,4,,0,55,,6687,28,4,,0,29,,6689,28,4,,0,15,,6704,28,4,,0,70,,6688,28,4,,0,20,,6690,28,4,,0,59,,6691,28,4,,0,53,,6692,28,4,,0,100,,6693,28,4,,0,100,,6694,28,4,,0,100,,6695,28,4,,0,97,,6696,28,4,,0,69,,6697,28,4,,0,30,,6698,28,4,,0
101,'5428',639,,6728,28,4,,0,70,,6729,28,4,,0,30,,6726,28,4,,0,65,,6731,28,4,,0,20,,6725,28,4,,0,15,,6732,28,4,,0,17,,6705,28,4,,0,56,,6733,28,4,,0,45,,6706,28,4,,0,100,,6707,28,4,,0,102,,6708,28,4,,0,100,,6709,28,4,,0,100,,6710,28,4,,0,71,,6711,28,4,,0,70,,6712,28,4,,0,30,,6713,28,4,,0,70,,6715,28,4,,0,13,,6734,28,4,,0,15,,6716,28,4,,0,15,,6735,28,4,,0,15,,6717,28,4,,0,55,,6736,28,4,,0,15,,6718,28,4,,0,15,,6737,28,4,,0,15,,6719,28,4,,0,55,,6738,28,4,,0,15,,6720,28,4,,0,30,,6714,28,4,,0,85,,6721,28,4,,0,100,,6722,28,4,,0,105,,6723,28,4,,0,104,,6724,28,4,,0,103,,6727,28,4,,0,99,,6730,28,4,,0
101,'5429',749,,6739,28,4,,0,100,,6741,28,4,,0,70,,6740,28,4,,0,32,,6743,28,4,,0,100,,6742,28,4,,0,102,,6752,28,4,,0,100,,6744,28,4,,0,70,,6745,28,4,,0,30,,6746,28,4,,0,70,,6747,28,4,,0,31,,6751,28,4,,0,70,,6748,28,4,,0,100,,6750,28,4,,0,100,,6749,28,4,,0,103,,6754,28,4,,0,25,,6753,28,4,,0,70,,6755,28,4,,0,30,,6762,28,4,,0,69,,6759,28,4,,0,30,,6756,28,4,,0,69,,6758,28,4,,0,30,,6757,28,4,,0,70,,6760,28,4,,0,30,,6763,28,4,,0,77,,6761,28,4,,0,22,,6764,28,4,,0
