1700,'4528',707,,6418,16,,,0
1700,'5425',858,,6426,16,,,0,100,,6427,16,,,0,198,,6429,15,,,0
1700,'5426',641,,6410,16,,,0,165,,6416,16,,,0,50,,6422,16,,,0,99,,6409,16,,,0,100,,6413,16,,,0,100,,6408,16,,,0,767,,6423,16,,,0
1700,'5427',641,,7900,16,,,0,165,,7906,16,,,0,50,,7911,16,,,0,99,,7899,16,,,0,100,,7903,16,,,0,100,,7898,16,,,0,767,,7912,16,,,0
1700,'5428',750,,7915,16,,,0,103,,7916,16,,,0,90,,7917,16,,,0,171,,7918,16,,,0
1700,'5429',858,,7929,16,,,0,100,,7930,16,,,0,198,,7932,15,,,0
1701,'5425',1553,,6471,28,0,13 14,0,200,,6473,28,0,15 1 16,0,100,,6475,28,0,13 14,0,170,,6476,28,0,13 14,0
1701,'5426',1224,,6452,28,0,15 1 16,0,102,,6455,28,0,15 1 16,0,111,,6457,28,0,15 1 16,0,93,,6460,28,0,15 1 16,0,108,,6465,28,0,15 1 16,0,98,,6461,28,0,15 1 16,0,104,,6464,28,0,15 1 16,0,119,,6462,28,0,13 14,0,98,,6456,28,0,13 14,0,155,,6453,28,0,13 14,0,114,,6466,28,0,13 14,0
1701,'5427',1224,,7941,28,0,15 1 16,0,102,,7944,28,0,15 1 16,0,111,,7946,28,0,15 1 16,0,93,,7948,28,0,15 1 16,0,108,,7953,28,0,15 1 16,0,98,,7949,28,0,15 1 16,0,104,,7952,28,0,15 1 16,0,119,,7950,28,0,13 14,0,98,,7945,28,0,13 14,0,155,,7942,28,0,13 14,0,114,,7954,28,0,13 14,0
1701,'5428',1223,,7960,28,0,15 1 16,0,100,,7961,28,0,15 1 16,0,130,,7958,28,0,15 1 16,0,170,,7962,28,0,15 1 16,0,105,,7963,28,0,15 1 16,0,99,,7965,28,0,13 14,0,105,,7966,28,0,13 14,0,105,,7967,28,0,13 14,0,110,,7964,28,0,13 14,0,159,,7968,28,0,13 14,0
1701,'5429',1553,,7973,28,0,13 14,0,200,,7975,28,0,15 1 16,0,100,,7977,28,0,13 14,0,170,,7978,28,0,13 14,0
