1300,'4327',819,,4164,1,,,0,322,,4165,1,,,0,365,,4163,1,,,0,230,,4166,1,,,0
1300,'4795',649,,1461,1,,,0,177,,1463,1,,,0,108,,1465,1,,,0,100,,1464,1,,,0,100,,1466,1,,,0,211,,1462,1,,,0,103,,1467,1,,,0,108,,1468,1,,,0,148,,1469,1,,,0,106,,1470,1,,,0,105,,1471,1,,,0
1300,'4800',730,,1473,1,,,0,102,,1474,1,,,0,105,,1472,1,,,0,100,,1475,1,,,0,101,,1476,1,,,0,196,,1479,1,,,0,185,,1480,1,,,0,100,,1477,1,,,0,100,,1481,1,,,0,100,,1482,1,,,0,99,,1478,1,,,0,100,,1483,1,,,0
1300,'5102',649,,4167,1,,,0,177,,4169,1,,,0,108,,4171,1,,,0,100,,4170,1,,,0,100,,4172,1,,,0,211,,4168,1,,,0,103,,4173,1,,,0,108,,4174,1,,,0,148,,4175,1,,,0,106,,4176,1,,,0,105,,4177,1,,,0
1300,'5105',730,,4179,1,,,0,102,,4180,1,,,0,105,,4178,1,,,0,100,,4181,1,,,0,101,,4182,1,,,0,196,,4185,1,,,0,185,,4186,1,,,0,100,,4183,1,,,0,100,,4187,1,,,0,100,,4188,1,,,0,99,,4184,1,,,0,100,,4189,1,,,0
1301,'4327',1141,,4192,9,4,,0,365,,4190,9,4,,0,230,,4191,9,4,,0
1301,'4795',826,,1488,9,4,,0,108,,1491,9,4,,0,100,,1490,9,4,,0,100,,1489,9,4,,0,211,,1487,9,4,,0,103,,1492,9,4,,0,108,,1493,9,4,,0,148,,1494,9,4,,0,106,,1495,9,4,,0,105,,1496,9,4,,0
1301,'4800',831,,1498,9,4,,0,105,,1499,9,4,,0,100,,1503,9,4,,0,101,,1497,9,4,,0,196,,1501,9,4,,0,185,,1500,9,4,,0,100,,1504,9,4,,0,100,,1505,9,4,,0,100,,1506,9,4,,0,99,,1502,9,4,,0,100,,1507,9,4,,0
1301,'5102',826,,4194,9,4,,0,108,,4197,9,4,,0,100,,4196,9,4,,0,100,,4195,9,4,,0,211,,4193,9,4,,0,103,,4198,9,4,,0,108,,4199,9,4,,0,148,,4200,9,4,,0,106,,4201,9,4,,0,105,,4202,9,4,,0
1301,'5105',831,,4204,9,4,,0,105,,4205,9,4,,0,100,,4209,9,4,,0,101,,4203,9,4,,0,196,,4207,9,4,,0,185,,4206,9,4,,0,100,,4210,9,4,,0,100,,4211,9,4,,0,100,,4212,9,4,,0,99,,4208,9,4,,0,100,,4213,9,4,,0
