900,'4528',723,,5898,1,,,0,118,,5903,1,,,0,114,,5908,1,,,0,156,,5913,1,,,0,332,,5927,1,,,0
900,'4532',649,,6034,1,,,0,102,,5995,1,,,0,205,,5999,1,,,0,153,,6026,1,,,0,117,,6004,1,,,0,132,,6006,1,,,0,70,,6007,1,,,0,13,,6024,1,,,0,70,,6028,1,,,0,30,,6025,1,,,0,70,,6027,1,,,0,15,,6012,1,,,0,100,,6014,1,,,0
900,'5221',921,,5965,1,,,0
900,'5425',720,,5960,1,,,0,30,,5962,1,,,0,71,,5961,1,,,0,30,,5963,1,,,0,101,,5964,1,,,0,70,,5966,1,,,0,30,,5968,1,,,0,70,,5969,1,,,0,31,,5967,1,,,0,70,,5970,1,,,0,31,,5971,1,,,0,70,,5974,1,,,0,30,,5973,1,,,0,70,,5975,1,,,0,30,,5972,1,,,0,71,,5986,1,,,0,30,,5976,1,,,0,70,,5978,1,,,0,29,,5977,1,,,0,70,,5979,1,,,0,30,,5980,1,,,0,70,,5991,1,,,0,30,,5985,1,,,0,70,,5981,1,,,0,28,,5982,1,,,0,70,,5983,1,,,0,30,,5984,1,,,0,70,,5990,1,,,0,30,,5987,1,,,0,69,,5988,1,,,0,29,,5989,1,,,0,70,,5992,1,,,0,30,,5993,1,,,0
900,'5426',620,,5896,1,,,0,31,,5897,1,,,0,88,,5899,1,,,0,16,,5900,1,,,0,57,,5901,1,,,0,15,,5902,1,,,0,30,,5904,1,,,0,53,,5905,1,,,0,15,,5906,1,,,0,15,,5907,1,,,0,70,,5909,1,,,0,15,,5910,1,,,0,15,,5911,1,,,0,15,,5912,1,,,0,72,,5914,1,,,0,15,,5915,1,,,0,15,,5916,1,,,0,55,,5917,1,,,0,15,,5918,1,,,0,14,,5919,1,,,0,15,,5920,1,,,0,56,,5921,1,,,0,15,,5922,1,,,0,15,,5923,1,,,0,15,,5924,1,,,0,55,,5925,1,,,0,14,,5926,1,,,0,31,,5928,1,,,0,55,,5929,1,,,0,17,,5930,1,,,0,15,,5931,1,,,0,56,,5932,1,,,0,14,,5933,1,,,0,15,,5934,1,,,0,17,,5935,1,,,0,55,,5936,1,,,0,15,,5937,1,,,0,13,,5938,1,,,0,14,,5939,1,,,0,15,,5940,1,,,0,53,,5941,1,,,0,13,,5942,1,,,0,15,,5943,1,,,0,15,,5944,1,,,0,55,,5945,1,,,0,14,,5946,1,,,0,15,,5947,1,,,0,16,,5948,1,,,0,54,,5949,1,,,0,15,,5950,1,,,0,20,,5951,1,,,0,60,,5952,1,,,0,34,,5953,1,,,0,70,,5954,1,,,0,25,,5955,1,,,0,73,,5956,1,,,0,27,,5957,1,,,0,71,,5958,1,,,0,25,,5959,1,,,0,30,,5895,1,,,0
900,'5427',620,,7544,1,,,0,31,,7545,1,,,0,88,,7546,1,,,0,16,,7547,1,,,0,57,,7548,1,,,0,15,,7549,1,,,0,30,,7550,1,,,0,53,,7551,1,,,0,15,,7552,1,,,0,15,,7553,1,,,0,70,,7554,1,,,0,15,,7555,1,,,0,15,,7556,1,,,0,15,,7557,1,,,0,72,,7558,1,,,0,15,,7559,1,,,0,15,,7560,1,,,0,55,,7561,1,,,0,15,,7562,1,,,0,14,,7563,1,,,0,15,,7564,1,,,0,56,,7565,1,,,0,15,,7566,1,,,0,15,,7567,1,,,0,15,,7568,1,,,0,55,,7569,1,,,0,14,,7570,1,,,0,31,,7571,1,,,0,55,,7572,1,,,0,17,,7573,1,,,0,15,,7574,1,,,0,56,,7575,1,,,0,14,,7576,1,,,0,15,,7577,1,,,0,17,,7578,1,,,0,55,,7579,1,,,0,15,,7580,1,,,0,13,,7581,1,,,0,14,,7582,1,,,0,15,,7583,1,,,0,53,,7584,1,,,0,13,,7585,1,,,0,15,,7586,1,,,0,15,,7587,1,,,0,55,,7588,1,,,0,14,,7589,1,,,0,15,,7590,1,,,0,16,,7591,1,,,0,54,,7592,1,,,0,15,,7593,1,,,0,20,,7594,1,,,0,60,,7595,1,,,0,34,,7596,1,,,0,70,,7597,1,,,0,25,,7598,1,,,0,73,,7599,1,,,0,27,,7600,1,,,0,71,,7601,1,,,0,25,,7602,1,,,0,30,,7543,1,,,0
900,'5428',619,,7630,1,,,0,102,,7624,1,,,0,101,,7604,1,,,0,30,,7605,1,,,0,72,,7603,1,,,0,101,,7608,1,,,0,29,,7606,1,,,0,70,,7609,1,,,0,15,,7627,1,,,0,15,,7607,1,,,0,102,,7611,1,,,0,70,,7610,1,,,0,130,,7613,1,,,0,70,,7614,1,,,0,30,,7612,1,,,0,85,,7628,1,,,0,15,,7616,1,,,0,55,,7626,1,,,0,45,,7615,1,,,0,75,,7618,1,,,0,79,,7622,1,,,0,30,,7619,1,,,0,100,,7620,1,,,0,100,,7617,1,,,0,99,,7621,1,,,0,103,,7623,1,,,0,103,,7625,1,,,0,103,,7629,1,,,0
900,'5429',720,,7631,1,,,0,30,,7633,1,,,0,71,,7632,1,,,0,30,,7634,1,,,0,101,,7635,1,,,0,70,,7636,1,,,0,30,,7638,1,,,0,70,,7639,1,,,0,31,,7637,1,,,0,70,,7640,1,,,0,31,,7641,1,,,0,70,,7644,1,,,0,30,,7643,1,,,0,70,,7645,1,,,0,30,,7642,1,,,0,71,,7656,1,,,0,30,,7646,1,,,0,70,,7648,1,,,0,29,,7647,1,,,0,70,,7649,1,,,0,30,,7650,1,,,0,70,,7661,1,,,0,30,,7655,1,,,0,70,,7651,1,,,0,28,,7652,1,,,0,70,,7653,1,,,0,30,,7654,1,,,0,70,,7660,1,,,0,30,,7657,1,,,0,69,,7658,1,,,0,29,,7659,1,,,0,70,,7662,1,,,0,30,,7663,1,,,0
901,'4528',723,,6037,25,4,,0,118,,6042,25,4,,0,114,,6047,25,4,,0,156,,6052,25,4,,0,332,,6066,25,4,,0
901,'4532',649,,6173,25,4,,0,102,,6156,25,4,,0,205,,6135,25,4,,0,153,,6166,25,4,,0,117,,6143,25,4,,0,132,,6145,25,4,,0,70,,6146,25,4,,0,13,,6171,25,4,,0,70,,6168,25,4,,0,30,,6170,25,4,,0,70,,6165,25,4,,0,15,,6153,25,4,,0,100,,6147,25,4,,0
901,'5221',921,,6107,25,4,,0
901,'5425',720,,6100,25,4,,0,30,,6103,25,4,,0,71,,6101,25,4,,0,30,,6102,25,4,,0,101,,6104,25,4,,0,70,,6106,25,4,,0,30,,6105,25,4,,0,70,,6110,25,4,,0,31,,6108,25,4,,0,70,,6109,25,4,,0,31,,6114,25,4,,0,70,,6112,25,4,,0,30,,6115,25,4,,0,70,,6111,25,4,,0,30,,6113,25,4,,0,71,,6127,25,4,,0,30,,6117,25,4,,0,70,,6118,25,4,,0,29,,6116,25,4,,0,70,,6119,25,4,,0,30,,6120,25,4,,0,70,,6132,25,4,,0,30,,6124,25,4,,0,70,,6121,25,4,,0,28,,6123,25,4,,0,70,,6122,25,4,,0,30,,6125,25,4,,0,70,,6131,25,4,,0,30,,6126,25,4,,0,69,,6128,25,4,,0,29,,6129,25,4,,0,70,,6130,25,4,,0,30,,6133,25,4,,0
901,'5426',620,,6035,25,4,,0,31,,6036,25,4,,0,88,,6038,25,4,,0,16,,6039,25,4,,0,57,,6040,25,4,,0,15,,6041,25,4,,0,30,,6043,25,4,,0,53,,6044,25,4,,0,15,,6045,25,4,,0,15,,6046,25,4,,0,70,,6048,25,4,,0,15,,6049,25,4,,0,15,,6050,25,4,,0,15,,6051,25,4,,0,72,,6053,25,4,,0,15,,6054,25,4,,0,15,,6055,25,4,,0,55,,6056,25,4,,0,15,,6057,25,4,,0,14,,6058,25,4,,0,15,,6059,25,4,,0,56,,6060,25,4,,0,15,,6061,25,4,,0,15,,6062,25,4,,0,15,,6063,25,4,,0,55,,6064,25,4,,0,14,,6065,25,4,,0,31,,6067,25,4,,0,55,,6068,25,4,,0,17,,6069,25,4,,0,15,,6070,25,4,,0,56,,6071,25,4,,0,14,,6072,25,4,,0,15,,6073,25,4,,0,17,,6074,25,4,,0,55,,6075,25,4,,0,15,,6076,25,4,,0,13,,6077,25,4,,0,14,,6078,25,4,,0,15,,6079,25,4,,0,53,,6080,25,4,,0,13,,6081,25,4,,0,15,,6082,25,4,,0,15,,6083,25,4,,0,55,,6084,25,4,,0,14,,6085,25,4,,0,15,,6086,25,4,,0,16,,6087,25,4,,0,54,,6088,25,4,,0,15,,6089,25,4,,0,20,,6090,25,4,,0,60,,6091,25,4,,0,34,,6092,25,4,,0,70,,6093,25,4,,0,25,,6094,25,4,,0,73,,6095,25,4,,0,27,,6096,25,4,,0,71,,6097,25,4,,0,25,,6098,25,4,,0,30,,6099,25,4,,0
901,'5427',620,,7664,25,4,,0,31,,7665,25,4,,0,88,,7666,25,4,,0,16,,7667,25,4,,0,57,,7668,25,4,,0,15,,7669,25,4,,0,30,,7670,25,4,,0,53,,7671,25,4,,0,15,,7672,25,4,,0,15,,7673,25,4,,0,70,,7674,25,4,,0,15,,7675,25,4,,0,15,,7676,25,4,,0,15,,7677,25,4,,0,72,,7678,25,4,,0,15,,7679,25,4,,0,15,,7680,25,4,,0,55,,7681,25,4,,0,15,,7682,25,4,,0,14,,7683,25,4,,0,15,,7684,25,4,,0,56,,7685,25,4,,0,15,,7686,25,4,,0,15,,7687,25,4,,0,15,,7688,25,4,,0,55,,7689,25,4,,0,14,,7690,25,4,,0,31,,7691,25,4,,0,55,,7692,25,4,,0,17,,7693,25,4,,0,15,,7694,25,4,,0,56,,7695,25,4,,0,14,,7696,25,4,,0,15,,7697,25,4,,0,17,,7698,25,4,,0,55,,7699,25,4,,0,15,,7700,25,4,,0,13,,7701,25,4,,0,14,,7702,25,4,,0,15,,7703,25,4,,0,53,,7704,25,4,,0,13,,7705,25,4,,0,15,,7706,25,4,,0,15,,7707,25,4,,0,55,,7708,25,4,,0,14,,7709,25,4,,0,15,,7710,25,4,,0,16,,7711,25,4,,0,54,,7712,25,4,,0,15,,7713,25,4,,0,20,,7714,25,4,,0,60,,7715,25,4,,0,34,,7716,25,4,,0,70,,7717,25,4,,0,25,,7718,25,4,,0,73,,7719,25,4,,0,27,,7720,25,4,,0,71,,7721,25,4,,0,25,,7722,25,4,,0,30,,7723,25,4,,0
901,'5428',619,,7750,25,4,,0,102,,7743,25,4,,0,101,,7724,25,4,,0,30,,7727,25,4,,0,72,,7725,25,4,,0,101,,7726,25,4,,0,29,,7728,25,4,,0,70,,7729,25,4,,0,15,,7747,25,4,,0,15,,7731,25,4,,0,102,,7732,25,4,,0,70,,7730,25,4,,0,130,,7733,25,4,,0,70,,7735,25,4,,0,30,,7737,25,4,,0,85,,7748,25,4,,0,15,,7734,25,4,,0,55,,7749,25,4,,0,45,,7736,25,4,,0,75,,7738,25,4,,0,79,,7745,25,4,,0,30,,7740,25,4,,0,100,,7741,25,4,,0,100,,7742,25,4,,0,99,,7739,25,4,,0,103,,7744,25,4,,0,103,,7746,25,4,,0,103,,7751,25,4,,0
901,'5429',720,,7752,25,4,,0,30,,7755,25,4,,0,71,,7753,25,4,,0,30,,7754,25,4,,0,101,,7756,25,4,,0,70,,7758,25,4,,0,30,,7757,25,4,,0,70,,7761,25,4,,0,31,,7759,25,4,,0,70,,7760,25,4,,0,31,,7765,25,4,,0,70,,7763,25,4,,0,30,,7766,25,4,,0,70,,7762,25,4,,0,30,,7764,25,4,,0,71,,7778,25,4,,0,30,,7768,25,4,,0,70,,7769,25,4,,0,29,,7767,25,4,,0,70,,7770,25,4,,0,30,,7771,25,4,,0,70,,7783,25,4,,0,30,,7775,25,4,,0,70,,7772,25,4,,0,28,,7774,25,4,,0,70,,7773,25,4,,0,30,,7776,25,4,,0,70,,7782,25,4,,0,30,,7777,25,4,,0,69,,7779,25,4,,0,29,,7780,25,4,,0,70,,7781,25,4,,0,30,,7784,25,4,,0
