700,'4687',1822,,928,2,,,0,112,,938,2,,,0,270,,932,2,,,0
700,'4795',613,,890,2,,,0,18,,891,2,,,0,17,,892,2,,,0,54,,893,2,,,0,16,,894,2,,,0,6,,895,2,,,0,10,,896,2,,,0,17,,897,2,,,0,60,,898,2,,,0,11,,899,2,,,0,19,,900,2,,,0,11,,901,2,,,0,56,,902,2,,,0,12,,903,2,,,0,18,,904,2,,,0,13,,920,2,,,0,57,,905,2,,,0,13,,945,2,,,0,17,,906,2,,,0,69,,907,2,,,0,34,,908,2,,,0,67,,909,2,,,0,32,,910,2,,,0,68,,911,2,,,0,32,,912,2,,,0,69,,913,2,,,0,34,,914,2,,,0,11,,915,2,,,0,55,,916,2,,,0,18,,917,2,,,0,13,,918,2,,,0,17,,919,2,,,0,52,,921,2,,,0,18,,924,2,,,0,12,,936,2,,,0,18,,925,2,,,0,52,,922,2,,,0,18,,926,2,,,0,11,,937,2,,,0,18,,927,2,,,0,50,,923,2,,,0,29,,939,2,,,0,72,,929,2,,,0,100,,930,2,,,0,27,,941,2,,,0,71,,931,2,,,0,29,,940,2,,,0,98,,942,2,,,0,70,,933,2,,,0,28,,943,2,,,0,73,,934,2,,,0,31,,944,2,,,0,70,,935,2,,,0
700,'4800',641,,984,2,,,0,70,,983,2,,,0,31,,971,2,,,0,70,,946,2,,,0,31,,947,2,,,0,71,,949,2,,,0,29,,948,2,,,0,71,,955,2,,,0,31,,960,2,,,0,14,,975,2,,,0,56,,961,2,,,0,15,,976,2,,,0,22,,963,2,,,0,73,,958,2,,,0,28,,964,2,,,0,70,,957,2,,,0,32,,965,2,,,0,68,,959,2,,,0,30,,979,2,,,0,53,,966,2,,,0,14,,977,2,,,0,16,,967,2,,,0,14,,981,2,,,0,55,,956,2,,,0,16,,980,2,,,0,14,,968,2,,,0,15,,978,2,,,0,64,,962,2,,,0,29,,969,2,,,0,70,,950,2,,,0,36,,951,2,,,0,73,,952,2,,,0,36,,973,2,,,0,74,,972,2,,,0,105,,953,2,,,0,96,,954,2,,,0,101,,970,2,,,0,98,,974,2,,,0,26,,982,2,,,0,69,,985,2,,,0
700,'5096',1822,,2018,2,,,0,112,,2020,2,,,0,270,,2019,2,,,0
700,'5100',726,,2021,2,,,0,27,,2022,2,,,0,100,,2023,2,,,0,97,,2024,2,,,0,73,,2026,2,,,0,30,,2025,2,,,0,67,,2028,2,,,0,33,,2034,2,,,0,67,,2029,2,,,0,29,,2027,2,,,0,72,,2031,2,,,0,28,,2041,2,,,0,72,,2032,2,,,0,29,,2036,2,,,0,71,,2030,2,,,0,29,,2033,2,,,0,71,,2035,2,,,0,27,,2040,2,,,0,72,,2037,2,,,0,27,,2042,2,,,0,71,,2038,2,,,0,29,,2044,2,,,0,101,,2039,2,,,0,99,,2046,2,,,0,104,,2043,2,,,0,95,,2045,2,,,0,101,,2047,2,,,0
7300,'4795',740,,1828,10,,,0
7301,'4795',1528,,1829,24,,,0
7900,'4795',745,,1837,10,0,6,0
7901,'5095',1509,,1838,10,0,6,0
7901,'5097',1509,,1839,10,0,6,0
