1400,'4327',1102,,4214,2,,,0,225,,4216,2,,,0,495,,4220,2,,,0
1400,'4332',757,,4237,2,,,0,175,,4240,2,,,0,95,,4246,2,,,0,101,,4243,2,,,0,200,,4245,2,,,0,316,,4242,2,,,0,208,,4238,2,,,0,100,,4244,2,,,0
1400,'4480',727,,4221,2,,,0,316,,4222,2,,,0,557,,4231,2,,,0,39,,4232,2,,,0,75,,4233,2,,,0,39,,4234,2,,,0,105,,4227,2,,,0
1400,'5010',902,,4215,2,,,0,330,,4219,2,,,0,195,,4217,2,,,0,130,,4218,2,,,0
1400,'5196',902,,4671,2,,,0,330,,4674,2,,,0,195,,4672,2,,,0,130,,4673,2,,,0
1400,'5244',1228,,4675,2,,,0,205,,4676,2,,,0
1400,'5246',611,,4229,2,,,0,31,,4228,2,,,0,112,,4223,2,0,7 8 2 9 2 10,0,84,,4226,2,,,0,91,,4224,2,,,0,299,,4230,2,,,0,217,,4225,2,0,9,0,567,,4235,2,,,0,30,,4236,2,,,0
1400,'5247',611,,4682,2,,,0,31,,4681,2,,,0,112,,4677,2,0,7 8 2 9 2 10,0,84,,4680,2,,,0,91,,4678,2,,,0,299,,4683,2,,,0,217,,4679,2,0,9,0,567,,4684,2,,,0,30,,4685,2,,,0
8001,'4675',1455,,4547,8,,,0
8001,'5103',1455,,4546,8,,,0
8100,'4480',746,,4548,10,,,0
8101,'4675',1427,,4550,38,,,0
8101,'5103',1538,,4549,38,,,0
