301,'4528',757,,5291,10,,,0,150,,5290,10,,,0,402,,5297,10,,,0,230,,5275,10,,,0,115,,5285,10,,,0,155,,5299,10,,,0
301,'4532',1307,,5333,10,,,0,130,,5332,10,,,0,100,,5338,10,,,0,100,,5342,10,,,0
301,'5221',1534,,5315,10,,,0,298,,5314,10,,,0,106,,5316,10,,,0
301,'5425',833,,5306,10,,,0,100,,5307,10,,,0,101,,5312,10,,,0,103,,5308,10,,,0,97,,5313,10,,,0,100,,5309,10,,,0,100,,5310,10,,,0,200,,5311,10,,,0,98,,5317,10,,,0,306,,5318,10,,,0,100,,5319,10,,,0
301,'5426',654,,5280,10,,,0,71,,5273,10,,,0,16,,5281,10,,,0,76,,5276,10,,,0,20,,5282,10,,,0,100,,5287,10,,,0,71,,5304,10,,,0,30,,5270,10,,,0,70,,5268,10,,,0,30,,5292,10,,,0,70,,5277,10,,,0,30,,5303,10,,,0,101,,5296,10,,,0,70,,5302,10,,,0,30,,5300,10,,,0,70,,5298,10,,,0,15,,5294,10,,,0,30,,5274,10,,,0,55,,5271,10,,,0,15,,5301,10,,,0,15,,5272,10,,,0,70,,5284,10,,,0,15,,5278,10,,,0,15,,5279,10,,,0,99,,5289,10,,,0,70,,5305,10,,,0,30,,5269,10,,,0,99,,5295,10,,,0,100,,5286,10,,,0,100,,5293,10,,,0,99,,5267,10,,,0
301,'5427',654,,6951,10,,,0,71,,6945,10,,,0,16,,6952,10,,,0,76,,6947,10,,,0,20,,6953,10,,,0,100,,6957,10,,,0,71,,6969,10,,,0,30,,6942,10,,,0,70,,6940,10,,,0,30,,6959,10,,,0,70,,6948,10,,,0,30,,6968,10,,,0,101,,6963,10,,,0,70,,6967,10,,,0,30,,6965,10,,,0,70,,6964,10,,,0,15,,6961,10,,,0,30,,6946,10,,,0,55,,6943,10,,,0,15,,6966,10,,,0,15,,6944,10,,,0,70,,6955,10,,,0,15,,6949,10,,,0,15,,6950,10,,,0,99,,6958,10,,,0,70,,6970,10,,,0,30,,6941,10,,,0,99,,6962,10,,,0,100,,6956,10,,,0,100,,6960,10,,,0,99,,6939,10,,,0
301,'5428',836,,6973,10,,,0,70,,6975,10,,,0,31,,6980,10,,,0,70,,6978,10,,,0,30,,6977,10,,,0,70,,6976,10,,,0,30,,6979,10,,,0,70,,6972,10,,,0,30,,6981,10,,,0,100,,6982,10,,,0,70,,6983,10,,,0,100,,6984,10,,,0,100,,6986,10,,,0,100,,6985,10,,,0,30,,6990,10,,,0,75,,6987,10,,,0,25,,6988,10,,,0,85,,6989,10,,,0,105,,6991,10,,,0,105,,6992,10,,,0,105,,6993,10,,,0,100,,6994,10,,,0
301,'5429',833,,6995,10,,,0,100,,6996,10,,,0,101,,7001,10,,,0,103,,6997,10,,,0,97,,7002,10,,,0,100,,6998,10,,,0,100,,6999,10,,,0,200,,7000,10,,,0,98,,7003,10,,,0,306,,7004,10,,,0,100,,7005,10,,,0
1000,'4528',746,,6179,8,,,0,303,,6190,8,,,0,160,,6191,8,,,0,40,,6188,8,,,0,80,,6192,8,,,0,81,,6185,8,,,0,39,,6186,8,,,0,79,,6187,8,,,0,81,,6183,8,,,0,40,,6184,8,,,0,79,,6182,8,,,0,80,,6181,8,,,0,38,,6178,8,,,0,80,,6180,8,,,0
1000,'5426',731,,6175,8,,,0,73,,6176,8,,,0,37,,6177,8,,,0,92,,6189,8,,,0,1180,,6193,8,,,0
1000,'5427',731,,7785,8,,,0,73,,7786,8,,,0,37,,7787,8,,,0,92,,7788,8,,,0,1180,,7789,8,,,0
