301,'4783',709,,497,34,,,0
301,'4795',618,,506,8,,,0,22,,501,8,,,0,60,,498,34,,,0,24,,486,8,,,0,18,,490,34,,,0,58,,499,34,,,0,16,,509,34,,,0,19,,493,34,,,0,19,,500,34,,,0,70,,508,34,,,0,30,,505,34,,,0,71,,523,34,,,0,30,,487,34,,,0,70,,484,34,,,0,31,,510,34,,,0,70,,494,34,,,0,30,,522,34,,,0,71,,516,34,,,0,30,,515,34,,,0,73,,521,34,,,0,15,,514,34,,,0,55,,519,34,,,0,10,,1957,34,,,0,20,,517,34,,,0,13,,512,34,,,0,15,,492,34,,,0,55,,491,34,,,0,15,,488,34,,,0,15,,520,34,,,0,15,,489,34,,,0,54,,503,34,,,0,14,,502,34,,,0,15,,495,34,,,0,15,,496,34,,,0,69,,518,34,,,0,29,,507,34,,,0,70,,525,34,,,0,30,,485,34,,,0,99,,1956,34,,,0,100,,504,34,,,0,100,,511,34,,,0,96,,483,34,,,0
301,'4800',710,,528,8,,,0,106,,529,8,,,0,36,,527,34,,,0,70,,531,34,,,0,31,,536,34,,,0,70,,533,34,,,0,100,,535,34,,,0,30,,534,34,,,0,71,,530,34,,,0,30,,537,34,,,0,70,,539,34,,,0,100,,541,34,,,0,30,,538,34,,,0,70,,542,34,,,0,30,,544,34,,,0,70,,545,34,,,0,30,,547,34,,,0,70,,543,34,,,0,30,,549,34,,,0,75,,546,34,,,0,24,,550,34,,,0,190,,551,34,,,0,105,,552,34,,,0,104,,553,34,,,0,99,,554,34,,,0
301,'5125',709,,2371,34,,,0
301,'5127',848,,2372,34,,,0,100,,2373,34,,,0,101,,2378,34,,,0,103,,2374,34,,,0,99,,2379,34,,,0,100,,2375,34,,,0,100,,2376,34,,,0,101,,2381,34,,,0,100,,2377,34,,,0,98,,2383,34,,,0,98,,2380,34,,,0,106,,2382,34,,,0,99,,2384,34,,,0,100,,2385,34,,,0
301,'5128',740,,2386,8,,,0,313,,2387,34,,,0,301,,2388,34,,,0,584,,2389,34,,,0
1400,'4795',812,,1517,30,0,7 8 2 9 2 10,0,690,,1519,30,0,9,0
8100,'4795',807,,1842,40,,,0
8101,'5095',1516,,1843,2,,,0
8101,'5097',1405,,1844,2,,,0
