700,'4741',728,,863,6,,,0,27,,864,6,,,0,100,,865,6,,,0,97,,866,6,,,0,73,,868,6,,,0,30,,867,6,,,0,67,,870,6,,,0,33,,876,6,,,0,67,,871,6,,,0,29,,869,6,,,0,72,,873,6,,,0,28,,883,6,,,0,72,,874,6,,,0,29,,878,6,,,0,71,,872,6,,,0,29,,875,6,,,0,71,,877,6,,,0,27,,882,6,,,0,72,,879,6,,,0,27,,884,6,,,0,71,,880,6,,,0,29,,886,6,,,0,101,,881,6,,,0,99,,888,6,,,0,104,,885,6,,,0,95,,887,6,,,0,101,,889,6,,,0
700,'4765',615,,890,6,,,0,18,,891,6,,,0,17,,892,6,,,0,54,,893,6,,,0,16,,894,6,,,0,6,,895,6,,,0,10,,896,6,,,0,17,,897,6,,,0,60,,898,6,,,0,11,,899,6,,,0,19,,900,6,,,0,11,,901,6,,,0,56,,902,6,,,0,12,,903,6,,,0,18,,904,6,,,0,13,,920,6,,,0,57,,905,6,,,0,13,,945,6,,,0,17,,906,6,,,0,69,,907,6,,,0,34,,908,6,,,0,67,,909,6,,,0,32,,910,6,,,0,68,,911,6,,,0,32,,912,6,,,0,69,,913,6,,,0,34,,914,6,,,0,11,,915,6,,,0,55,,916,6,,,0,18,,917,6,,,0,13,,918,6,,,0,17,,919,6,,,0,52,,921,6,,,0,18,,924,6,,,0,12,,936,6,,,0,18,,925,6,,,0,52,,922,6,,,0,18,,926,6,,,0,11,,937,6,,,0,18,,927,6,,,0,50,,923,6,,,0,16,,928,6,,,0,13,,939,6,,,0,72,,929,6,,,0,27,,938,6,,,0,73,,930,6,,,0,27,,941,6,,,0,71,,931,6,,,0,29,,940,6,,,0,70,,932,6,,,0,28,,942,6,,,0,70,,933,6,,,0,28,,943,6,,,0,73,,934,6,,,0,31,,944,6,,,0,70,,935,6,,,0
700,'4770',643,,984,6,,,0,70,,983,6,,,0,31,,971,6,,,0,70,,946,6,,,0,31,,947,6,,,0,71,,949,6,,,0,29,,948,6,,,0,71,,955,6,,,0,31,,960,6,,,0,54,,975,6,,,0,16,,961,6,,,0,15,,976,6,,,0,22,,963,6,,,0,73,,958,6,,,0,28,,964,6,,,0,70,,957,6,,,0,32,,965,6,,,0,68,,959,6,,,0,30,,979,6,,,0,53,,966,6,,,0,14,,977,6,,,0,16,,967,6,,,0,14,,981,6,,,0,55,,956,6,,,0,16,,980,6,,,0,14,,968,6,,,0,15,,978,6,,,0,64,,962,6,,,0,29,,969,6,,,0,70,,950,6,,,0,36,,951,6,,,0,73,,952,6,,,0,76,,973,6,,,0,34,,972,6,,,0,105,,953,6,,,0,96,,954,6,,,0,101,,970,6,,,0,98,,974,6,,,0,66,,982,6,,,0,29,,985,6,,,0
7001,'4765',1534,,1825,25,,,0
7200,'4765',743,,1827,12,,,0
7300,'4765',742,,1828,14,,,0
7301,'4765',1530,,1829,28,,,0
7401,'4767',1543,,1830,22,,,0
7401,'4769',1443,,1831,22,,,0
7701,'4765',1549,,1834,25,,,0
7900,'4765',754,,1837,20,0,6,0
7901,'4767',1518,,1838,19,0,6,0
7901,'4769',1518,,1839,19,0,6,0
