1700,'4528',713,,6418,26,,,0
1700,'5425',904,,6426,26,,,0,100,,6427,26,,,0,198,,6429,25,,,0
1700,'5426',647,,6410,26,,,0,166,,6416,26,,,0,89,,6422,26,,,0,99,,6409,26,,,0,100,,6413,26,,,0,100,,6408,26,,,0,726,,6423,26,,,0
1700,'5427',647,,7900,26,,,0,166,,7906,26,,,0,89,,7911,26,,,0,99,,7899,26,,,0,100,,7903,26,,,0,100,,7898,26,,,0,726,,7912,26,,,0
1700,'5428',755,,7915,26,,,0,103,,7916,26,,,0,90,,7917,26,,,0,172,,7918,26,,,0
1700,'5429',904,,7929,26,,,0,100,,7930,26,,,0,198,,7932,25,,,0
1701,'5425',1559,,6471,38,0,13 14,0,200,,6473,38,0,15 1 16,0,100,,6475,38,0,13 14,0,170,,6476,38,0,13 14,0
1701,'5426',1230,,6452,38,0,15 1 16,0,102,,6455,38,0,15 1 16,0,111,,6457,38,0,15 1 16,0,93,,6460,38,0,15 1 16,0,108,,6465,38,0,15 1 16,0,98,,6461,38,0,15 1 16,0,104,,6464,38,0,15 1 16,0,159,,6462,38,0,13 14,0,98,,6456,38,0,13 14,0,115,,6453,38,0,13 14,0,114,,6466,38,0,13 14,0
1701,'5427',1230,,7941,38,0,15 1 16,0,102,,7944,38,0,15 1 16,0,111,,7946,38,0,15 1 16,0,93,,7948,38,0,15 1 16,0,108,,7953,38,0,15 1 16,0,98,,7949,38,0,15 1 16,0,104,,7952,38,0,15 1 16,0,159,,7950,38,0,13 14,0,98,,7945,38,0,13 14,0,115,,7942,38,0,13 14,0,114,,7954,38,0,13 14,0
1701,'5428',1229,,7960,38,0,15 1 16,0,100,,7961,38,0,15 1 16,0,130,,7958,38,0,15 1 16,0,170,,7962,38,0,15 1 16,0,105,,7963,38,0,15 1 16,0,99,,7965,38,0,13 14,0,105,,7966,38,0,13 14,0,105,,7967,38,0,13 14,0,110,,7964,38,0,13 14,0,159,,7968,38,0,13 14,0
1701,'5429',1559,,7973,38,0,13 14,0,200,,7975,38,0,15 1 16,0,100,,7977,38,0,13 14,0,170,,7978,38,0,13 14,0
