400,'5425',840,,5381,12,,,0,119,,5382,12,,,0,160,,5379,12,,,0,121,,5380,12,,,0,95,,5386,12,,,0,166,,5384,12,,,0,127,,5385,12,,,0,123,,5383,12,,,0,160,,5387,12,,,0
400,'5426',632,,5349,12,,,0,26,,5354,12,,,0,88,,5351,12,,,0,74,,5356,12,,,0,29,,5353,12,,,0,69,,5359,12,,,0,30,,5352,12,,,0,70,,5350,12,,,0,31,,5360,12,,,0,70,,5365,12,,,0,32,,5362,12,,,0,70,,5355,12,,,0,30,,5367,12,,,0,70,,5376,12,,,0,30,,5366,12,,,0,70,,5378,12,,,0,30,,5357,12,,,0,70,,5377,12,,,0,32,,5374,12,,,0,70,,5363,12,,,0,30,,5364,12,,,0,70,,5361,12,,,0,28,,5371,12,,,0,69,,5358,12,,,0,28,,5372,12,,,0,96,,5373,12,,,0,96,,5369,12,,,0,98,,5368,12,,,0,100,,5370,12,,,0,117,,5375,12,,,0
400,'5427',632,,7006,12,,,0,26,,7011,12,,,0,88,,7008,12,,,0,74,,7013,12,,,0,29,,7010,12,,,0,69,,7016,12,,,0,30,,7009,12,,,0,70,,7007,12,,,0,31,,7017,12,,,0,70,,7022,12,,,0,32,,7019,12,,,0,70,,7012,12,,,0,30,,7024,12,,,0,70,,7033,12,,,0,30,,7023,12,,,0,70,,7035,12,,,0,30,,7014,12,,,0,70,,7034,12,,,0,32,,7031,12,,,0,70,,7020,12,,,0,30,,7021,12,,,0,70,,7018,12,,,0,28,,7028,12,,,0,69,,7015,12,,,0,28,,7029,12,,,0,96,,7030,12,,,0,96,,7026,12,,,0,98,,7025,12,,,0,100,,7027,12,,,0,117,,7032,12,,,0
400,'5428',827,,7037,12,,,0,25,,7038,12,,,0,65,,7036,12,,,0,25,,7039,12,,,0,67,,7040,12,,,0,25,,7041,12,,,0,25,,7042,12,,,0,66,,7043,12,,,0,25,,7044,12,,,0,67,,7045,12,,,0,27,,7046,12,,,0,68,,7047,12,,,0,27,,7048,12,,,0,68,,7049,12,,,0,27,,7052,12,,,0,69,,7054,12,,,0,27,,7050,12,,,0,29,,7056,12,,,0,67,,7051,12,,,0,26,,7053,12,,,0,67,,7055,12,,,0,27,,7057,12,,,0,67,,7058,12,,,0,26,,7059,12,,,0,74,,7061,12,,,0,100,,7060,12,,,0,100,,7062,12,,,0,99,,7063,12,,,0,99,,7064,12,,,0
400,'5429',840,,7067,12,,,0,119,,7068,12,,,0,160,,7065,12,,,0,121,,7066,12,,,0,95,,7072,12,,,0,166,,7070,12,,,0,127,,7071,12,,,0,123,,7069,12,,,0,160,,7073,12,,,0
500,'5425',917,,5513,15,,,0,120,,5512,15,,,0,120,,5511,15,,,0,162,,5514,15,,,0,96,,5515,15,,,0,127,,5516,15,,,0,167,,5517,15,,,0,120,,5518,15,,,0
500,'5426',712,,5485,15,,,0,31,,5487,12,,,0,74,,5488,15,,,0,33,,5486,12,,,0,73,,5494,15,,,0,33,,5495,12,,,0,73,,5496,12,,,0,73,,5489,15,,,0,33,,5490,12,,,0,73,,5497,15,,,0,36,,5492,12,,,0,75,,5493,15,,,0,37,,5491,12,,,0,75,,5498,15,,,0,77,,5508,12,,,0,35,,5501,15,,,0,76,,5503,15,,,0,37,,5509,12,,,0,75,,5504,15,,,0,76,,5505,12,,,0,31,,5502,15,,,0,76,,5506,12,,,0,45,,5507,12,,,0,100,,5499,12,,,0,99,,5500,12,,,0,156,,5510,15,,,0
500,'5427',712,,7142,15,,,0,31,,7144,12,,,0,74,,7145,15,,,0,33,,7143,12,,,0,73,,7151,15,,,0,33,,7152,12,,,0,73,,7153,12,,,0,73,,7146,15,,,0,33,,7147,12,,,0,73,,7154,15,,,0,36,,7149,12,,,0,75,,7150,15,,,0,37,,7148,12,,,0,75,,7155,15,,,0,77,,7165,12,,,0,35,,7158,15,,,0,76,,7160,15,,,0,37,,7166,12,,,0,75,,7161,15,,,0,76,,7162,12,,,0,31,,7159,15,,,0,76,,7163,12,,,0,45,,7164,12,,,0,100,,7156,12,,,0,99,,7157,12,,,0,156,,7167,15,,,0
500,'5428',802,,7169,12,,,0,30,,7170,15,,,0,70,,7171,15,,,0,30,,7192,12,,,0,71,,7168,15,,,0,29,,7173,12,,,0,71,,7174,15,,,0,29,,7172,12,,,0,71,,7177,15,,,0,29,,7178,12,,,0,72,,7176,15,,,0,30,,7175,12,,,0,71,,7179,15,,,0,29,,7180,12,,,0,71,,7181,15,,,0,30,,7184,12,,,0,71,,7185,15,,,0,28,,7182,12,,,0,70,,7183,15,,,0,29,,7186,12,,,0,71,,7187,15,,,0,29,,7190,12,,,0,120,,7191,15,,,0,94,,7188,12,,,0,103,,7189,15,,,0,100,,7193,15,,,0
500,'5429',917,,7196,15,,,0,120,,7195,15,,,0,120,,7194,15,,,0,162,,7197,15,,,0,96,,7198,15,,,0,127,,7199,15,,,0,167,,7200,15,,,0,120,,7201,15,,,0
