1601,'4528',735,,6374,7,,,0,100,,6370,7,,,0,100,,6371,7,,,0,200,,6378,7,,,0,710,,7874,7,,,0
1601,'4532',820,,8692,7,,,0,114,,7876,7,,,0,95,,7878,7,,,0,110,,8693,7,,,0,95,,8694,7,,,0,100,,7879,7,,,0,100,,7882,7,,,0,100,,6404,7,,,0,105,,6402,7,,,0,95,,8695,7,,,0,100,,8696,7,,,0,100,,8697,7,,,0
1601,'5221',839,,8698,7,,,0,100,,7889,7,,,0,100,,8699,7,,,0,100,,8700,7,,,0,100,,7890,7,,,0,100,,8701,7,,,0,100,,7897,7,,,0,100,,8703,7,,,0,105,,7891,7,,,0,100,,8702,7,,,0,100,,8704,7,,,0,100,,8705,7,,,0
1601,'5434',1035,,8706,7,,,0,200,,8707,7,,,0,100,,8708,7,,,0,100,,8709,7,,,0,111,,8710,7,,,0,101,,8712,7,,,0,98,,8713,7,,,0,200,,8711,7,,,0
1701,'4528',720,,7947,7,0,11 12,0,85,,7951,7,0,11 12,0,100,,7940,7,0,11 12,0,100,,7943,7,0,11 12,0,100,,7939,7,0,11 12,0,100,,7941,7,0,15 1 16,0,100,,7944,7,0,15 1 16,0,201,,7948,7,0,15 1 16,0,433,,7950,7,0,13 14,0,100,,7945,7,0,13 14,0
1701,'4532',714,,7959,7,0,11 12,0,100,,8730,7,0,11 12,0,90,,7955,7,0,11 12,0,130,,7957,7,0,11 12,0,170,,7960,7,0,15 1 16,0,100,,7961,7,0,15 1 16,0,130,,7958,7,0,15 1 16,0,170,,7962,7,0,15 1 16,0,105,,8731,7,0,15 1 16,0,100,,8733,7,0,13 14,0,105,,8734,7,0,13 14,0,105,,8735,7,0,13 14,0,110,,8732,7,0,13 14,0,120,,7968,7,0,13 14,0
1701,'5221',814,,7969,7,0,11 12,0,100,,8736,7,0,11 12,0,115,,7971,7,0,11 12,0,95,,7972,7,0,13 14,0,200,,8737,7,0,11 12,0,210,,7973,7,0,13 14,0,100,,8738,7,0,11 12,0,100,,7975,7,0,15 1 16,0,100,,8739,7,0,13 14,0,170,,7978,7,0,13 14,0
1701,'5434',1415,,8741,7,0,15 1 16,0,201,,8744,7,0,15 1 16,0,100,,8742,7,0,15 1 16,0,104,,8743,7,0,15 1 16,0,334,,8740,7,0,13 14,0,155,,8745,7,0,13 14,0
1800,'4528',537,,7979,6,,,0,101,,7980,6,,,0,101,,7981,6,,,0,102,,7982,6,,,0,100,,7983,6,,,0,101,,7984,6,,,0,101,,7985,6,,,0,103,,7986,6,,,0,90,,7987,6,,,0,102,,7988,6,,,0,106,,7989,6,,,0,105,,7990,6,,,0,101,,7991,6,,,0,100,,7992,6,,,0,101,,7993,6,,,0,101,,7994,6,,,0,101,,7995,6,,,0
1800,'4532',739,,7996,6,,,0,101,,7997,6,,,0,101,,7998,6,,,0,101,,7999,6,,,0,101,,8000,6,,,0,103,,8001,6,,,0,91,,8002,6,,,0,101,,8003,6,,,0,106,,8004,6,,,0,105,,8005,6,,,0,100,,8006,6,,,0,101,,8007,6,,,0,101,,8008,6,,,0,101,,8009,6,,,0,101,,8010,6,,,0
1800,'5221',739,,8014,6,,,0,101,,8012,6,,,0,101,,8011,6,,,0,101,,8013,6,,,0,101,,8017,6,,,0,103,,8018,6,,,0,91,,8016,6,,,0,101,,8022,6,,,0,105,,8023,6,,,0,105,,8015,6,,,0,101,,8020,6,,,0,101,,8019,6,,,0,101,,8021,6,,,0
