601,'4528',919,,5607,23,,,0,120,,5608,23,,,0,75,,5610,23,,,0,538,,5617,23,,,0,75,,5620,23,,,0,96,,5619,23,,,0
601,'4532',1313,,5638,23,,,0,200,,5642,23,,,0
601,'5221',1648,,5631,23,,,0
601,'5425',818,,5623,23,,,0,120,,5624,23,,,0,95,,5627,23,,,0,110,,5626,23,,,0,100,,5625,23,,,0,100,,5630,23,,,0,100,,5628,23,,,0,100,,5629,23,,,0,200,,5632,23,,,0,105,,5634,23,,,0,100,,5633,23,,,0
601,'5426',714,,5605,23,,,0,103,,5606,23,,,0,197,,5609,23,,,0,220,,5611,23,,,0,80,,5612,23,,,0,100,,5613,23,,,0,105,,5614,25,,,0,36,,5615,23,,,0,81,,5616,23,,,0,118,,5618,23,,,0,169,,5621,23,,,0,235,,5622,23,,,0
601,'5427',714,,7262,23,,,0,103,,7263,23,,,0,197,,7264,23,,,0,220,,7265,23,,,0,80,,7266,23,,,0,100,,7267,23,,,0,105,,7268,25,,,0,36,,7269,23,,,0,81,,7270,23,,,0,118,,7271,23,,,0,169,,7272,23,,,0,235,,7273,23,,,0
601,'5428',813,,7275,23,,,0,105,,7276,23,,,0,95,,7277,23,,,0,100,,7278,23,,,0,100,,7274,23,,,0,200,,7279,23,,,0,130,,7281,23,,,0,70,,7283,23,,,0,30,,7287,23,,,0,70,,7284,23,,,0,30,,7286,23,,,0,70,,7282,23,,,0,145,,7280,23,,,0,164,,7285,23,,,0
601,'5429',818,,7288,23,,,0,120,,7289,23,,,0,95,,7292,23,,,0,110,,7291,23,,,0,100,,7290,23,,,0,100,,7295,23,,,0,100,,7293,23,,,0,100,,7294,23,,,0,200,,7296,23,,,0,105,,7298,23,,,0,100,,7297,23,,,0
1600,'4528',703,,6335,26,,,0,43,,6344,26,0,5,0,70,,6336,26,0,5,0,97,,6331,26,0,5,0,100,,6332,26,0,5,0,200,,6339,26,0,5,0
1600,'4532',1612,,6360,26,0,5,0,105,,6364,26,0,5,0
1600,'5425',913,,6345,26,0,5,0,100,,6348,26,0,5,0,100,,6346,26,0,5,0,101,,6347,26,0,5,0,102,,6349,26,0,5,0,100,,6352,26,0,5,0,99,,6355,26,0,5,0,100,,6353,26,0,5,0,105,,6350,26,0,5,0,99,,6351,26,0,5,0,97,,6354,26,0,5,0,100,,6356,26,0,5,0
1600,'5426',1113,,6333,26,0,5,0,200,,6334,26,0,5,0,103,,6330,26,0,5,0,105,,6337,26,0,5,0,108,,6338,26,0,5,0,100,,6341,26,0,5,0,94,,6343,26,0,5,0,98,,6342,26,0,5,0,99,,6340,26,0,5,0
1600,'5427',1113,,7837,26,0,5,0,200,,7838,26,0,5,0,103,,7836,26,0,5,0,105,,7839,26,0,5,0,108,,7840,26,0,5,0,100,,7842,26,0,5,0,94,,7844,26,0,5,0,98,,7843,26,0,5,0,99,,7841,26,0,5,0
1600,'5428',853,,7848,26,0,5,0,157,,7847,26,0,5,0,95,,7846,26,0,5,0,111,,7849,26,0,5,0,95,,7850,26,0,5,0,101,,7845,26,0,5,0,100,,7851,26,0,5,0,300,,7852,26,0,5,0,97,,7853,26,0,5,0,100,,7854,26,0,5,0
1600,'5429',913,,7855,26,0,5,0,100,,7858,26,0,5,0,100,,7856,26,0,5,0,101,,7857,26,0,5,0,102,,7859,26,0,5,0,100,,7862,26,0,5,0,99,,7865,26,0,5,0,100,,7863,26,0,5,0,105,,7860,26,0,5,0,99,,7861,26,0,5,0,97,,7864,26,0,5,0,100,,7866,26,0,5,0
