300,'4528',637,,5210,28,,,0,199,,5202,28,,,0,109,,5196,28,,,0,403,,5204,28,,,0,270,,5211,28,,,0,113,,5183,28,,,0,112,,5217,28,,,0
300,'4532',834,,5240,28,,,0,508,,5252,28,,,0,171,,5255,28,,,0,100,,5257,28,,,0,99,,5258,28,,,0
300,'5221',1611,,5233,28,,,0,294,,5231,28,,,0,106,,5234,28,,,0
300,'5425',813,,5223,28,,,0,93,,5225,28,,,0,100,,5224,28,,,0,101,,5230,28,,,0,104,,5226,28,,,0,100,,5232,28,,,0,100,,5227,28,,,0,100,,5228,28,,,0,199,,5229,28,,,0,97,,5235,28,,,0,302,,5236,28,,,0,100,,5237,28,0,17 18 19,0
300,'5426',659,,5197,28,,,0,69,,5192,28,,,0,75,,5213,28,,,0,18,,5199,28,,,0,34,,5203,28,,,0,59,,5195,28,,,0,101,,5198,28,,,0,31,,5220,28,,,0,70,,5205,28,,,0,30,,5193,28,,,0,71,,5207,28,,,0,30,,5219,28,,,0,70,,5184,28,,,0,103,,5185,28,,,0,33,,5214,28,,,0,70,,5200,28,,,0,14,,5222,28,,,0,14,,5187,28,,,0,52,,5186,28,,,0,30,,5189,28,,,0,15,,5191,28,,,0,55,,5218,28,,,0,14,,5201,28,,,0,28,,5188,28,,,0,55,,5209,28,,,0,15,,5190,28,,,0,97,,5208,28,,,0,30,,5221,28,,,0,70,,5206,28,,,0,99,,5216,28,,,0,99,,5212,28,,,0,99,,5215,28,,,0,95,,5182,28,0,17 18 19,0
300,'5427',659,,6882,28,,,0,69,,6878,28,,,0,75,,6894,28,,,0,18,,6884,28,,,0,34,,6887,28,,,0,59,,6881,28,,,0,101,,6883,28,,,0,31,,6900,28,,,0,70,,6888,28,,,0,30,,6879,28,,,0,71,,6890,28,,,0,30,,6899,28,,,0,70,,6870,28,,,0,103,,6871,28,,,0,33,,6895,28,,,0,70,,6885,28,,,0,14,,6902,28,,,0,14,,6873,28,,,0,52,,6872,28,,,0,30,,6875,28,,,0,15,,6877,28,,,0,55,,6898,28,,,0,14,,6886,28,,,0,28,,6874,28,,,0,55,,6892,28,,,0,15,,6876,28,,,0,97,,6891,28,,,0,30,,6901,28,,,0,70,,6889,28,,,0,99,,6897,28,,,0,99,,6893,28,,,0,99,,6896,28,,,0,95,,6869,28,0,17 18 19,0
300,'5428',727,,6904,28,,,0,30,,6903,28,,,0,153,,6907,28,,,0,30,,6908,28,,,0,71,,6906,28,,,0,30,,6905,28,,,0,70,,6909,28,,,0,30,,6910,28,,,0,70,,6912,28,,,0,31,,6911,28,,,0,70,,6915,28,,,0,100,,6914,28,,,0,30,,6917,28,,,0,101,,6916,28,,,0,100,,6913,28,,,0,99,,6918,28,,,0,70,,6920,28,,,0,35,,6921,28,,,0,64,,6922,28,,,0,45,,6923,28,,,0,145,,6925,28,,,0,105,,6926,28,,,0,102,,6919,28,,,0,98,,6924,28,,,0
300,'5429',813,,6927,28,,,0,93,,6929,28,,,0,100,,6928,28,,,0,101,,6934,28,,,0,104,,6930,28,,,0,100,,6935,28,,,0,100,,6931,28,,,0,100,,6932,28,,,0,199,,6933,28,,,0,97,,6936,28,,,0,302,,6937,28,,,0,100,,6938,28,0,17 18 19,0
1300,'4528',855,,6215,22,,,0,148,,6217,22,,,0,100,,6216,22,,,0,100,,6218,22,,,0,213,,6214,22,,,0,108,,6219,22,,,0,108,,6220,22,,,0,108,,6221,22,,,0,105,,6222,22,,,0,105,,6223,22,,,0
1300,'4532',757,,6229,22,,,0,102,,6230,22,,,0,145,,6228,22,,,0,100,,6231,22,,,0,102,,6232,22,,,0,197,,6235,22,,,0,146,,6236,22,,,0,100,,6233,22,,,0,99,,6237,22,,,0,100,,6238,22,,,0,99,,6234,22,,,0,99,,6239,22,,,0
1300,'5221',1805,,6227,22,,,0
1300,'5425',846,,6225,22,,,0,363,,6226,22,,,0,325,,6224,22,,,0
1300,'5426',720,,6213,22,,,0
1300,'5427',720,,7794,22,,,0
1300,'5429',846,,7796,22,,,0,363,,7797,22,,,0,325,,7795,22,,,0
1400,'4528',622,,6272,18,,,0,31,,6271,18,,,0,198,,6269,18,,,0,390,,6273,18,,,0,217,,6268,18,,,0,155,,6274,18,,,0,39,,6275,18,,,0,75,,6276,18,,,0,79,,6277,18,,,0,219,,6278,18,,,0,30,,6279,18,,,0
1400,'4532',1241,,6289,18,,,0,205,,6291,18,,,0,213,,6292,18,,,0
1400,'5221',1339,,6282,18,,,0
1400,'5425',914,,6281,18,,,0,200,,6280,18,,,0,130,,6285,18,,,0,195,,6283,18,,,0,170,,6284,18,,,0,225,,6286,18,,,0
1400,'5426',742,,6264,18,,,0,67,,6266,18,,,0,133,,6267,18,,,0,114,,6265,18,,,0,855,,6270,18,,,0
1400,'5427',742,,7800,18,,,0,67,,7802,18,,,0,133,,7803,18,,,0,114,,7801,18,,,0,855,,7804,18,,,0
1400,'5428',809,,7805,18,,,0,135,,7807,18,,,0,96,,7811,18,,,0,101,,7808,18,,,0,200,,7809,18,,,0,563,,7806,18,,,0,100,,7810,18,,,0
1400,'5429',914,,7813,18,,,0,200,,7812,18,,,0,130,,7816,18,,,0,195,,7814,18,,,0,170,,7815,18,,,0,225,,7817,18,,,0
