400,'5425',853,,5381,25,4,,0,159,,5382,25,4,,0,120,,5379,25,4,,0,122,,5380,25,4,,0,95,,5386,25,4,,0,167,,5384,25,4,,0,127,,5385,25,4,,0,162,,5383,25,4,,0,120,,5387,25,4,,0
400,'5426',645,,5349,25,4,,0,66,,5354,25,4,,0,91,,5351,25,4,,0,34,,5356,25,4,,0,68,,5353,25,4,,0,28,,5359,25,4,,0,70,,5352,25,4,,0,30,,5350,25,4,,0,72,,5360,25,4,,0,30,,5365,25,4,,0,72,,5362,25,4,,0,30,,5355,25,4,,0,70,,5367,25,4,,0,30,,5376,25,4,,0,72,,5366,25,4,,0,30,,5378,25,4,,0,70,,5357,25,4,,0,30,,5377,25,4,,0,72,,5374,25,4,,0,30,,5363,25,4,,0,70,,5364,25,4,,0,29,,5361,25,4,,0,67,,5371,25,4,,0,29,,5358,25,4,,0,67,,5372,25,4,,0,56,,5373,25,4,,0,95,,5369,25,4,,0,97,,5368,25,4,,0,100,,5370,25,4,,0,157,,5375,25,4,,0
400,'5427',645,,7006,25,4,,0,66,,7011,25,4,,0,91,,7008,25,4,,0,34,,7013,25,4,,0,68,,7010,25,4,,0,28,,7016,25,4,,0,70,,7009,25,4,,0,30,,7007,25,4,,0,72,,7017,25,4,,0,30,,7022,25,4,,0,72,,7019,25,4,,0,30,,7012,25,4,,0,70,,7024,25,4,,0,30,,7033,25,4,,0,72,,7023,25,4,,0,30,,7035,25,4,,0,70,,7014,25,4,,0,30,,7034,25,4,,0,72,,7031,25,4,,0,30,,7020,25,4,,0,70,,7021,25,4,,0,29,,7018,25,4,,0,67,,7028,25,4,,0,29,,7015,25,4,,0,67,,7029,25,4,,0,56,,7030,25,4,,0,95,,7026,25,4,,0,97,,7025,25,4,,0,100,,7027,25,4,,0,157,,7032,25,4,,0
400,'5428',840,,7037,25,4,,0,66,,7038,25,4,,0,25,,7036,25,4,,0,26,,7039,25,4,,0,67,,7040,25,4,,0,26,,7041,25,4,,0,65,,7042,25,4,,0,26,,7043,25,4,,0,66,,7044,25,4,,0,27,,7045,25,4,,0,67,,7046,25,4,,0,28,,7047,25,4,,0,27,,7048,25,4,,0,69,,7049,25,4,,0,27,,7052,25,4,,0,69,,7054,25,4,,0,27,,7050,25,4,,0,68,,7056,25,4,,0,27,,7051,25,4,,0,66,,7053,25,4,,0,27,,7055,25,4,,0,67,,7057,25,4,,0,27,,7058,25,4,,0,24,,7059,25,4,,0,74,,7061,25,4,,0,99,,7060,25,4,,0,100,,7062,25,4,,0,99,,7063,25,4,,0,99,,7064,25,4,,0
400,'5429',853,,7067,25,4,,0,159,,7068,25,4,,0,120,,7065,25,4,,0,122,,7066,25,4,,0,95,,7072,25,4,,0,167,,7070,25,4,,0,127,,7071,25,4,,0,162,,7069,25,4,,0,120,,7073,25,4,,0
401,'5425',813,,5450,1,,,0,117,,5447,1,,,0,120,,5448,1,,,0,160,,5449,1,,,0,94,,5453,1,,,0,125,,5451,1,,,0,127,,5452,1,,,0,166,,5454,1,,,0,120,,5455,1,,,0
401,'5426',606,,5417,1,,,0,25,,5421,1,,,0,87,,5419,1,,,0,30,,5423,1,,,0,70,,5420,1,,,0,30,,5424,1,,,0,70,,5445,1,,,0,30,,5418,1,,,0,70,,5427,1,,,0,30,,5428,1,,,0,70,,5426,1,,,0,30,,5425,1,,,0,70,,5434,1,,,0,30,,5446,1,,,0,70,,5433,1,,,0,30,,5422,1,,,0,70,,5443,1,,,0,30,,5432,1,,,0,70,,5442,1,,,0,30,,5439,1,,,0,70,,5430,1,,,0,30,,5429,1,,,0,70,,5438,1,,,0,30,,5431,1,,,0,70,,5440,1,,,0,97,,5441,1,,,0,97,,5436,1,,,0,100,,5435,1,,,0,100,,5437,1,,,0,118,,5444,1,,,0
401,'5427',606,,7074,1,,,0,25,,7078,1,,,0,87,,7076,1,,,0,30,,7080,1,,,0,70,,7077,1,,,0,30,,7081,1,,,0,70,,7102,1,,,0,30,,7075,1,,,0,70,,7084,1,,,0,30,,7085,1,,,0,70,,7083,1,,,0,30,,7082,1,,,0,70,,7091,1,,,0,30,,7103,1,,,0,70,,7090,1,,,0,30,,7079,1,,,0,70,,7100,1,,,0,30,,7089,1,,,0,70,,7099,1,,,0,30,,7096,1,,,0,70,,7087,1,,,0,30,,7086,1,,,0,70,,7095,1,,,0,30,,7088,1,,,0,70,,7097,1,,,0,97,,7098,1,,,0,97,,7093,1,,,0,100,,7092,1,,,0,100,,7094,1,,,0,118,,7101,1,,,0
401,'5428',800,,7104,1,,,0,25,,7105,1,,,0,25,,7107,1,,,0,65,,7106,1,,,0,25,,7108,1,,,0,65,,7110,1,,,0,25,,7111,1,,,0,26,,7112,1,,,0,65,,7109,1,,,0,26,,7114,1,,,0,65,,7116,1,,,0,28,,7113,1,,,0,67,,7115,1,,,0,28,,7117,1,,,0,67,,7119,1,,,0,30,,7122,1,,,0,27,,7123,1,,,0,69,,7121,1,,,0,27,,7124,1,,,0,67,,7125,1,,,0,27,,7120,1,,,0,67,,7118,1,,,0,27,,7126,1,,,0,67,,7128,1,,,0,35,,7127,1,,,0,100,,7129,1,,,0,100,,7130,1,,,0,100,,7131,1,,,0,100,,7132,1,,,0
401,'5429',813,,7136,1,,,0,117,,7133,1,,,0,120,,7134,1,,,0,160,,7135,1,,,0,94,,7139,1,,,0,125,,7137,1,,,0,127,,7138,1,,,0,166,,7140,1,,,0,120,,7141,1,,,0
