1600,'4528',658,,6335,18,,,0,82,,6344,18,0,5,0,68,,6336,18,0,5,0,99,,6331,18,0,5,0,100,,6332,18,0,5,0,200,,6339,18,0,5,0
1600,'4532',1606,,6360,18,0,5,0,105,,6364,18,0,5,0
1600,'5425',908,,6345,18,0,5,0,100,,6348,18,0,5,0,100,,6346,18,0,5,0,100,,6347,18,0,5,0,102,,6349,18,0,5,0,100,,6352,18,0,5,0,99,,6355,18,0,5,0,100,,6353,18,0,5,0,105,,6350,18,0,5,0,99,,6351,18,0,5,0,98,,6354,18,0,5,0,100,,6356,18,0,5,0
1600,'5426',1107,,6333,18,0,5,0,200,,6334,18,0,5,0,102,,6330,18,0,5,0,102,,6337,18,0,5,0,111,,6338,18,0,5,0,101,,6341,18,0,5,0,94,,6343,18,0,5,0,98,,6342,18,0,5,0,99,,6340,18,0,5,0
1600,'5427',1107,,7837,18,0,5,0,200,,7838,18,0,5,0,102,,7836,18,0,5,0,102,,7839,18,0,5,0,111,,7840,18,0,5,0,101,,7842,18,0,5,0,94,,7844,18,0,5,0,98,,7843,18,0,5,0,99,,7841,18,0,5,0
1600,'5428',848,,7848,18,0,5,0,156,,7847,18,0,5,0,55,,7846,18,0,5,0,151,,7849,18,0,5,0,95,,7850,18,0,5,0,101,,7845,18,0,5,0,100,,7851,18,0,5,0,300,,7852,18,0,5,0,97,,7853,18,0,5,0,100,,7854,18,0,5,0
1600,'5429',908,,7855,18,0,5,0,100,,7858,18,0,5,0,100,,7856,18,0,5,0,100,,7857,18,0,5,0,102,,7859,18,0,5,0,100,,7862,18,0,5,0,99,,7865,18,0,5,0,100,,7863,18,0,5,0,105,,7860,18,0,5,0,99,,7861,18,0,5,0,98,,7864,18,0,5,0,100,,7866,18,0,5,0
1700,'4528',732,,6418,49,,,0
1700,'5425',920,,6426,49,,,0,100,,6427,49,,,0,102,,6428,30,,,0,96,,6429,48,,,0,200,,6431,30,,,0,208,,6430,18,,,0,102,,6432,30,,,0,112,,6433,30,,,0,85,,6434,18,,,0,130,,6435,18,,,0
1700,'5426',705,,6410,49,,,0,130,,6416,49,,,0,86,,6422,49,,,0,99,,6409,49,,,0,100,,6413,49,,,0,100,,6408,49,,,0,99,,6411,30,,,0,101,,6414,30,,,0,115,,6417,30,,,0,93,,6419,30,,,0,107,,6424,30,,,0,96,,6420,30,,,0,113,,6423,49,,,0,87,,6421,18,,,0,98,,6415,18,,,0,115,,6412,18,,,0,114,,6425,18,,,0
1700,'5427',705,,7900,49,,,0,130,,7906,49,,,0,86,,7911,49,,,0,99,,7899,49,,,0,100,,7903,49,,,0,100,,7898,49,,,0,99,,7901,30,,,0,101,,7904,30,,,0,115,,7907,30,,,0,93,,7908,30,,,0,107,,7913,30,,,0,96,,7909,30,,,0,113,,7912,49,,,0,87,,7910,18,,,0,98,,7905,18,,,0,115,,7902,18,,,0,114,,7914,18,,,0
1700,'5428',813,,7915,49,,,0,103,,7916,49,,,0,90,,7917,49,,,0,133,,7918,49,,,0,169,,7919,30,,,0,103,,7920,30,,,0,130,,7921,30,,,0,171,,7922,30,,,0,104,,7923,30,,,0,85,,7924,18,,,0,105,,7925,18,,,0,105,,7926,18,,,0,110,,7927,18,,,0,119,,7928,18,,,0
1700,'5429',920,,7929,49,,,0,100,,7930,49,,,0,102,,7931,30,,,0,96,,7932,48,,,0,200,,7934,30,,,0,208,,7933,18,,,0,102,,7935,30,,,0,112,,7936,30,,,0,85,,7937,18,,,0,130,,7938,18,,,0
