301,'4327',840,,3189,20,,,0,100,,3190,20,,,0,101,,3195,20,,,0,103,,3191,20,,,0,98,,3196,20,,,0,100,,3192,20,,,0,100,,3193,20,,,0,100,,3198,20,,,0,100,,3194,20,,,0,98,,3200,20,,,0,99,,3197,20,,,0,106,,3199,20,,,0,99,,3201,20,,,0,100,,3202,20,,,0
301,'4795',651,,498,20,,,0,49,,2371,20,,,0,31,,490,20,,,0,17,,499,20,,,0,56,,509,20,,,0,20,,493,20,,,0,20,,500,20,,,0,70,,508,20,,,0,30,,505,20,,,0,71,,523,20,,,0,30,,487,20,,,0,70,,484,20,,,0,31,,510,20,,,0,70,,494,20,,,0,30,,522,20,,,0,71,,516,20,,,0,30,,515,20,,,0,71,,521,20,,,0,15,,514,20,,,0,15,,519,20,,,0,10,,1957,20,,,0,60,,517,20,,,0,15,,512,20,,,0,15,,492,20,,,0,55,,491,20,,,0,15,,488,20,,,0,15,,520,20,,,0,15,,489,20,,,0,54,,503,20,,,0,14,,502,20,,,0,15,,495,20,,,0,15,,496,20,,,0,70,,518,20,,,0,29,,507,20,,,0,70,,525,20,,,0,30,,485,20,,,0,99,,1956,20,,,0,100,,504,20,,,0,100,,511,20,,,0,98,,483,20,,,0
301,'4800',843,,527,20,,,0,70,,531,20,,,0,31,,536,20,,,0,70,,533,20,,,0,30,,2387,20,,,0,70,,535,20,,,0,30,,534,20,,,0,71,,530,20,,,0,30,,537,20,,,0,70,,539,20,,,0,30,,2388,20,,,0,70,,541,20,,,0,30,,538,20,,,0,70,,542,20,,,0,30,,544,20,,,0,70,,545,20,,,0,30,,547,20,,,0,70,,543,20,,,0,30,,549,20,,,0,75,,546,20,,,0,24,,550,20,,,0,85,,2389,20,,,0,105,,551,20,,,0,105,,552,20,,,0,104,,553,20,,,0,100,,554,20,,,0
301,'5102',651,,3218,20,,,0,49,,3217,20,,,0,31,,3210,20,,,0,17,,3219,20,,,0,56,,3229,20,,,0,20,,3213,20,,,0,20,,3220,20,,,0,70,,3228,20,,,0,30,,3225,20,,,0,71,,3243,20,,,0,30,,3207,20,,,0,70,,3204,20,,,0,31,,3230,20,,,0,70,,3214,20,,,0,30,,3242,20,,,0,71,,3236,20,,,0,30,,3235,20,,,0,71,,3241,20,,,0,15,,3234,20,,,0,15,,3239,20,,,0,10,,3244,20,,,0,60,,3237,20,,,0,15,,3232,20,,,0,15,,3212,20,,,0,55,,3211,20,,,0,15,,3208,20,,,0,15,,3240,20,,,0,15,,3209,20,,,0,54,,3223,20,,,0,14,,3222,20,,,0,15,,3215,20,,,0,15,,3216,20,,,0,70,,3238,20,,,0,29,,3227,20,,,0,70,,3245,20,,,0,30,,3205,20,,,0,99,,3233,20,,,0,100,,3224,20,,,0,100,,3231,20,,,0,98,,3203,20,,,0
301,'5105',843,,3247,20,,,0,70,,3251,20,,,0,31,,3256,20,,,0,70,,3253,20,,,0,30,,3252,20,,,0,70,,3255,20,,,0,30,,3254,20,,,0,71,,3250,20,,,0,30,,3257,20,,,0,70,,3259,20,,,0,30,,3260,20,,,0,70,,3261,20,,,0,30,,3258,20,,,0,70,,3262,20,,,0,30,,3264,20,,,0,70,,3265,20,,,0,30,,3267,20,,,0,70,,3263,20,,,0,30,,3269,20,,,0,75,,3266,20,,,0,24,,3270,20,,,0,85,,3268,20,,,0,105,,3271,20,,,0,105,,3272,20,,,0,104,,3273,20,,,0,100,,3274,20,,,0
1400,'4795',805,,1517,17,0,7 8 2 9 2 10,0,650,,1519,17,0,9,0
1400,'5102',805,,4223,17,0,7 8 2 9 2 10,0,650,,4225,17,0,9,0
8001,'5095',1450,,1840,2,,,0
8001,'5097',1450,,1841,2,,,0
8001,'5103',1450,,4546,2,,,0
8001,'5104',1450,,4547,2,,,0
8100,'4795',756,,1842,26,,,0
8100,'5102',756,,4548,26,,,0
