301,'4528',755,,5291,6,,,0,150,,5290,6,,,0,401,,5297,6,,,0,230,,5275,6,,,0,115,,5285,6,,,0,155,,5299,6,,,0
301,'4532',1305,,5333,6,,,0,130,,5332,6,,,0,100,,5338,6,,,0,100,,5342,6,,,0
301,'5221',1532,,5315,6,,,0,298,,5314,6,,,0,106,,5316,6,,,0
301,'5425',832,,5306,6,,,0,100,,5307,6,,,0,100,,5312,6,,,0,103,,5308,6,,,0,97,,5313,6,,,0,100,,5309,6,,,0,100,,5310,6,,,0,200,,5311,6,,,0,98,,5317,6,,,0,306,,5318,6,,,0,100,,5319,6,,,0
301,'5426',653,,5280,6,,,0,70,,5273,6,,,0,16,,5281,6,,,0,76,,5276,6,,,0,20,,5282,6,,,0,100,,5287,6,,,0,70,,5304,6,,,0,30,,5270,6,,,0,70,,5268,6,,,0,30,,5292,6,,,0,70,,5277,6,,,0,30,,5303,6,,,0,101,,5296,6,,,0,70,,5302,6,,,0,30,,5300,6,,,0,70,,5298,6,,,0,15,,5294,6,,,0,30,,5274,6,,,0,55,,5271,6,,,0,15,,5301,6,,,0,15,,5272,6,,,0,70,,5284,6,,,0,15,,5278,6,,,0,15,,5279,6,,,0,99,,5289,6,,,0,70,,5305,6,,,0,30,,5269,6,,,0,100,,5295,6,,,0,100,,5286,6,,,0,100,,5293,6,,,0,100,,5267,6,,,0
301,'5427',653,,6951,6,,,0,70,,6945,6,,,0,16,,6952,6,,,0,76,,6947,6,,,0,20,,6953,6,,,0,100,,6957,6,,,0,70,,6969,6,,,0,30,,6942,6,,,0,70,,6940,6,,,0,30,,6959,6,,,0,70,,6948,6,,,0,30,,6968,6,,,0,101,,6963,6,,,0,70,,6967,6,,,0,30,,6965,6,,,0,70,,6964,6,,,0,15,,6961,6,,,0,30,,6946,6,,,0,55,,6943,6,,,0,15,,6966,6,,,0,15,,6944,6,,,0,70,,6955,6,,,0,15,,6949,6,,,0,15,,6950,6,,,0,99,,6958,6,,,0,70,,6970,6,,,0,30,,6941,6,,,0,100,,6962,6,,,0,100,,6956,6,,,0,100,,6960,6,,,0,100,,6939,6,,,0
301,'5428',835,,6973,6,,,0,70,,6975,6,,,0,30,,6980,6,,,0,70,,6978,6,,,0,30,,6977,6,,,0,70,,6976,6,,,0,30,,6979,6,,,0,70,,6972,6,,,0,30,,6981,6,,,0,100,,6982,6,,,0,70,,6983,6,,,0,100,,6984,6,,,0,100,,6986,6,,,0,100,,6985,6,,,0,30,,6990,6,,,0,75,,6987,6,,,0,25,,6988,6,,,0,85,,6989,6,,,0,105,,6991,6,,,0,105,,6992,6,,,0,105,,6993,6,,,0,100,,6994,6,,,0
301,'5429',832,,6995,6,,,0,100,,6996,6,,,0,100,,7001,6,,,0,103,,6997,6,,,0,97,,7002,6,,,0,100,,6998,6,,,0,100,,6999,6,,,0,200,,7000,6,,,0,98,,7003,6,,,0,306,,7004,6,,,0,100,,7005,6,,,0
1000,'4528',743,,6179,6,,,0,303,,6190,6,,,0,160,,6191,6,,,0,40,,6188,6,,,0,80,,6192,6,,,0,81,,6185,6,,,0,39,,6186,6,,,0,79,,6187,6,,,0,80,,6183,6,,,0,40,,6184,6,,,0,80,,6182,6,,,0,80,,6181,6,,,0,38,,6178,6,,,0,80,,6180,6,,,0
1000,'5426',728,,6175,6,,,0,73,,6176,6,,,0,37,,6177,6,,,0,92,,6189,6,,,0,1180,,6193,6,,,0
1000,'5427',728,,7785,6,,,0,73,,7786,6,,,0,37,,7787,6,,,0,92,,7788,6,,,0,1180,,7789,6,,,0
