1401,'4327',1100,,4247,13,,,0,225,,4250,13,,,0,495,,4253,13,,,0
1401,'4332',755,,4270,13,,,0,175,,4274,13,,,0,95,,4278,13,,,0,101,,4276,13,,,0,200,,4279,13,,,0,316,,4275,13,,,0,208,,4273,13,,,0,100,,4277,13,,,0
1401,'4480',725,,4254,13,,,0,316,,4255,13,,,0,517,,4265,13,,,0,79,,4264,13,,,0,75,,4266,13,,,0,39,,4267,13,,,0,105,,4260,13,,,0
1401,'5010',900,,4248,13,,,0,330,,4252,13,,,0,195,,4249,13,,,0,130,,4251,13,,,0
1401,'5196',900,,4686,13,,,0,330,,4689,13,,,0,195,,4687,13,,,0,130,,4688,13,,,0
1401,'5244',1226,,4691,13,,,0,205,,4690,13,,,0
1401,'5246',609,,4261,13,,,0,31,,4262,13,,,0,112,,4256,13,,,0,84,,4259,13,,,0,91,,4257,13,,,0,299,,4263,13,,,0,217,,4258,13,,,0,567,,4268,13,,,0,30,,4269,13,,,0
1401,'5247',609,,4696,13,,,0,31,,4697,13,,,0,112,,4692,13,,,0,84,,4695,13,,,0,91,,4693,13,,,0,299,,4698,13,,,0,217,,4694,13,,,0,567,,4699,13,,,0,30,,4700,13,,,0
8001,'4675',1459,,4547,17,,,0
8001,'5103',1459,,4546,17,,,0
8100,'4480',744,,4548,8,,,0
8101,'4675',1426,,4550,36,,,0
8101,'5103',1537,,4549,36,,,0
