1700,'4528',708,,6418,18,,,0
1700,'5425',859,,6426,18,,,0,100,,6427,18,,,0,198,,6429,17,,,0
1700,'5426',642,,6410,18,,,0,165,,6416,18,,,0,50,,6422,18,,,0,99,,6409,18,,,0,100,,6413,18,,,0,100,,6408,18,,,0,767,,6423,18,,,0
1700,'5427',642,,7900,18,,,0,165,,7906,18,,,0,50,,7911,18,,,0,99,,7899,18,,,0,100,,7903,18,,,0,100,,7898,18,,,0,767,,7912,18,,,0
1700,'5428',751,,7915,18,,,0,103,,7916,18,,,0,90,,7917,18,,,0,171,,7918,18,,,0
1700,'5429',859,,7929,18,,,0,100,,7930,18,,,0,198,,7932,17,,,0
1701,'5425',1554,,6471,30,0,13 14,0,200,,6473,30,0,15 1 16,0,100,,6475,30,0,13 14,0,170,,6476,30,0,13 14,0
1701,'5426',1225,,6452,30,0,15 1 16,0,102,,6455,30,0,15 1 16,0,111,,6457,30,0,15 1 16,0,93,,6460,30,0,15 1 16,0,108,,6465,30,0,15 1 16,0,98,,6461,30,0,15 1 16,0,104,,6464,30,0,15 1 16,0,159,,6462,30,0,13 14,0,58,,6456,30,0,13 14,0,155,,6453,30,0,13 14,0,114,,6466,30,0,13 14,0
1701,'5427',1225,,7941,30,0,15 1 16,0,102,,7944,30,0,15 1 16,0,111,,7946,30,0,15 1 16,0,93,,7948,30,0,15 1 16,0,108,,7953,30,0,15 1 16,0,98,,7949,30,0,15 1 16,0,104,,7952,30,0,15 1 16,0,159,,7950,30,0,13 14,0,58,,7945,30,0,13 14,0,155,,7942,30,0,13 14,0,114,,7954,30,0,13 14,0
1701,'5428',1224,,7960,30,0,15 1 16,0,100,,7961,30,0,15 1 16,0,130,,7958,30,0,15 1 16,0,170,,7962,30,0,15 1 16,0,105,,7963,30,0,15 1 16,0,99,,7965,30,0,13 14,0,105,,7966,30,0,13 14,0,105,,7967,30,0,13 14,0,110,,7964,30,0,13 14,0,159,,7968,30,0,13 14,0
1701,'5429',1554,,7973,30,0,13 14,0,200,,7975,30,0,15 1 16,0,100,,7977,30,0,13 14,0,170,,7978,30,0,13 14,0
