300,'4327',806,,3100,18,,,0,53,,3102,18,,,0,100,,3101,18,,,0,141,,3107,18,,,0,103,,3103,18,,,0,100,,3109,18,,,0,100,,3104,18,,,0,100,,3105,18,,,0,100,,3110,18,,,0,100,,3106,18,,,0,98,,3112,18,,,0,58,,3108,18,,,0,146,,3111,18,,,0,99,,3113,18,,,0,100,,3114,18,0,17 18 19,0
300,'4795',631,,426,18,,,0,22,,413,18,,,0,60,,406,18,,,0,9,,2351,18,,,0,15,,401,18,,,0,19,,429,18,,,0,58,,415,18,,,0,16,,418,18,,,0,19,,419,18,,,0,59,,411,18,,,0,30,,412,18,,,0,70,,414,18,,,0,31,,436,18,,,0,70,,421,18,,,0,30,,409,18,,,0,71,,423,18,,,0,30,,435,18,,,0,70,,397,18,,,0,31,,420,18,,,0,70,,398,18,,,0,33,,430,18,,,0,15,,408,18,,,0,55,,416,18,,,0,10,,1940,18,,,0,5,,439,18,,,0,15,,400,18,,,0,12,,399,18,,,0,55,,427,18,,,0,15,,403,18,,,0,15,,405,18,,,0,15,,434,18,,,0,54,,417,18,,,0,14,,396,18,,,0,14,,402,18,,,0,15,,425,18,,,0,55,,404,18,,,0,29,,433,18,,,0,69,,424,18,,,0,30,,438,18,,,0,70,,422,18,,,0,99,,1939,18,,,0,99,,428,18,,,0,100,,431,18,,,0,96,,395,18,0,17 18 19,0
300,'4800',721,,441,18,,,0,30,,2367,18,,,0,76,,442,18,,,0,76,,445,18,,,0,30,,446,18,,,0,71,,444,18,,,0,30,,443,18,,,0,70,,2368,18,,,0,30,,448,18,,,0,70,,450,18,,,0,31,,449,18,,,0,70,,453,18,,,0,30,,454,18,,,0,70,,2369,18,,,0,30,,456,18,,,0,71,,457,18,,,0,30,,455,18,,,0,70,,459,18,,,0,30,,451,18,,,0,70,,460,18,,,0,30,,458,18,,,0,70,,462,18,,,0,35,,463,18,,,0,64,,464,18,,,0,45,,2370,18,,,0,105,,467,18,,,0,145,,468,18,,,0,103,,461,18,,,0,98,,466,18,,,0
300,'5102',631,,3146,18,,,0,22,,3133,18,,,0,60,,3126,18,,,0,9,,3127,18,,,0,15,,3121,18,,,0,19,,3149,18,,,0,58,,3135,18,,,0,16,,3138,18,,,0,19,,3139,18,,,0,59,,3131,18,,,0,30,,3132,18,,,0,70,,3134,18,,,0,31,,3156,18,,,0,70,,3141,18,,,0,30,,3129,18,,,0,71,,3143,18,,,0,30,,3155,18,,,0,70,,3117,18,,,0,31,,3140,18,,,0,70,,3118,18,,,0,33,,3150,18,,,0,15,,3128,18,,,0,55,,3136,18,,,0,10,,3157,18,,,0,5,,3159,18,,,0,15,,3120,18,,,0,12,,3119,18,,,0,55,,3147,18,,,0,15,,3123,18,,,0,15,,3125,18,,,0,15,,3154,18,,,0,54,,3137,18,,,0,14,,3116,18,,,0,14,,3122,18,,,0,15,,3145,18,,,0,55,,3124,18,,,0,29,,3153,18,,,0,69,,3144,18,,,0,30,,3158,18,,,0,70,,3142,18,,,0,99,,3152,18,,,0,99,,3148,18,,,0,100,,3151,18,,,0,96,,3115,18,0,17 18 19,0
300,'5105',721,,3161,18,,,0,30,,3160,18,,,0,76,,3162,18,,,0,76,,3165,18,,,0,30,,3166,18,,,0,71,,3164,18,,,0,30,,3163,18,,,0,70,,3167,18,,,0,30,,3168,18,,,0,70,,3170,18,,,0,31,,3169,18,,,0,70,,3173,18,,,0,30,,3174,18,,,0,70,,3172,18,,,0,30,,3176,18,,,0,71,,3177,18,,,0,30,,3175,18,,,0,70,,3179,18,,,0,30,,3171,18,,,0,70,,3180,18,,,0,30,,3178,18,,,0,70,,3182,18,,,0,35,,3183,18,,,0,64,,3184,18,,,0,45,,3185,18,,,0,105,,3187,18,,,0,145,,3188,18,,,0,103,,3181,18,,,0,98,,3186,18,,,0
1400,'4795',823,,1517,51,0,7 8 2 9 2 10,0
1400,'5102',823,,4223,51,0,7 8 2 9 2 10,0
8100,'4795',818,,1842,61,,,0
8100,'5102',818,,4548,61,,,0
8101,'5095',1527,,1843,23,,,0
8101,'5097',1416,,1844,23,,,0
8101,'5103',1527,,4549,23,,,0
8101,'5104',1416,,4550,23,,,0
