400,'5425',848,,5381,20,,,0,159,,5382,20,,,0,120,,5379,20,,,0,121,,5380,20,,,0,95,,5386,20,,,0,166,,5384,20,,,0,127,,5385,20,,,0,123,,5383,20,,,0,160,,5387,20,,,0
400,'5426',640,,5349,20,,,0,66,,5354,20,,,0,49,,5351,20,,,0,74,,5356,20,,,0,28,,5353,20,,,0,68,,5359,20,,,0,30,,5352,20,,,0,70,,5350,20,,,0,32,,5360,20,,,0,70,,5365,20,,,0,32,,5362,20,,,0,70,,5355,20,,,0,30,,5367,20,,,0,70,,5376,20,,,0,71,,5366,20,,,0,30,,5378,20,,,0,70,,5357,20,,,0,30,,5377,20,,,0,72,,5374,20,,,0,30,,5363,20,,,0,70,,5364,20,,,0,29,,5361,20,,,0,28,,5371,20,,,0,69,,5358,20,,,0,28,,5372,20,,,0,96,,5373,20,,,0,96,,5369,20,,,0,97,,5368,20,,,0,100,,5370,20,,,0,157,,5375,20,,,0
400,'5427',640,,7006,20,,,0,66,,7011,20,,,0,49,,7008,20,,,0,74,,7013,20,,,0,28,,7010,20,,,0,68,,7016,20,,,0,30,,7009,20,,,0,70,,7007,20,,,0,32,,7017,20,,,0,70,,7022,20,,,0,32,,7019,20,,,0,70,,7012,20,,,0,30,,7024,20,,,0,70,,7033,20,,,0,71,,7023,20,,,0,30,,7035,20,,,0,70,,7014,20,,,0,30,,7034,20,,,0,72,,7031,20,,,0,30,,7020,20,,,0,70,,7021,20,,,0,29,,7018,20,,,0,28,,7028,20,,,0,69,,7015,20,,,0,28,,7029,20,,,0,96,,7030,20,,,0,96,,7026,20,,,0,97,,7025,20,,,0,100,,7027,20,,,0,157,,7032,20,,,0
400,'5428',834,,7037,20,,,0,25,,7038,20,,,0,65,,7036,20,,,0,25,,7039,20,,,0,67,,7040,20,,,0,26,,7041,20,,,0,65,,7042,20,,,0,26,,7043,20,,,0,26,,7044,20,,,0,67,,7045,20,,,0,27,,7046,20,,,0,68,,7047,20,,,0,27,,7048,20,,,0,68,,7049,20,,,0,27,,7052,20,,,0,69,,7054,20,,,0,27,,7050,20,,,0,69,,7056,20,,,0,27,,7051,20,,,0,66,,7053,20,,,0,27,,7055,20,,,0,27,,7057,20,,,0,67,,7058,20,,,0,25,,7059,20,,,0,74,,7061,20,,,0,99,,7060,20,,,0,100,,7062,20,,,0,99,,7063,20,,,0,99,,7064,20,,,0
400,'5429',848,,7067,20,,,0,159,,7068,20,,,0,120,,7065,20,,,0,121,,7066,20,,,0,95,,7072,20,,,0,166,,7070,20,,,0,127,,7071,20,,,0,123,,7069,20,,,0,160,,7073,20,,,0
900,'4528',740,,5898,23,,,0,116,,5903,23,,,0,154,,5908,23,,,0,116,,5913,23,,,0,333,,5927,23,,,0
900,'4532',703,,6034,23,,,0,103,,5995,23,,,0,205,,5999,23,,,0,113,,6026,23,,,0,117,,6004,23,,,0,173,,6006,23,,,0,30,,6007,23,,,0,12,,6024,23,,,0,70,,6028,23,,,0,30,,6025,23,,,0,70,,6027,23,,,0,15,,6012,23,,,0,100,,6014,23,,,0
900,'5221',935,,5965,23,,,0
900,'5425',734,,5960,23,,,0,70,,5962,23,,,0,31,,5961,23,,,0,70,,5963,23,,,0,101,,5964,23,,,0,30,,5966,23,,,0,70,,5968,23,,,0,30,,5969,23,,,0,71,,5967,23,,,0,30,,5970,23,,,0,71,,5971,23,,,0,30,,5974,23,,,0,70,,5973,23,,,0,30,,5975,23,,,0,70,,5972,23,,,0,31,,5986,23,,,0,70,,5976,23,,,0,30,,5978,23,,,0,69,,5977,23,,,0,30,,5979,23,,,0,70,,5980,23,,,0,30,,5991,23,,,0,70,,5985,23,,,0,30,,5981,23,,,0,68,,5982,23,,,0,30,,5983,23,,,0,70,,5984,23,,,0,30,,5990,23,,,0,70,,5987,23,,,0,29,,5988,23,,,0,68,,5989,23,,,0,30,,5992,23,,,0,70,,5993,23,,,0
900,'5426',635,,5896,23,,,0,72,,5897,23,,,0,49,,5899,23,,,0,56,,5900,23,,,0,17,,5901,23,,,0,14,,5902,23,,,0,69,,5904,23,,,0,13,,5905,23,,,0,15,,5906,23,,,0,15,,5907,23,,,0,70,,5909,23,,,0,15,,5910,23,,,0,15,,5911,23,,,0,55,,5912,23,,,0,32,,5914,23,,,0,15,,5915,23,,,0,55,,5916,23,,,0,15,,5917,23,,,0,15,,5918,23,,,0,14,,5919,23,,,0,55,,5920,23,,,0,16,,5921,23,,,0,15,,5922,23,,,0,15,,5923,23,,,0,55,,5924,23,,,0,15,,5925,23,,,0,14,,5926,23,,,0,72,,5928,23,,,0,15,,5929,23,,,0,17,,5930,23,,,0,55,,5931,23,,,0,16,,5932,23,,,0,14,,5933,23,,,0,15,,5934,23,,,0,57,,5935,23,,,0,15,,5936,23,,,0,14,,5937,23,,,0,13,,5938,23,,,0,14,,5939,23,,,0,55,,5940,23,,,0,13,,5941,23,,,0,12,,5942,23,,,0,15,,5943,23,,,0,55,,5944,23,,,0,15,,5945,23,,,0,14,,5946,23,,,0,15,,5947,23,,,0,56,,5948,23,,,0,14,,5949,23,,,0,15,,5950,23,,,0,20,,5951,23,,,0,60,,5952,23,,,0,34,,5953,23,,,0,70,,5954,23,,,0,24,,5955,23,,,0,73,,5956,23,,,0,25,,5957,23,,,0,71,,5958,23,,,0,25,,5959,23,,,0,70,,5895,23,,,0
900,'5427',635,,7544,23,,,0,72,,7545,23,,,0,49,,7546,23,,,0,56,,7547,23,,,0,17,,7548,23,,,0,14,,7549,23,,,0,69,,7550,23,,,0,13,,7551,23,,,0,15,,7552,23,,,0,15,,7553,23,,,0,70,,7554,23,,,0,15,,7555,23,,,0,15,,7556,23,,,0,55,,7557,23,,,0,32,,7558,23,,,0,15,,7559,23,,,0,55,,7560,23,,,0,15,,7561,23,,,0,15,,7562,23,,,0,14,,7563,23,,,0,55,,7564,23,,,0,16,,7565,23,,,0,15,,7566,23,,,0,15,,7567,23,,,0,55,,7568,23,,,0,15,,7569,23,,,0,14,,7570,23,,,0,72,,7571,23,,,0,15,,7572,23,,,0,17,,7573,23,,,0,55,,7574,23,,,0,16,,7575,23,,,0,14,,7576,23,,,0,15,,7577,23,,,0,57,,7578,23,,,0,15,,7579,23,,,0,14,,7580,23,,,0,13,,7581,23,,,0,14,,7582,23,,,0,55,,7583,23,,,0,13,,7584,23,,,0,12,,7585,23,,,0,15,,7586,23,,,0,55,,7587,23,,,0,15,,7588,23,,,0,14,,7589,23,,,0,15,,7590,23,,,0,56,,7591,23,,,0,14,,7592,23,,,0,15,,7593,23,,,0,20,,7594,23,,,0,60,,7595,23,,,0,34,,7596,23,,,0,70,,7597,23,,,0,24,,7598,23,,,0,73,,7599,23,,,0,25,,7600,23,,,0,71,,7601,23,,,0,25,,7602,23,,,0,70,,7543,23,,,0
900,'5428',633,,7630,23,,,0,103,,7624,23,,,0,101,,7604,23,,,0,70,,7605,23,,,0,32,,7603,23,,,0,101,,7608,23,,,0,69,,7606,23,,,0,30,,7609,23,,,0,15,,7627,23,,,0,55,,7607,23,,,0,103,,7611,23,,,0,30,,7610,23,,,0,169,,7613,23,,,0,30,,7614,23,,,0,70,,7612,23,,,0,45,,7628,23,,,0,55,,7616,23,,,0,15,,7626,23,,,0,85,,7615,23,,,0,35,,7618,23,,,0,79,,7622,23,,,0,30,,7619,23,,,0,100,,7620,23,,,0,100,,7617,23,,,0,99,,7621,23,,,0,102,,7623,23,,,0,102,,7625,23,,,0,143,,7629,23,,,0
900,'5429',734,,7631,23,,,0,70,,7633,23,,,0,31,,7632,23,,,0,70,,7634,23,,,0,101,,7635,23,,,0,30,,7636,23,,,0,70,,7638,23,,,0,30,,7639,23,,,0,71,,7637,23,,,0,30,,7640,23,,,0,71,,7641,23,,,0,30,,7644,23,,,0,70,,7643,23,,,0,30,,7645,23,,,0,70,,7642,23,,,0,31,,7656,23,,,0,70,,7646,23,,,0,30,,7648,23,,,0,69,,7647,23,,,0,30,,7649,23,,,0,70,,7650,23,,,0,30,,7661,23,,,0,70,,7655,23,,,0,30,,7651,23,,,0,68,,7652,23,,,0,30,,7653,23,,,0,70,,7654,23,,,0,30,,7660,23,,,0,70,,7657,23,,,0,29,,7658,23,,,0,68,,7659,23,,,0,30,,7662,23,,,0,70,,7663,23,,,0
