501,'5425',902,,5573,4,,,0,119,,5574,4,,,0,120,,5571,4,,,0,162,,5572,4,,,0,55,,5576,4,,,0,167,,5575,4,,,0,127,,5577,4,,,0,161,,5578,4,,,0
501,'5426',657,,5545,4,,,0,70,,5548,4,,,0,73,,5547,4,,,0,33,,5546,4,,,0,73,,5554,4,,,0,33,,5556,4,,,0,73,,5555,4,,,0,33,,5550,4,,,0,73,,5549,4,,,0,33,,5557,4,,,0,73,,5552,4,,,0,76,,5553,4,,,0,36,,5551,4,,,0,76,,5570,4,,,0,36,,5568,4,,,0,76,,5565,4,,,0,76,,5559,4,,,0,36,,5560,4,,,0,77,,5561,4,,,0,35,,5563,4,,,0,75,,5566,4,,,0,35,,5564,4,,,0,85,,5562,4,,,0,100,,5558,4,,,0,100,,5567,4,,,0,116,,5569,4,,,0
501,'5427',657,,7202,4,,,0,70,,7205,4,,,0,73,,7204,4,,,0,33,,7203,4,,,0,73,,7211,4,,,0,33,,7213,4,,,0,73,,7212,4,,,0,33,,7207,4,,,0,73,,7206,4,,,0,33,,7214,4,,,0,73,,7209,4,,,0,76,,7210,4,,,0,36,,7208,4,,,0,76,,7227,4,,,0,36,,7225,4,,,0,76,,7222,4,,,0,76,,7216,4,,,0,36,,7217,4,,,0,77,,7218,4,,,0,35,,7220,4,,,0,75,,7223,4,,,0,35,,7221,4,,,0,85,,7219,4,,,0,100,,7215,4,,,0,100,,7224,4,,,0,116,,7226,4,,,0
501,'5428',747,,7242,4,,,0,70,,7230,4,,,0,30,,7228,4,,,0,70,,7244,4,,,0,30,,7231,4,,,0,70,,7245,4,,,0,30,,7229,4,,,0,70,,7243,4,,,0,30,,7232,4,,,0,70,,7246,4,,,0,30,,7233,4,,,0,71,,7241,4,,,0,30,,7235,4,,,0,70,,7247,4,,,0,30,,7234,4,,,0,71,,7252,4,,,0,30,,7238,4,,,0,69,,7248,4,,,0,30,,7237,4,,,0,70,,7251,4,,,0,30,,7236,4,,,0,70,,7249,4,,,0,119,,7239,4,,,0,95,,7250,4,,,0,103,,7240,4,,,0,100,,7253,4,,,0
501,'5429',902,,7256,4,,,0,119,,7257,4,,,0,120,,7254,4,,,0,162,,7255,4,,,0,55,,7259,4,,,0,167,,7258,4,,,0,127,,7260,4,,,0,161,,7261,4,,,0
701,'5425',715,,5828,21,,,0,27,,5829,24,,,0,99,,5830,21,,,0,97,,5831,24,,,0,73,,5834,21,,,0,30,,5832,21,,,0,67,,5833,24,,,0,33,,5841,21,,,0,67,,5836,24,,,0,29,,5835,21,,,0,72,,5838,24,,,0,28,,5848,21,,,0,72,,5840,24,,,0,29,,5844,21,,,0,71,,5839,24,,,0,29,,5837,21,,,0,71,,5843,24,,,0,27,,5847,21,,,0,72,,5842,24,,,0,28,,5849,21,,,0,71,,5845,24,,,0,29,,5851,21,,,0,101,,5846,24,,,0,99,,5854,21,,,0,104,,5850,24,,,0,96,,5852,21,,,0,101,,5853,24,,,0
701,'5426',602,,5773,4,,,0,18,,5774,21,,,0,17,,5775,24,,,0,14,,5776,21,,,0,56,,5777,24,,,0,16,,5778,24,,,0,15,,5779,21,,,0,19,,5780,24,,,0,52,,5781,21,,,0,19,,5782,24,,,0,11,,5783,21,,,0,16,,5784,24,,,0,52,,5785,21,,,0,18,,5786,24,,,0,13,,5822,21,,,0,17,,5787,24,,,0,53,,5827,21,,,0,17,,5788,24,,,0,29,,5789,21,,,0,74,,5790,24,,,0,27,,5791,21,,,0,72,,5792,24,,,0,28,,5793,21,,,0,72,,5794,24,,,0,28,,5795,21,,,0,74,,5796,24,,,0,11,,5797,21,,,0,15,,5798,21,,,0,58,,5799,24,,,0,13,,5800,21,,,0,17,,5801,24,,,0,12,,5802,21,,,0,58,,5803,24,,,0,12,,5804,21,,,0,18,,5805,24,,,0,12,,5806,21,,,0,58,,5807,24,,,0,11,,5808,21,,,0,18,,5809,24,,,0,11,,5823,21,,,0,56,,5824,24,,,0,13,,5810,21,,,0,32,,5811,24,,,0,67,,5812,21,,,0,33,,5813,24,,,0,67,,5814,21,,,0,31,,5815,24,,,0,69,,5816,21,,,0,31,,5817,24,,,0,69,,5818,21,,,0,30,,5819,24,,,0,69,,5820,21,,,0,33,,5821,24,,,0,72,,5825,21,,,0,30,,5826,24,,,0
701,'5427',602,,7421,4,,,0,18,,7422,21,,,0,17,,7423,24,0,5,0,14,,7424,21,,,0,56,,7425,24,0,5,0,16,,7426,24,0,5,0,15,,7427,21,,,0,19,,7428,24,0,5,0,52,,7429,21,,,0,19,,7430,24,0,5,0,11,,7431,21,,,0,16,,7432,24,0,5,0,52,,7433,21,,,0,18,,7434,24,0,5,0,13,,7470,21,,,0,17,,7435,24,0,5,0,53,,7475,21,,,0,17,,7436,24,0,5,0,29,,7437,21,,,0,74,,7438,24,0,5,0,27,,7439,21,,,0,72,,7440,24,0,5,0,28,,7441,21,,,0,72,,7442,24,0,5,0,28,,7443,21,,,0,74,,7444,24,0,5,0,11,,7445,21,,,0,15,,7446,21,,,0,58,,7447,24,0,5,0,13,,7448,21,,,0,17,,7449,24,0,5,0,12,,7450,21,,,0,58,,7451,24,0,5,0,12,,7452,21,,,0,18,,7453,24,0,5,0,12,,7454,21,,,0,58,,7455,24,0,5,0,11,,7456,21,,,0,18,,7457,24,0,5,0,11,,7471,21,,,0,56,,7472,24,0,5,0,13,,7458,21,,,0,32,,7459,24,0,5,0,67,,7460,21,,,0,33,,7461,24,0,5,0,67,,7462,21,,,0,31,,7463,24,0,5,0,69,,7464,21,,,0,31,,7465,24,0,5,0,69,,7466,21,,,0,30,,7467,24,0,5,0,69,,7468,21,,,0,33,,7469,24,0,5,0,72,,7473,21,,,0,30,,7474,24,0,5,0
701,'5428',630,,7514,24,0,5,0,70,,7513,21,,,0,31,,7501,24,0,5,0,70,,7476,21,,,0,31,,7477,21,,,0,71,,7478,24,0,5,0,29,,7479,21,,,0,70,,7487,21,,,0,31,,7492,24,0,5,0,14,,7505,21,,,0,56,,7491,24,0,5,0,15,,7506,21,,,0,22,,7494,21,,,0,72,,7490,24,0,5,0,28,,7493,21,,,0,70,,7486,21,,,0,32,,7496,24,0,5,0,68,,7489,21,,,0,30,,7509,24,0,5,0,13,,7497,21,,,0,55,,7510,21,,,0,16,,7498,24,0,5,0,14,,7508,21,,,0,15,,7485,21,,,0,56,,7511,24,0,5,0,14,,7495,21,,,0,15,,7507,21,,,0,64,,7488,24,0,5,0,29,,7499,21,,,0,70,,7480,21,,,0,36,,7483,24,0,5,0,73,,7484,21,,,0,36,,7502,24,0,5,0,74,,7503,21,,,0,105,,7482,21,,,0,97,,7481,24,0,5,0,102,,7500,21,,,0,99,,7504,21,,,0,26,,7512,24,0,5,0,69,,7515,21,,,0
701,'5429',715,,7516,21,,,0,27,,7517,24,0,5,0,99,,7518,21,,,0,97,,7519,24,0,5,0,73,,7522,21,,,0,30,,7520,21,,,0,67,,7521,24,0,5,0,33,,7529,21,,,0,67,,7524,24,0,5,0,29,,7523,21,,,0,72,,7526,24,0,5,0,28,,7536,21,,,0,72,,7528,24,0,5,0,29,,7532,21,,,0,71,,7527,24,0,5,0,29,,7525,21,,,0,71,,7531,24,0,5,0,27,,7535,21,,,0,72,,7530,24,0,5,0,28,,7537,21,,,0,71,,7533,24,0,5,0,29,,7539,21,,,0,101,,7534,24,0,5,0,99,,7542,21,,,0,104,,7538,24,0,5,0,96,,7540,21,,,0,101,,7541,24,0,5,0
