1401,'4327',1057,,4247,10,,,0,265,,4250,10,,,0,495,,4253,10,,,0
1401,'4332',752,,4270,10,,,0,175,,4274,10,,,0,95,,4278,10,,,0,101,,4276,10,,,0,200,,4279,10,,,0,315,,4275,10,,,0,209,,4273,10,,,0,100,,4277,10,,,0
1401,'4480',722,,4254,10,,,0,315,,4255,10,,,0,517,,4265,10,,,0,79,,4264,10,,,0,75,,4266,10,,,0,39,,4267,10,,,0,105,,4260,10,,,0
1401,'5010',857,,4248,10,,,0,370,,4252,10,,,0,195,,4249,10,,,0,130,,4251,10,,,0
1401,'5196',857,,4686,10,,,0,370,,4689,10,,,0,195,,4687,10,,,0,130,,4688,10,,,0
1401,'5244',1223,,4691,10,,,0,205,,4690,10,,,0
1401,'5246',606,,4261,10,,,0,31,,4262,10,,,0,111,,4256,10,,,0,84,,4259,10,,,0,91,,4257,10,,,0,299,,4263,10,,,0,217,,4258,10,,,0,568,,4268,10,,,0,30,,4269,10,,,0
1401,'5247',606,,4696,10,,,0,31,,4697,10,,,0,111,,4692,10,,,0,84,,4695,10,,,0,91,,4693,10,,,0,299,,4698,10,,,0,217,,4694,10,,,0,568,,4699,10,,,0,30,,4700,10,,,0
8001,'4675',1506,,4547,24,,,0
8001,'5103',1506,,4546,24,,,0
8100,'4480',741,,4548,5,,,0
8101,'4675',1423,,4550,33,,,0
8101,'5103',1534,,4549,33,,,0
