1600,'4528',653,,6335,12,,,0,82,,6344,12,0,5,0,67,,6336,12,0,5,0,99,,6331,12,0,5,0,100,,6332,12,0,5,0,200,,6339,12,0,5,0
1600,'4532',1601,,6360,12,0,5,0,105,,6364,12,0,5,0
1600,'5425',903,,6345,12,0,5,0,100,,6348,12,0,5,0,100,,6346,12,0,5,0,100,,6347,12,0,5,0,102,,6349,12,0,5,0,100,,6352,12,0,5,0,99,,6355,12,0,5,0,100,,6353,12,0,5,0,105,,6350,12,0,5,0,99,,6351,12,0,5,0,99,,6354,12,0,5,0,100,,6356,12,0,5,0
1600,'5426',1101,,6333,12,0,5,0,200,,6334,12,0,5,0,102,,6330,12,0,5,0,101,,6337,12,0,5,0,112,,6338,12,0,5,0,101,,6341,12,0,5,0,95,,6343,12,0,5,0,98,,6342,12,0,5,0,100,,6340,12,0,5,0
1600,'5427',1101,,7837,12,0,5,0,200,,7838,12,0,5,0,102,,7836,12,0,5,0,101,,7839,12,0,5,0,112,,7840,12,0,5,0,101,,7842,12,0,5,0,95,,7844,12,0,5,0,98,,7843,12,0,5,0,100,,7841,12,0,5,0
1600,'5428',844,,7848,12,0,5,0,115,,7847,12,0,5,0,95,,7846,12,0,5,0,151,,7849,12,0,5,0,95,,7850,12,0,5,0,101,,7845,12,0,5,0,100,,7851,12,0,5,0,300,,7852,12,0,5,0,58,,7853,12,0,5,0,100,,7854,12,0,5,0
1600,'5429',903,,7855,12,0,5,0,100,,7858,12,0,5,0,100,,7856,12,0,5,0,100,,7857,12,0,5,0,102,,7859,12,0,5,0,100,,7862,12,0,5,0,99,,7865,12,0,5,0,100,,7863,12,0,5,0,105,,7860,12,0,5,0,99,,7861,12,0,5,0,99,,7864,12,0,5,0,100,,7866,12,0,5,0
1700,'4528',727,,6418,43,,,0
1700,'5425',916,,6426,43,,,0,100,,6427,43,,,0,102,,6428,24,,,0,96,,6429,42,,,0,200,,6431,24,,,0,208,,6430,12,,,0,102,,6432,24,,,0,112,,6433,24,,,0,85,,6434,12,,,0,130,,6435,12,,,0
1700,'5426',700,,6410,43,,,0,129,,6416,43,,,0,86,,6422,43,,,0,99,,6409,43,,,0,100,,6413,43,,,0,100,,6408,43,,,0,99,,6411,24,,,0,101,,6414,24,,,0,115,,6417,24,,,0,93,,6419,24,,,0,107,,6424,24,,,0,97,,6420,24,,,0,113,,6423,43,,,0,87,,6421,12,,,0,98,,6415,12,,,0,115,,6412,12,,,0,114,,6425,12,,,0
1700,'5427',700,,7900,43,,,0,129,,7906,43,,,0,86,,7911,43,,,0,99,,7899,43,,,0,100,,7903,43,,,0,100,,7898,43,,,0,99,,7901,24,,,0,101,,7904,24,,,0,115,,7907,24,,,0,93,,7908,24,,,0,107,,7913,24,,,0,97,,7909,24,,,0,113,,7912,43,,,0,87,,7910,12,,,0,98,,7905,12,,,0,115,,7902,12,,,0,114,,7914,12,,,0
1700,'5428',808,,7915,43,,,0,103,,7916,43,,,0,90,,7917,43,,,0,132,,7918,43,,,0,169,,7919,24,,,0,103,,7920,24,,,0,130,,7921,24,,,0,171,,7922,24,,,0,104,,7923,24,,,0,45,,7924,12,,,0,145,,7925,12,,,0,105,,7926,12,,,0,110,,7927,12,,,0,119,,7928,12,,,0
1700,'5429',916,,7929,43,,,0,100,,7930,43,,,0,102,,7931,24,,,0,96,,7932,42,,,0,200,,7934,24,,,0,208,,7933,12,,,0,102,,7935,24,,,0,112,,7936,24,,,0,85,,7937,12,,,0,130,,7938,12,,,0
