701,'5425',735,,5829,15,,,0,195,,5831,15,,,0,170,,5833,15,,,0,100,,5836,15,,,0,100,,5838,15,,,0,100,,5840,15,,,0,100,,5839,15,,,0,100,,5843,15,,,0,100,,5842,15,,,0,100,,5845,15,,,0,130,,5846,15,,,0,204,,5850,15,,,0,197,,5853,15,,,0
701,'5426',630,,5775,15,,,0,70,,5777,15,,,0,16,,5778,15,,,0,32,,5780,15,,,0,71,,5782,15,,,0,28,,5784,15,,,0,70,,5786,15,,,0,30,,5787,15,,,0,70,,5788,15,,,0,101,,5790,15,,,0,100,,5792,15,,,0,100,,5794,15,,,0,101,,5796,15,,,0,85,,5799,15,,,0,30,,5801,15,,,0,70,,5803,15,,,0,30,,5805,15,,,0,70,,5807,15,,,0,30,,5809,15,,,0,67,,5824,15,,,0,45,,5811,15,,,0,100,,5813,15,,,0,99,,5815,15,,,0,100,,5817,15,,,0,100,,5819,15,,,0,102,,5821,15,,,0,102,,5826,15,,,0
701,'5427',630,,7423,15,0,5,0,70,,7425,15,0,5,0,16,,7426,15,0,5,0,32,,7428,15,0,5,0,71,,7430,15,0,5,0,28,,7432,15,0,5,0,70,,7434,15,0,5,0,30,,7435,15,0,5,0,70,,7436,15,0,5,0,101,,7438,15,0,5,0,100,,7440,15,0,5,0,100,,7442,15,0,5,0,101,,7444,15,0,5,0,85,,7447,15,0,5,0,30,,7449,15,0,5,0,70,,7451,15,0,5,0,30,,7453,15,0,5,0,70,,7455,15,0,5,0,30,,7457,15,0,5,0,67,,7472,15,0,5,0,45,,7459,15,0,5,0,100,,7461,15,0,5,0,99,,7463,15,0,5,0,100,,7465,15,0,5,0,100,,7467,15,0,5,0,102,,7469,15,0,5,0,102,,7474,15,0,5,0
701,'5428',624,,7514,15,0,5,0,101,,7501,15,0,5,0,130,,7478,15,0,5,0,170,,7492,15,0,5,0,30,,7491,15,0,5,0,148,,7490,15,0,5,0,130,,7496,15,0,5,0,98,,7509,15,0,5,0,85,,7498,15,0,5,0,85,,7511,15,0,5,0,53,,7488,15,0,5,0,175,,7483,15,0,5,0,110,,7502,15,0,5,0,276,,7481,15,0,5,0,228,,7512,15,0,5,0
701,'5429',735,,7517,15,0,5,0,195,,7519,15,0,5,0,170,,7521,15,0,5,0,100,,7524,15,0,5,0,100,,7526,15,0,5,0,100,,7528,15,0,5,0,100,,7527,15,0,5,0,100,,7531,15,0,5,0,100,,7530,15,0,5,0,100,,7533,15,0,5,0,130,,7534,15,0,5,0,204,,7538,15,0,5,0,197,,7541,15,0,5,0
901,'4528',706,,6037,7,,,0,115,,6042,7,,,0,115,,6047,7,,,0,115,,6052,7,,,0,371,,6066,7,,,0
901,'4532',635,,6173,7,,,0,100,,6156,7,,,0,201,,6135,7,,,0,115,,6166,7,,,0,155,,6143,7,,,0,130,,6145,7,,,0,70,,6146,7,,,0,15,,6171,7,,,0,30,,6168,7,,,0,70,,6170,7,,,0,30,,6165,7,,,0,55,,6153,7,,,0,100,,6147,7,,,0
901,'5221',905,,6107,7,,,0
901,'5425',705,,6100,7,,,0,30,,6103,7,,,0,70,,6101,7,,,0,30,,6102,7,,,0,100,,6104,7,,,0,70,,6106,7,,,0,30,,6105,7,,,0,70,,6110,7,,,0,30,,6108,7,,,0,70,,6109,7,,,0,30,,6114,7,,,0,70,,6112,7,,,0,30,,6115,7,,,0,70,,6111,7,,,0,30,,6113,7,,,0,71,,6127,7,,,0,30,,6117,7,,,0,70,,6118,7,,,0,29,,6116,7,,,0,70,,6119,7,,,0,30,,6120,7,,,0,70,,6132,7,,,0,30,,6124,7,,,0,70,,6121,7,,,0,30,,6123,7,,,0,70,,6122,7,,,0,30,,6125,7,,,0,70,,6131,7,,,0,30,,6126,7,,,0,70,,6128,7,,,0,30,,6129,7,,,0,70,,6130,7,,,0,30,,6133,7,,,0
901,'5426',605,,6035,7,,,0,30,,6036,7,,,0,86,,6038,7,,,0,15,,6039,7,,,0,15,,6040,7,,,0,55,,6041,7,,,0,32,,6043,7,,,0,13,,6044,7,,,0,55,,6045,7,,,0,15,,6046,7,,,0,30,,6048,7,,,0,55,,6049,7,,,0,15,,6050,7,,,0,15,,6051,7,,,0,71,,6053,7,,,0,15,,6054,7,,,0,15,,6055,7,,,0,15,,6056,7,,,0,55,,6057,7,,,0,15,,6058,7,,,0,14,,6059,7,,,0,16,,6060,7,,,0,55,,6061,7,,,0,15,,6062,7,,,0,15,,6063,7,,,0,15,,6064,7,,,0,54,,6065,7,,,0,30,,6067,7,,,0,15,,6068,7,,,0,56,,6069,7,,,0,15,,6070,7,,,0,15,,6071,7,,,0,14,,6072,7,,,0,55,,6073,7,,,0,16,,6074,7,,,0,15,,6075,7,,,0,15,,6076,7,,,0,55,,6077,7,,,0,14,,6078,7,,,0,15,,6079,7,,,0,15,,6080,7,,,0,55,,6081,7,,,0,15,,6082,7,,,0,15,,6083,7,,,0,15,,6084,7,,,0,54,,6085,7,,,0,15,,6086,7,,,0,16,,6087,7,,,0,14,,6088,7,,,0,55,,6089,7,,,0,20,,6090,7,,,0,20,,6091,7,,,0,74,,6092,7,,,0,30,,6093,7,,,0,66,,6094,7,,,0,33,,6095,7,,,0,67,,6096,7,,,0,33,,6097,7,,,0,67,,6098,7,,,0,30,,6099,7,,,0
901,'5427',605,,7664,7,,,0,30,,7665,7,,,0,86,,7666,7,,,0,15,,7667,7,,,0,15,,7668,7,,,0,55,,7669,7,,,0,32,,7670,7,,,0,13,,7671,7,,,0,55,,7672,7,,,0,15,,7673,7,,,0,30,,7674,7,,,0,55,,7675,7,,,0,15,,7676,7,,,0,15,,7677,7,,,0,71,,7678,7,,,0,15,,7679,7,,,0,15,,7680,7,,,0,15,,7681,7,,,0,55,,7682,7,,,0,15,,7683,7,,,0,14,,7684,7,,,0,16,,7685,7,,,0,55,,7686,7,,,0,15,,7687,7,,,0,15,,7688,7,,,0,15,,7689,7,,,0,54,,7690,7,,,0,30,,7691,7,,,0,15,,7692,7,,,0,56,,7693,7,,,0,15,,7694,7,,,0,15,,7695,7,,,0,14,,7696,7,,,0,55,,7697,7,,,0,16,,7698,7,,,0,15,,7699,7,,,0,15,,7700,7,,,0,55,,7701,7,,,0,14,,7702,7,,,0,15,,7703,7,,,0,15,,7704,7,,,0,55,,7705,7,,,0,15,,7706,7,,,0,15,,7707,7,,,0,15,,7708,7,,,0,54,,7709,7,,,0,15,,7710,7,,,0,16,,7711,7,,,0,14,,7712,7,,,0,55,,7713,7,,,0,20,,7714,7,,,0,20,,7715,7,,,0,74,,7716,7,,,0,30,,7717,7,,,0,66,,7718,7,,,0,33,,7719,7,,,0,67,,7720,7,,,0,33,,7721,7,,,0,67,,7722,7,,,0,30,,7723,7,,,0
901,'5428',605,,7750,7,,,0,100,,7743,7,,,0,100,,7724,7,,,0,30,,7727,7,,,0,71,,7725,7,,,0,100,,7726,7,,,0,30,,7728,7,,,0,70,,7729,7,,,0,15,,7747,7,,,0,15,,7731,7,,,0,100,,7732,7,,,0,70,,7730,7,,,0,130,,7733,7,,,0,70,,7735,7,,,0,30,,7737,7,,,0,85,,7748,7,,,0,15,,7734,7,,,0,15,,7749,7,,,0,85,,7736,7,,,0,75,,7738,7,,,0,40,,7745,7,,,0,70,,7740,7,,,0,100,,7741,7,,,0,100,,7742,7,,,0,100,,7739,7,,,0,105,,7744,7,,,0,104,,7746,7,,,0,105,,7751,7,,,0
901,'5429',705,,7752,7,,,0,30,,7755,7,,,0,70,,7753,7,,,0,30,,7754,7,,,0,100,,7756,7,,,0,70,,7758,7,,,0,30,,7757,7,,,0,70,,7761,7,,,0,30,,7759,7,,,0,70,,7760,7,,,0,30,,7765,7,,,0,70,,7763,7,,,0,30,,7766,7,,,0,70,,7762,7,,,0,30,,7764,7,,,0,71,,7778,7,,,0,30,,7768,7,,,0,70,,7769,7,,,0,29,,7767,7,,,0,70,,7770,7,,,0,30,,7771,7,,,0,70,,7783,7,,,0,30,,7775,7,,,0,70,,7772,7,,,0,30,,7774,7,,,0,70,,7773,7,,,0,30,,7776,7,,,0,70,,7782,7,,,0,30,,7777,7,,,0,70,,7779,7,,,0,30,,7780,7,,,0,70,,7781,7,,,0,30,,7784,7,,,0
1600,'4528',708,,6335,30,,,0
