300,'4327',800,,3100,8,,,0,53,,3102,8,,,0,100,,3101,8,,,0,101,,3107,8,,,0,103,,3103,8,,,0,100,,3109,8,,,0,100,,3104,8,,,0,100,,3105,8,,,0,100,,3110,8,,,0,100,,3106,8,,,0,98,,3112,8,,,0,98,,3108,8,,,0,106,,3111,8,,,0,99,,3113,8,,,0,100,,3114,8,0,17 18 19,0
300,'4795',625,,426,8,,,0,22,,413,8,,,0,60,,406,8,,,0,9,,2351,8,,,0,15,,401,8,,,0,18,,429,8,,,0,58,,415,8,,,0,16,,418,8,,,0,19,,419,8,,,0,59,,411,8,,,0,30,,412,8,,,0,70,,414,8,,,0,31,,436,8,,,0,70,,421,8,,,0,30,,409,8,,,0,71,,423,8,,,0,30,,435,8,,,0,70,,397,8,,,0,31,,420,8,,,0,70,,398,8,,,0,33,,430,8,,,0,15,,408,8,,,0,55,,416,8,,,0,10,,1940,8,,,0,5,,439,8,,,0,15,,400,8,,,0,13,,399,8,,,0,55,,427,8,,,0,15,,403,8,,,0,15,,405,8,,,0,15,,434,8,,,0,54,,417,8,,,0,14,,396,8,,,0,14,,402,8,,,0,15,,425,8,,,0,55,,404,8,,,0,29,,433,8,,,0,69,,424,8,,,0,30,,438,8,,,0,70,,422,8,,,0,59,,1939,8,,,0,99,,428,8,,,0,100,,431,8,,,0,96,,395,8,0,17 18 19,0
300,'4800',715,,441,8,,,0,30,,2367,8,,,0,76,,442,8,,,0,36,,445,8,,,0,70,,446,8,,,0,31,,444,8,,,0,70,,443,8,,,0,30,,2368,8,,,0,70,,448,8,,,0,30,,450,8,,,0,71,,449,8,,,0,30,,453,8,,,0,70,,454,8,,,0,30,,2369,8,,,0,70,,456,8,,,0,71,,457,8,,,0,30,,455,8,,,0,70,,459,8,,,0,30,,451,8,,,0,70,,460,8,,,0,30,,458,8,,,0,70,,462,8,,,0,35,,463,8,,,0,24,,464,8,,,0,85,,2370,8,,,0,105,,467,8,,,0,105,,468,8,,,0,103,,461,8,,,0,99,,466,8,,,0
300,'5102',625,,3146,8,,,0,22,,3133,8,,,0,60,,3126,8,,,0,9,,3127,8,,,0,15,,3121,8,,,0,18,,3149,8,,,0,58,,3135,8,,,0,16,,3138,8,,,0,19,,3139,8,,,0,59,,3131,8,,,0,30,,3132,8,,,0,70,,3134,8,,,0,31,,3156,8,,,0,70,,3141,8,,,0,30,,3129,8,,,0,71,,3143,8,,,0,30,,3155,8,,,0,70,,3117,8,,,0,31,,3140,8,,,0,70,,3118,8,,,0,33,,3150,8,,,0,15,,3128,8,,,0,55,,3136,8,,,0,10,,3157,8,,,0,5,,3159,8,,,0,15,,3120,8,,,0,13,,3119,8,,,0,55,,3147,8,,,0,15,,3123,8,,,0,15,,3125,8,,,0,15,,3154,8,,,0,54,,3137,8,,,0,14,,3116,8,,,0,14,,3122,8,,,0,15,,3145,8,,,0,55,,3124,8,,,0,29,,3153,8,,,0,69,,3144,8,,,0,30,,3158,8,,,0,70,,3142,8,,,0,59,,3152,8,,,0,99,,3148,8,,,0,100,,3151,8,,,0,96,,3115,8,0,17 18 19,0
300,'5105',715,,3161,8,,,0,30,,3160,8,,,0,76,,3162,8,,,0,36,,3165,8,,,0,70,,3166,8,,,0,31,,3164,8,,,0,70,,3163,8,,,0,30,,3167,8,,,0,70,,3168,8,,,0,30,,3170,8,,,0,71,,3169,8,,,0,30,,3173,8,,,0,70,,3174,8,,,0,30,,3172,8,,,0,70,,3176,8,,,0,71,,3177,8,,,0,30,,3175,8,,,0,70,,3179,8,,,0,30,,3171,8,,,0,70,,3180,8,,,0,30,,3178,8,,,0,70,,3182,8,,,0,35,,3183,8,,,0,24,,3184,8,,,0,85,,3185,8,,,0,105,,3187,8,,,0,105,,3188,8,,,0,103,,3181,8,,,0,99,,3186,8,,,0
1400,'4795',817,,1517,41,0,7 8 2 9 2 10,0
1400,'5102',817,,4223,41,0,7 8 2 9 2 10,0
8100,'4795',812,,1842,51,,,0
8100,'5102',812,,4548,51,,,0
8101,'5095',1522,,1843,13,,,0
8101,'5097',1411,,1844,13,,,0
8101,'5103',1522,,4549,13,,,0
8101,'5104',1411,,4550,13,,,0
