701,'5425',736,,5829,16,,,0,195,,5831,16,,,0,170,,5833,16,,,0,100,,5836,16,,,0,100,,5838,16,,,0,100,,5840,16,,,0,100,,5839,16,,,0,100,,5843,16,,,0,100,,5842,16,,,0,100,,5845,16,,,0,130,,5846,16,,,0,203,,5850,16,,,0,198,,5853,16,,,0
701,'5426',631,,5775,16,,,0,70,,5777,16,,,0,16,,5778,16,,,0,32,,5780,16,,,0,71,,5782,16,,,0,28,,5784,16,,,0,70,,5786,16,,,0,30,,5787,16,,,0,70,,5788,16,,,0,101,,5790,16,,,0,100,,5792,16,,,0,100,,5794,16,,,0,101,,5796,16,,,0,85,,5799,16,,,0,30,,5801,16,,,0,70,,5803,16,,,0,30,,5805,16,,,0,70,,5807,16,,,0,30,,5809,16,,,0,67,,5824,16,,,0,45,,5811,16,,,0,100,,5813,16,,,0,99,,5815,16,,,0,100,,5817,16,,,0,99,,5819,16,,,0,103,,5821,16,,,0,102,,5826,16,,,0
701,'5427',631,,7423,16,0,5,0,70,,7425,16,0,5,0,16,,7426,16,0,5,0,32,,7428,16,0,5,0,71,,7430,16,0,5,0,28,,7432,16,0,5,0,70,,7434,16,0,5,0,30,,7435,16,0,5,0,70,,7436,16,0,5,0,101,,7438,16,0,5,0,100,,7440,16,0,5,0,100,,7442,16,0,5,0,101,,7444,16,0,5,0,85,,7447,16,0,5,0,30,,7449,16,0,5,0,70,,7451,16,0,5,0,30,,7453,16,0,5,0,70,,7455,16,0,5,0,30,,7457,16,0,5,0,67,,7472,16,0,5,0,45,,7459,16,0,5,0,100,,7461,16,0,5,0,99,,7463,16,0,5,0,100,,7465,16,0,5,0,99,,7467,16,0,5,0,103,,7469,16,0,5,0,102,,7474,16,0,5,0
701,'5428',624,,7514,16,0,5,0,101,,7501,16,0,5,0,131,,7478,16,0,5,0,170,,7492,16,0,5,0,30,,7491,16,0,5,0,148,,7490,16,0,5,0,130,,7496,16,0,5,0,98,,7509,16,0,5,0,85,,7498,16,0,5,0,85,,7511,16,0,5,0,53,,7488,16,0,5,0,175,,7483,16,0,5,0,110,,7502,16,0,5,0,276,,7481,16,0,5,0,228,,7512,16,0,5,0
701,'5429',736,,7517,16,0,5,0,195,,7519,16,0,5,0,170,,7521,16,0,5,0,100,,7524,16,0,5,0,100,,7526,16,0,5,0,100,,7528,16,0,5,0,100,,7527,16,0,5,0,100,,7531,16,0,5,0,100,,7530,16,0,5,0,100,,7533,16,0,5,0,130,,7534,16,0,5,0,203,,7538,16,0,5,0,198,,7541,16,0,5,0
901,'4528',707,,6037,8,,,0,115,,6042,8,,,0,115,,6047,8,,,0,115,,6052,8,,,0,371,,6066,8,,,0
901,'4532',636,,6173,8,,,0,100,,6156,8,,,0,201,,6135,8,,,0,115,,6166,8,,,0,155,,6143,8,,,0,130,,6145,8,,,0,70,,6146,8,,,0,15,,6171,8,,,0,30,,6168,8,,,0,70,,6170,8,,,0,30,,6165,8,,,0,55,,6153,8,,,0,100,,6147,8,,,0
901,'5221',906,,6107,8,,,0
901,'5425',706,,6100,8,,,0,30,,6103,8,,,0,70,,6101,8,,,0,30,,6102,8,,,0,100,,6104,8,,,0,70,,6106,8,,,0,30,,6105,8,,,0,70,,6110,8,,,0,30,,6108,8,,,0,70,,6109,8,,,0,30,,6114,8,,,0,70,,6112,8,,,0,30,,6115,8,,,0,70,,6111,8,,,0,30,,6113,8,,,0,71,,6127,8,,,0,30,,6117,8,,,0,70,,6118,8,,,0,29,,6116,8,,,0,70,,6119,8,,,0,30,,6120,8,,,0,70,,6132,8,,,0,30,,6124,8,,,0,70,,6121,8,,,0,30,,6123,8,,,0,70,,6122,8,,,0,30,,6125,8,,,0,70,,6131,8,,,0,30,,6126,8,,,0,70,,6128,8,,,0,30,,6129,8,,,0,70,,6130,8,,,0,30,,6133,8,,,0
901,'5426',606,,6035,8,,,0,30,,6036,8,,,0,86,,6038,8,,,0,15,,6039,8,,,0,15,,6040,8,,,0,55,,6041,8,,,0,32,,6043,8,,,0,13,,6044,8,,,0,55,,6045,8,,,0,15,,6046,8,,,0,30,,6048,8,,,0,55,,6049,8,,,0,15,,6050,8,,,0,15,,6051,8,,,0,71,,6053,8,,,0,15,,6054,8,,,0,15,,6055,8,,,0,15,,6056,8,,,0,55,,6057,8,,,0,15,,6058,8,,,0,14,,6059,8,,,0,16,,6060,8,,,0,55,,6061,8,,,0,15,,6062,8,,,0,15,,6063,8,,,0,15,,6064,8,,,0,54,,6065,8,,,0,30,,6067,8,,,0,15,,6068,8,,,0,56,,6069,8,,,0,15,,6070,8,,,0,15,,6071,8,,,0,14,,6072,8,,,0,55,,6073,8,,,0,16,,6074,8,,,0,15,,6075,8,,,0,15,,6076,8,,,0,55,,6077,8,,,0,14,,6078,8,,,0,15,,6079,8,,,0,15,,6080,8,,,0,55,,6081,8,,,0,15,,6082,8,,,0,15,,6083,8,,,0,15,,6084,8,,,0,54,,6085,8,,,0,15,,6086,8,,,0,16,,6087,8,,,0,14,,6088,8,,,0,55,,6089,8,,,0,20,,6090,8,,,0,20,,6091,8,,,0,74,,6092,8,,,0,30,,6093,8,,,0,66,,6094,8,,,0,33,,6095,8,,,0,67,,6096,8,,,0,33,,6097,8,,,0,67,,6098,8,,,0,30,,6099,8,,,0
901,'5427',606,,7664,8,,,0,30,,7665,8,,,0,86,,7666,8,,,0,15,,7667,8,,,0,15,,7668,8,,,0,55,,7669,8,,,0,32,,7670,8,,,0,13,,7671,8,,,0,55,,7672,8,,,0,15,,7673,8,,,0,30,,7674,8,,,0,55,,7675,8,,,0,15,,7676,8,,,0,15,,7677,8,,,0,71,,7678,8,,,0,15,,7679,8,,,0,15,,7680,8,,,0,15,,7681,8,,,0,55,,7682,8,,,0,15,,7683,8,,,0,14,,7684,8,,,0,16,,7685,8,,,0,55,,7686,8,,,0,15,,7687,8,,,0,15,,7688,8,,,0,15,,7689,8,,,0,54,,7690,8,,,0,30,,7691,8,,,0,15,,7692,8,,,0,56,,7693,8,,,0,15,,7694,8,,,0,15,,7695,8,,,0,14,,7696,8,,,0,55,,7697,8,,,0,16,,7698,8,,,0,15,,7699,8,,,0,15,,7700,8,,,0,55,,7701,8,,,0,14,,7702,8,,,0,15,,7703,8,,,0,15,,7704,8,,,0,55,,7705,8,,,0,15,,7706,8,,,0,15,,7707,8,,,0,15,,7708,8,,,0,54,,7709,8,,,0,15,,7710,8,,,0,16,,7711,8,,,0,14,,7712,8,,,0,55,,7713,8,,,0,20,,7714,8,,,0,20,,7715,8,,,0,74,,7716,8,,,0,30,,7717,8,,,0,66,,7718,8,,,0,33,,7719,8,,,0,67,,7720,8,,,0,33,,7721,8,,,0,67,,7722,8,,,0,30,,7723,8,,,0
901,'5428',606,,7750,8,,,0,100,,7743,8,,,0,100,,7724,8,,,0,30,,7727,8,,,0,71,,7725,8,,,0,100,,7726,8,,,0,30,,7728,8,,,0,70,,7729,8,,,0,15,,7747,8,,,0,15,,7731,8,,,0,100,,7732,8,,,0,70,,7730,8,,,0,130,,7733,8,,,0,70,,7735,8,,,0,30,,7737,8,,,0,85,,7748,8,,,0,15,,7734,8,,,0,15,,7749,8,,,0,85,,7736,8,,,0,75,,7738,8,,,0,40,,7745,8,,,0,70,,7740,8,,,0,100,,7741,8,,,0,100,,7742,8,,,0,100,,7739,8,,,0,105,,7744,8,,,0,104,,7746,8,,,0,105,,7751,8,,,0
901,'5429',706,,7752,8,,,0,30,,7755,8,,,0,70,,7753,8,,,0,30,,7754,8,,,0,100,,7756,8,,,0,70,,7758,8,,,0,30,,7757,8,,,0,70,,7761,8,,,0,30,,7759,8,,,0,70,,7760,8,,,0,30,,7765,8,,,0,70,,7763,8,,,0,30,,7766,8,,,0,70,,7762,8,,,0,30,,7764,8,,,0,71,,7778,8,,,0,30,,7768,8,,,0,70,,7769,8,,,0,29,,7767,8,,,0,70,,7770,8,,,0,30,,7771,8,,,0,70,,7783,8,,,0,30,,7775,8,,,0,70,,7772,8,,,0,30,,7774,8,,,0,70,,7773,8,,,0,30,,7776,8,,,0,70,,7782,8,,,0,30,,7777,8,,,0,70,,7779,8,,,0,30,,7780,8,,,0,70,,7781,8,,,0,30,,7784,8,,,0
1600,'4528',708,,6335,31,,,0
