701,'4783',1134,,1031,29,,,0,398,,1041,26,,,0,468,,1054,29,,,0
701,'4795',607,,1013,9,,,0,18,,1014,26,,,0,17,,1015,29,,,0,14,,1016,26,,,0,56,,1017,29,,,0,6,,1018,26,,,0,10,,1019,29,,,0,16,,1020,26,,,0,59,,1021,29,,,0,12,,1022,26,,,0,19,,1023,29,,,0,11,,1024,26,,,0,56,,1025,29,,,0,12,,1026,26,,,0,18,,1027,29,,,0,13,,1063,26,,,0,57,,1028,29,,,0,13,,1068,26,,,0,17,,1029,29,,,0,69,,1030,26,,,0,101,,1032,26,,,0,32,,1033,29,,,0,68,,1034,26,,,0,32,,1035,29,,,0,68,,1036,26,,,0,34,,1037,29,,,0,11,,1038,26,,,0,55,,1039,26,,,0,18,,1040,29,,,0,30,,1042,29,,,0,52,,1043,26,,,0,18,,1044,29,,,0,12,,1045,26,,,0,18,,1046,29,,,0,52,,1047,26,,,0,18,,1048,29,,,0,11,,1049,26,,,0,18,,1050,29,,,0,11,,1064,26,,,0,56,,2050,29,,,0,13,,1051,26,,,0,72,,1052,29,,,0,27,,2048,26,,,0,100,,1055,26,,,0,31,,1056,29,,,0,69,,1057,26,,,0,30,,2049,29,,,0,69,,1059,26,,,0,30,,1060,29,,,0,68,,1061,26,,,0,33,,1062,29,,,0,72,,1066,26,,,0,30,,1067,29,,,0
701,'4800',636,,1107,29,,,0,70,,1106,26,,,0,31,,1094,29,,,0,70,,1070,26,,,0,31,,1069,26,,,0,71,,1071,29,,,0,29,,1072,26,,,0,70,,1080,26,,,0,31,,1085,29,,,0,14,,1098,26,,,0,56,,1084,29,,,0,15,,1099,26,,,0,22,,1087,26,,,0,72,,1083,29,,,0,28,,1086,26,,,0,70,,1079,26,,,0,32,,1089,29,,,0,68,,1082,26,,,0,30,,1102,29,,,0,68,,1103,26,,,0,16,,1091,29,,,0,14,,1101,26,,,0,15,,1078,26,,,0,70,,1088,26,,,0,15,,1100,26,,,0,64,,1081,29,,,0,29,,1092,26,,,0,70,,1073,26,,,0,36,,1076,29,,,0,73,,1077,26,,,0,36,,1095,29,,,0,74,,1096,26,,,0,105,,1075,26,,,0,97,,1074,29,,,0,101,,1093,26,,,0,98,,1097,26,,,0,26,,1105,29,,,0,69,,1108,26,,,0
701,'5125',1134,,2501,29,,,0,398,,2502,26,,,0,468,,2503,29,,,0
701,'5127',721,,2504,26,,,0,27,,2505,29,,,0,99,,2506,26,,,0,97,,2507,29,,,0,73,,2510,26,,,0,30,,2508,26,,,0,67,,2509,29,,,0,33,,2517,26,,,0,67,,2512,29,,,0,29,,2511,26,,,0,72,,2514,29,,,0,28,,2524,26,,,0,72,,2516,29,,,0,29,,2520,26,,,0,71,,2515,29,,,0,29,,2513,26,,,0,71,,2519,29,,,0,27,,2523,26,,,0,72,,2518,29,,,0,27,,2525,26,,,0,71,,2521,29,,,0,29,,2527,26,,,0,101,,2522,29,,,0,99,,2530,26,,,0,104,,2526,29,,,0,96,,2528,26,,,0,101,,2529,29,,,0
701,'5128',1459,,2531,26,,,0,156,,2532,29,,,0
7300,'4795',736,,1828,2,,,0
7301,'4795',1523,,1829,16,,,0
7900,'4783',741,,1837,2,0,6,0
7900,'5125',741,,2718,2,0,6,0
