101,'4528',606,,4930,8,,,0,31,,4931,8,,,0,70,,4932,8,,,0,30,,4934,8,,,0,15,,4933,8,,,0,55,,4936,8,,,0,100,,4976,8,,,0,41,,4980,8,,,0,260,,4942,8,,,0,30,,4944,8,,,0,190,,4948,8,,,0,110,,4952,8,,,0,15,,4950,8,,,0,155,,4953,8,,,0,45,,4958,8,,,0,159,,4979,8,,,0,100,,4962,8,,,0,100,,4964,8,,,0,100,,4967,8,,,0,100,,4968,8,,,0
101,'4532',912,,5016,8,,,0,100,,5018,8,,,0,100,,5020,8,,,0,100,,5022,8,,,0,100,,5024,8,,,0
101,'5221',706,,4981,8,,,0,100,,4985,8,,,0,200,,4986,8,,,0,101,,4987,8,,,0,100,,4990,8,,,0,330,,4996,8,,,0,100,,5009,8,,,0,100,,5011,8,,,0
101,'5425',736,,4982,8,,,0,100,,4984,8,,,0,70,,4983,8,,,0,30,,4989,8,,,0,100,,4988,8,,,0,101,,5000,8,,,0,100,,4991,8,,,0,70,,4992,8,,,0,30,,4993,8,,,0,70,,4994,8,,,0,30,,4999,8,,,0,70,,4995,8,,,0,100,,4998,8,,,0,100,,4997,8,,,0,105,,5002,8,,,0,25,,5001,8,,,0,70,,5003,8,,,0,30,,5012,8,,,0,70,,5007,8,,,0,30,,5004,8,,,0,70,,5006,8,,,0,30,,5005,8,,,0,70,,5008,8,,,0,30,,5013,8,,,0,78,,5010,8,,,0,22,,5014,8,,,0
101,'5426',722,,4938,8,,,0,100,,4935,8,,,0,15,,4937,8,,,0,15,,4939,8,,,0,75,,4940,8,,,0,81,,4974,8,,,0,30,,4943,8,,,0,70,,4973,8,,,0,30,,4941,8,,,0,170,,4946,8,,,0,30,,4947,8,,,0,70,,4972,8,,,0,40,,4975,8,,,0,60,,4945,8,,,0,15,,4951,8,,,0,85,,4977,8,,,0,15,,4949,8,,,0,15,,4954,8,,,0,15,,4955,8,,,0,70,,4957,8,,,0,15,,4978,8,,,0,70,,4956,8,,,0,20,,4959,8,,,0,19,,4960,8,,,0,95,,4961,8,,,0,100,,4963,8,,,0,100,,4965,8,,,0,100,,4966,8,,,0,100,,4969,8,,,0,69,,4970,8,,,0,30,,4971,8,,,0
101,'5427',722,,6676,8,,,0,100,,6674,8,,,0,15,,6675,8,,,0,15,,6677,8,,,0,75,,6678,8,,,0,81,,6701,8,,,0,30,,6680,8,,,0,70,,6700,8,,,0,30,,6679,8,,,0,170,,6682,8,,,0,30,,6683,8,,,0,70,,6699,8,,,0,40,,6702,8,,,0,60,,6681,8,,,0,15,,6685,8,,,0,85,,6703,8,,,0,15,,6684,8,,,0,15,,6686,8,,,0,15,,6687,8,,,0,70,,6689,8,,,0,15,,6704,8,,,0,70,,6688,8,,,0,20,,6690,8,,,0,19,,6691,8,,,0,95,,6692,8,,,0,100,,6693,8,,,0,100,,6694,8,,,0,100,,6695,8,,,0,100,,6696,8,,,0,69,,6697,8,,,0,30,,6698,8,,,0
101,'5428',626,,6728,8,,,0,30,,6729,8,,,0,70,,6726,8,,,0,25,,6731,8,,,0,60,,6725,8,,,0,15,,6732,8,,,0,16,,6705,8,,,0,15,,6733,8,,,0,85,,6706,8,,,0,100,,6707,8,,,0,100,,6708,8,,,0,100,,6709,8,,,0,100,,6710,8,,,0,70,,6711,8,,,0,30,,6712,8,,,0,70,,6713,8,,,0,30,,6715,8,,,0,15,,6734,8,,,0,55,,6716,8,,,0,15,,6735,8,,,0,15,,6717,8,,,0,15,,6736,8,,,0,55,,6718,8,,,0,15,,6737,8,,,0,15,,6719,8,,,0,15,,6738,8,,,0,55,,6720,8,,,0,30,,6714,8,,,0,85,,6721,8,,,0,100,,6722,8,,,0,105,,6723,8,,,0,105,,6724,8,,,0,105,,6727,8,,,0,100,,6730,8,,,0
101,'5429',736,,6739,8,,,0,100,,6741,8,,,0,70,,6740,8,,,0,30,,6743,8,,,0,100,,6742,8,,,0,101,,6752,8,,,0,100,,6744,8,,,0,70,,6745,8,,,0,30,,6746,8,,,0,70,,6747,8,,,0,30,,6751,8,,,0,70,,6748,8,,,0,100,,6750,8,,,0,100,,6749,8,,,0,105,,6754,8,,,0,25,,6753,8,,,0,70,,6755,8,,,0,30,,6762,8,,,0,70,,6759,8,,,0,30,,6756,8,,,0,70,,6758,8,,,0,30,,6757,8,,,0,70,,6760,8,,,0,30,,6763,8,,,0,78,,6761,8,,,0,22,,6764,8,,,0
201,'4528',751,,5135,8,,,0,155,,5140,8,,,0,100,,5137,8,,,0,100,,5143,8,,,0,101,,5145,8,,,0,100,,5147,8,,,0,99,,5148,8,,,0,101,,5151,8,,,0,111,,5120,8,,,0,99,,5122,8,,,0
201,'4532',840,,5164,8,,,0
201,'5425',826,,5152,8,,,0,110,,5153,8,,,0,100,,5154,8,,,0,100,,5156,8,,,0,105,,5155,8,,,0,95,,5158,8,,,0,100,,5157,8,,,0,100,,5161,8,,,0,105,,5163,8,,,0,100,,5162,8,,,0,166,,5159,8,,,0,100,,5160,8,,,0
201,'5426',736,,5136,8,,,0,70,,5138,8,,,0,30,,5134,8,,,0,100,,5141,8,,,0,100,,5142,8,,,0,101,,5144,8,,,0,100,,5146,8,,,0,99,,5150,8,,,0,101,,5149,8,,,0,111,,5124,8,,,0,100,,5128,8,,,0,99,,5119,8,,,0,75,,5129,8,,,0,80,,5123,8,,,0,30,,5126,8,,,0,75,,5130,8,,,0,25,,5127,8,,,0,70,,5121,8,,,0,30,,5125,8,,,0
201,'5427',736,,6831,8,,,0,70,,6832,8,,,0,30,,6830,8,,,0,100,,6834,8,,,0,100,,6835,8,,,0,101,,6836,8,,,0,100,,6837,8,,,0,99,,6839,8,,,0,101,,6838,8,,,0,111,,6821,8,,,0,100,,6825,8,,,0,99,,6818,8,,,0,75,,6826,8,,,0,80,,6820,8,,,0,30,,6823,8,,,0,75,,6827,8,,,0,25,,6824,8,,,0,70,,6819,8,,,0,30,,6822,8,,,0
201,'5428',940,,6841,8,,,0,101,,6844,8,,,0,100,,6845,8,,,0,100,,6846,8,,,0,100,,6843,8,,,0,100,,6840,8,,,0,70,,6851,8,,,0,30,,6847,8,,,0,70,,6850,8,,,0,30,,6842,8,,,0,70,,6848,8,,,0,30,,6849,8,,,0,90,,6852,8,,,0,80,,6854,8,,,0,91,,6855,8,,,0,54,,6853,8,,,0,100,,6856,8,,,0
201,'5429',826,,6857,8,,,0,110,,6858,8,,,0,100,,6859,8,,,0,100,,6861,8,,,0,105,,6860,8,,,0,95,,6863,8,,,0,100,,6862,8,,,0,100,,6866,8,,,0,105,,6868,8,,,0,100,,6867,8,,,0,166,,6864,8,,,0,100,,6865,8,,,0
