300,'4327',801,,3100,9,,,0,53,,3102,9,,,0,100,,3101,9,,,0,101,,3107,9,,,0,103,,3103,9,,,0,100,,3109,9,,,0,100,,3104,9,,,0,100,,3105,9,,,0,100,,3110,9,,,0,100,,3106,9,,,0,98,,3112,9,,,0,98,,3108,9,,,0,146,,3111,9,,,0,59,,3113,9,,,0,100,,3114,9,0,17 18 19,0
300,'4795',625,,426,9,,,0,22,,413,9,,,0,60,,406,9,,,0,9,,2351,9,,,0,15,,401,9,,,0,18,,429,9,,,0,58,,415,9,,,0,16,,418,9,,,0,19,,419,9,,,0,59,,411,9,,,0,30,,412,9,,,0,70,,414,9,,,0,31,,436,9,,,0,70,,421,9,,,0,30,,409,9,,,0,71,,423,9,,,0,30,,435,9,,,0,70,,397,9,,,0,31,,420,9,,,0,70,,398,9,,,0,33,,430,9,,,0,15,,408,9,,,0,55,,416,9,,,0,10,,1940,9,,,0,5,,439,9,,,0,15,,400,9,,,0,13,,399,9,,,0,55,,427,9,,,0,15,,403,9,,,0,15,,405,9,,,0,15,,434,9,,,0,55,,417,9,,,0,14,,396,9,,,0,14,,402,9,,,0,15,,425,9,,,0,55,,404,9,,,0,29,,433,9,,,0,69,,424,9,,,0,30,,438,9,,,0,70,,422,9,,,0,99,,1939,9,,,0,59,,428,9,,,0,100,,431,9,,,0,96,,395,9,0,17 18 19,0
300,'4800',716,,441,9,,,0,30,,2367,9,,,0,76,,442,9,,,0,36,,445,9,,,0,70,,446,9,,,0,31,,444,9,,,0,70,,443,9,,,0,30,,2368,9,,,0,70,,448,9,,,0,30,,450,9,,,0,71,,449,9,,,0,70,,453,9,,,0,30,,454,9,,,0,70,,2369,9,,,0,30,,456,9,,,0,71,,457,9,,,0,30,,455,9,,,0,70,,459,9,,,0,30,,451,9,,,0,70,,460,9,,,0,30,,458,9,,,0,70,,462,9,,,0,35,,463,9,,,0,64,,464,9,,,0,45,,2370,9,,,0,105,,467,9,,,0,105,,468,9,,,0,103,,461,9,,,0,98,,466,9,,,0
300,'5102',625,,3146,9,,,0,22,,3133,9,,,0,60,,3126,9,,,0,9,,3127,9,,,0,15,,3121,9,,,0,18,,3149,9,,,0,58,,3135,9,,,0,16,,3138,9,,,0,19,,3139,9,,,0,59,,3131,9,,,0,30,,3132,9,,,0,70,,3134,9,,,0,31,,3156,9,,,0,70,,3141,9,,,0,30,,3129,9,,,0,71,,3143,9,,,0,30,,3155,9,,,0,70,,3117,9,,,0,31,,3140,9,,,0,70,,3118,9,,,0,33,,3150,9,,,0,15,,3128,9,,,0,55,,3136,9,,,0,10,,3157,9,,,0,5,,3159,9,,,0,15,,3120,9,,,0,13,,3119,9,,,0,55,,3147,9,,,0,15,,3123,9,,,0,15,,3125,9,,,0,15,,3154,9,,,0,55,,3137,9,,,0,14,,3116,9,,,0,14,,3122,9,,,0,15,,3145,9,,,0,55,,3124,9,,,0,29,,3153,9,,,0,69,,3144,9,,,0,30,,3158,9,,,0,70,,3142,9,,,0,99,,3152,9,,,0,59,,3148,9,,,0,100,,3151,9,,,0,96,,3115,9,0,17 18 19,0
300,'5105',716,,3161,9,,,0,30,,3160,9,,,0,76,,3162,9,,,0,36,,3165,9,,,0,70,,3166,9,,,0,31,,3164,9,,,0,70,,3163,9,,,0,30,,3167,9,,,0,70,,3168,9,,,0,30,,3170,9,,,0,71,,3169,9,,,0,70,,3173,9,,,0,30,,3174,9,,,0,70,,3172,9,,,0,30,,3176,9,,,0,71,,3177,9,,,0,30,,3175,9,,,0,70,,3179,9,,,0,30,,3171,9,,,0,70,,3180,9,,,0,30,,3178,9,,,0,70,,3182,9,,,0,35,,3183,9,,,0,64,,3184,9,,,0,45,,3185,9,,,0,105,,3187,9,,,0,105,,3188,9,,,0,103,,3181,9,,,0,98,,3186,9,,,0
1400,'4795',818,,1517,42,0,7 8 2 9 2 10,0
1400,'5102',818,,4223,42,0,7 8 2 9 2 10,0
8100,'4795',813,,1842,52,,,0
8100,'5102',813,,4548,52,,,0
8101,'5095',1522,,1843,14,,,0
8101,'5097',1411,,1844,14,,,0
8101,'5103',1522,,4549,14,,,0
8101,'5104',1411,,4550,14,,,0
