1601,'4528',734,,6374,5,,,0,100,,6370,5,,,0,100,,6371,5,,,0,200,,6378,5,,,0
1601,'4532',1533,,6404,5,,,0,105,,6402,5,,,0
1601,'5425',838,,6384,5,,,0,100,,6387,5,,,0,100,,6385,5,,,0,100,,6386,5,,,0,100,,6388,5,,,0,100,,6390,5,,,0,100,,6395,5,,,0,100,,6392,5,,,0,105,,6389,5,,,0,100,,6391,5,,,0,100,,6393,5,,,0,100,,6394,5,,,0
1601,'5426',1034,,6369,5,,,0,200,,6372,5,,,0,100,,6373,5,,,0,100,,6376,5,,,0,110,,6377,5,,,0,101,,6380,5,,,0,99,,6382,5,,,0,100,,6381,5,,,0,100,,6379,5,,,0
1601,'5427',1034,,7867,5,,,0,200,,7868,5,,,0,100,,7869,5,,,0,100,,7870,5,,,0,110,,7871,5,,,0,101,,7873,5,,,0,99,,7875,5,,,0,100,,7874,5,,,0,100,,7872,5,,,0
1601,'5428',819,,7877,5,,,0,114,,7876,5,,,0,95,,7878,5,,,0,110,,7880,5,,,0,95,,7881,5,,,0,100,,7879,5,,,0,100,,7882,5,,,0,300,,7883,5,,,0,100,,7884,5,,,0,100,,7885,5,,,0
1601,'5429',838,,7886,5,,,0,100,,7889,5,,,0,100,,7887,5,,,0,100,,7888,5,,,0,100,,7890,5,,,0,100,,7892,5,,,0,100,,7897,5,,,0,100,,7894,5,,,0,105,,7891,5,,,0,100,,7893,5,,,0,100,,7895,5,,,0,100,,7896,5,,,0
1701,'5425',813,,6467,5,0,11 12,0,100,,6468,5,0,11 12,0,115,,6469,5,0,11 12,0,95,,6470,5,0,13 14,0,200,,6472,5,0,11 12,0,210,,6471,5,0,13 14,0,100,,6474,5,0,11 12,0,100,,6473,5,0,15 1 16,0,100,,6475,5,0,13 14,0,170,,6476,5,0,13 14,0
1701,'5426',719,,6458,5,0,11 12,0,85,,6463,5,0,11 12,0,100,,6451,5,0,11 12,0,100,,6454,5,0,11 12,0,100,,6450,5,0,11 12,0,100,,6452,5,0,15 1 16,0,100,,6455,5,0,15 1 16,0,110,,6457,5,0,15 1 16,0,90,,6460,5,0,15 1 16,0,110,,6465,5,0,15 1 16,0,100,,6461,5,0,15 1 16,0,105,,6464,5,0,15 1 16,0,119,,6462,5,0,13 14,0,100,,6456,5,0,13 14,0,115,,6453,5,0,13 14,0,155,,6466,5,0,13 14,0
1701,'5427',719,,7947,5,0,11 12,0,85,,7951,5,0,11 12,0,100,,7940,5,0,11 12,0,100,,7943,5,0,11 12,0,100,,7939,5,0,11 12,0,100,,7941,5,0,15 1 16,0,100,,7944,5,0,15 1 16,0,110,,7946,5,0,15 1 16,0,90,,7948,5,0,15 1 16,0,110,,7953,5,0,15 1 16,0,100,,7949,5,0,15 1 16,0,105,,7952,5,0,15 1 16,0,119,,7950,5,0,13 14,0,100,,7945,5,0,13 14,0,115,,7942,5,0,13 14,0,155,,7954,5,0,13 14,0
1701,'5428',713,,7959,5,0,11 12,0,100,,7956,5,0,11 12,0,90,,7955,5,0,11 12,0,130,,7957,5,0,11 12,0,170,,7960,5,0,15 1 16,0,100,,7961,5,0,15 1 16,0,130,,7958,5,0,15 1 16,0,170,,7962,5,0,15 1 16,0,105,,7963,5,0,15 1 16,0,100,,7965,5,0,13 14,0,105,,7966,5,0,13 14,0,105,,7967,5,0,13 14,0,110,,7964,5,0,13 14,0,120,,7968,5,0,13 14,0
1701,'5429',813,,7969,5,0,11 12,0,100,,7970,5,0,11 12,0,115,,7971,5,0,11 12,0,95,,7972,5,0,13 14,0,200,,7974,5,0,11 12,0,210,,7973,5,0,13 14,0,100,,7976,5,0,11 12,0,100,,7975,5,0,15 1 16,0,100,,7977,5,0,13 14,0,170,,7978,5,0,13 14,0
1800,'5425',738,,6511,4,,,0,101,,6509,4,,,0,101,,6508,4,,,0,101,,6510,4,,,0,101,,6514,4,,,0,103,,6515,4,,,0,91,,6513,4,,,0,101,,6519,4,,,0,105,,6520,4,,,0,105,,6512,4,,,0,101,,6517,4,,,0,101,,6516,4,,,0,101,,6518,4,,,0
1800,'5426',536,,6491,4,,,0,101,,6492,4,,,0,101,,6493,4,,,0,102,,6494,4,,,0,100,,6495,4,,,0,101,,6496,4,,,0,101,,6497,4,,,0,103,,6498,4,,,0,90,,6499,4,,,0,102,,6500,4,,,0,105,,6501,4,,,0,105,,6502,4,,,0,102,,6503,4,,,0,100,,6504,4,,,0,101,,6505,4,,,0,101,,6506,4,,,0,101,,6507,4,,,0
1800,'5427',536,,7979,4,,,0,101,,7980,4,,,0,101,,7981,4,,,0,102,,7982,4,,,0,100,,7983,4,,,0,101,,7984,4,,,0,101,,7985,4,,,0,103,,7986,4,,,0,90,,7987,4,,,0,102,,7988,4,,,0,105,,7989,4,,,0,105,,7990,4,,,0,102,,7991,4,,,0,100,,7992,4,,,0,101,,7993,4,,,0,101,,7994,4,,,0,101,,7995,4,,,0
1800,'5428',738,,7996,4,,,0,101,,7997,4,,,0,101,,7998,4,,,0,101,,7999,4,,,0,101,,8000,4,,,0,103,,8001,4,,,0,91,,8002,4,,,0,101,,8003,4,,,0,105,,8004,4,,,0,105,,8005,4,,,0,101,,8006,4,,,0,101,,8007,4,,,0,101,,8008,4,,,0,101,,8009,4,,,0,101,,8010,4,,,0
1800,'5429',738,,8014,4,,,0,101,,8012,4,,,0,101,,8011,4,,,0,101,,8013,4,,,0,101,,8017,4,,,0,103,,8018,4,,,0,91,,8016,4,,,0,101,,8022,4,,,0,105,,8023,4,,,0,105,,8015,4,,,0,101,,8020,4,,,0,101,,8019,4,,,0,101,,8021,4,,,0
