300,'4528',621,,5210,1,,,0,198,,5202,1,,,0,108,,5196,1,,,0,403,,5204,1,,,0,271,,5211,1,,,0,114,,5183,1,,,0,113,,5217,1,,,0
300,'4532',818,,5240,1,,,0,508,,5252,1,,,0,131,,5255,1,,,0,100,,5257,1,,,0,100,,5258,1,,,0
300,'5221',1554,,5233,1,,,0,296,,5231,1,,,0,106,,5234,1,,,0
300,'5425',757,,5223,1,,,0,93,,5225,1,,,0,100,,5224,1,,,0,101,,5230,1,,,0,103,,5226,1,,,0,100,,5232,1,,,0,100,,5227,1,,,0,100,,5228,1,,,0,200,,5229,1,,,0,98,,5235,1,,,0,303,,5236,1,,,0,100,,5237,1,0,17 18 19,0
300,'5426',643,,5197,1,,,0,69,,5192,1,,,0,33,,5213,1,,,0,58,,5199,1,,,0,35,,5203,1,,,0,19,,5195,1,,,0,100,,5198,1,,,0,71,,5220,1,,,0,30,,5205,1,,,0,70,,5193,1,,,0,31,,5207,1,,,0,70,,5219,1,,,0,30,,5184,1,,,0,141,,5185,1,,,0,33,,5214,1,,,0,70,,5200,1,,,0,15,,5222,1,,,0,15,,5187,1,,,0,13,,5186,1,,,0,70,,5189,1,,,0,15,,5191,1,,,0,15,,5218,1,,,0,55,,5201,1,,,0,28,,5188,1,,,0,15,,5209,1,,,0,15,,5190,1,,,0,98,,5208,1,,,0,70,,5221,1,,,0,30,,5206,1,,,0,99,,5216,1,,,0,99,,5212,1,,,0,100,,5215,1,,,0,96,,5182,1,0,17 18 19,0
300,'5427',643,,6882,1,,,0,69,,6878,1,,,0,33,,6894,1,,,0,58,,6884,1,,,0,35,,6887,1,,,0,19,,6881,1,,,0,100,,6883,1,,,0,71,,6900,1,,,0,30,,6888,1,,,0,70,,6879,1,,,0,31,,6890,1,,,0,70,,6899,1,,,0,30,,6870,1,,,0,141,,6871,1,,,0,33,,6895,1,,,0,70,,6885,1,,,0,15,,6902,1,,,0,15,,6873,1,,,0,13,,6872,1,,,0,70,,6875,1,,,0,15,,6877,1,,,0,15,,6898,1,,,0,55,,6886,1,,,0,28,,6874,1,,,0,15,,6892,1,,,0,15,,6876,1,,,0,98,,6891,1,,,0,70,,6901,1,,,0,30,,6889,1,,,0,99,,6897,1,,,0,99,,6893,1,,,0,100,,6896,1,,,0,96,,6869,1,0,17 18 19,0
300,'5428',712,,6904,1,,,0,30,,6903,1,,,0,112,,6907,1,,,0,70,,6908,1,,,0,31,,6906,1,,,0,70,,6905,1,,,0,30,,6909,1,,,0,70,,6910,1,,,0,30,,6912,1,,,0,71,,6911,1,,,0,30,,6915,1,,,0,100,,6914,1,,,0,70,,6917,1,,,0,101,,6916,1,,,0,100,,6913,1,,,0,100,,6918,1,,,0,30,,6920,1,,,0,75,,6921,1,,,0,24,,6922,1,,,0,85,,6923,1,,,0,105,,6925,1,,,0,105,,6926,1,,,0,103,,6919,1,,,0,99,,6924,1,,,0
300,'5429',757,,6927,1,,,0,93,,6929,1,,,0,100,,6928,1,,,0,101,,6934,1,,,0,103,,6930,1,,,0,100,,6935,1,,,0,100,,6931,1,,,0,100,,6932,1,,,0,200,,6933,1,,,0,98,,6936,1,,,0,303,,6937,1,,,0,100,,6938,1,0,17 18 19,0
301,'4528',621,,5288,12,4,,0,198,,5291,38,4,,0,108,,5290,38,4,,0,403,,5297,38,4,,0,271,,5275,38,4,,0,114,,5285,38,4,,0,113,,5299,38,4,,0
301,'4532',818,,5324,12,4,,0,508,,5333,38,4,,0,131,,5332,38,4,,0,100,,5338,38,4,,0,100,,5342,38,4,,0
301,'5221',1554,,5315,38,4,,0,296,,5314,38,4,,0,106,,5316,38,4,,0
301,'5425',850,,5306,38,4,,0,100,,5307,38,4,,0,101,,5312,38,4,,0,103,,5308,38,4,,0,100,,5313,38,4,,0,100,,5309,38,4,,0,100,,5310,38,4,,0,200,,5311,38,4,,0,98,,5317,38,4,,0,303,,5318,38,4,,0,100,,5319,38,4,,0
301,'5426',643,,5283,12,4,,0,69,,5280,38,4,,0,33,,5273,38,4,,0,58,,5281,38,4,,0,35,,5276,38,4,,0,19,,5282,38,4,,0,100,,5287,38,4,,0,71,,5304,38,4,,0,30,,5270,38,4,,0,70,,5268,38,4,,0,31,,5292,38,4,,0,70,,5277,38,4,,0,30,,5303,38,4,,0,141,,5296,38,4,,0,33,,5302,38,4,,0,70,,5300,38,4,,0,30,,5298,38,4,,0,13,,5294,38,4,,0,70,,5274,38,4,,0,15,,5271,38,4,,0,15,,5301,38,4,,0,55,,5272,38,4,,0,28,,5284,38,4,,0,15,,5278,38,4,,0,15,,5279,38,4,,0,98,,5289,38,4,,0,70,,5305,38,4,,0,30,,5269,38,4,,0,99,,5295,38,4,,0,99,,5286,38,4,,0,100,,5293,38,4,,0,96,,5267,38,4,,0
301,'5427',643,,6954,12,4,,0,69,,6951,38,4,,0,33,,6945,38,4,,0,58,,6952,38,4,,0,35,,6947,38,4,,0,19,,6953,38,4,,0,100,,6957,38,4,,0,71,,6969,38,4,,0,30,,6942,38,4,,0,70,,6940,38,4,,0,31,,6959,38,4,,0,70,,6948,38,4,,0,30,,6968,38,4,,0,141,,6963,38,4,,0,33,,6967,38,4,,0,70,,6965,38,4,,0,30,,6964,38,4,,0,13,,6961,38,4,,0,70,,6946,38,4,,0,15,,6943,38,4,,0,15,,6966,38,4,,0,55,,6944,38,4,,0,28,,6955,38,4,,0,15,,6949,38,4,,0,15,,6950,38,4,,0,98,,6958,38,4,,0,70,,6970,38,4,,0,30,,6941,38,4,,0,99,,6962,38,4,,0,99,,6956,38,4,,0,100,,6960,38,4,,0,96,,6939,38,4,,0
301,'5428',712,,6974,12,4,,0,30,,6971,12,4,,0,112,,6973,38,4,,0,70,,6975,38,4,,0,31,,6980,38,4,,0,70,,6978,38,4,,0,30,,6977,38,4,,0,70,,6976,38,4,,0,30,,6979,38,4,,0,71,,6972,38,4,,0,30,,6981,38,4,,0,100,,6982,38,4,,0,70,,6983,38,4,,0,101,,6984,38,4,,0,100,,6986,38,4,,0,100,,6985,38,4,,0,30,,6990,38,4,,0,75,,6987,38,4,,0,24,,6988,38,4,,0,85,,6989,38,4,,0,105,,6991,38,4,,0,105,,6992,38,4,,0,103,,6993,38,4,,0,99,,6994,38,4,,0
301,'5429',850,,6995,38,4,,0,100,,6996,38,4,,0,101,,7001,38,4,,0,103,,6997,38,4,,0,100,,7002,38,4,,0,100,,6998,38,4,,0,100,,6999,38,4,,0,200,,7000,38,4,,0,98,,7003,38,4,,0,303,,7004,38,4,,0,100,,7005,38,4,,0
