1800,'5425',745,,6511,8,,,0,101,,6509,8,,,0,101,,6508,8,,,0,101,,6510,8,,,0,101,,6514,8,,,0,103,,6515,8,,,0,91,,6513,8,,,0,101,,6519,8,,,0,105,,6520,8,,,0,105,,6512,8,,,0,101,,6517,8,,,0,101,,6516,8,,,0,101,,6518,8,,,0
1800,'5426',543,,6491,8,,,0,101,,6492,8,,,0,102,,6493,8,,,0,102,,6494,8,,,0,100,,6495,8,,,0,101,,6496,8,,,0,101,,6497,8,,,0,103,,6498,8,,,0,90,,6499,8,,,0,102,,6500,8,,,0,106,,6501,8,,,0,105,,6502,8,,,0,100,,6503,8,,,0,100,,6504,8,,,0,101,,6505,8,,,0,101,,6506,8,,,0,101,,6507,8,,,0
1800,'5427',543,,7979,8,,,0,101,,7980,8,,,0,102,,7981,8,,,0,102,,7982,8,,,0,100,,7983,8,,,0,101,,7984,8,,,0,101,,7985,8,,,0,103,,7986,8,,,0,90,,7987,8,,,0,102,,7988,8,,,0,106,,7989,8,,,0,105,,7990,8,,,0,100,,7991,8,,,0,100,,7992,8,,,0,101,,7993,8,,,0,101,,7994,8,,,0,101,,7995,8,,,0
1800,'5428',746,,7996,8,,,0,101,,7997,8,,,0,101,,7998,8,,,0,101,,7999,8,,,0,101,,8000,8,,,0,103,,8001,8,,,0,91,,8002,8,,,0,101,,8003,8,,,0,106,,8004,8,,,0,105,,8005,8,,,0,99,,8006,8,,,0,101,,8007,8,,,0,101,,8008,8,,,0,101,,8009,8,,,0,101,,8010,8,,,0
1800,'5429',745,,8014,8,,,0,101,,8012,8,,,0,101,,8011,8,,,0,101,,8013,8,,,0,101,,8017,8,,,0,103,,8018,8,,,0,91,,8016,8,,,0,101,,8022,8,,,0,105,,8023,8,,,0,105,,8015,8,,,0,101,,8020,8,,,0,101,,8019,8,,,0,101,,8021,8,,,0
1801,'5425',816,,6559,14,,,0,101,,6563,14,,,0,101,,6558,14,,,0,101,,6565,14,,,0,101,,6557,14,,,0,103,,6564,14,,,0,92,,6554,14,,,0,98,,6556,14,,,0,105,,6560,14,,,0,105,,6562,14,,,0,101,,6553,14,,,0,100,,6561,14,,,0,101,,6555,14,,,0
1801,'5426',613,,6536,14,,,0,101,,6537,14,,,0,103,,6538,14,,,0,102,,6539,14,,,0,100,,6540,14,,,0,101,,6541,14,,,0,101,,6542,14,,,0,104,,6543,14,,,0,90,,6544,14,,,0,103,,6545,14,,,0,106,,6546,14,,,0,104,,6547,14,,,0,98,,6548,14,,,0,99,,6549,14,,,0,101,,6550,14,,,0,101,,6551,14,,,0,101,,6552,14,,,0
1801,'5427',613,,8024,14,,,0,101,,8025,14,,,0,103,,8026,14,,,0,102,,8027,14,,,0,100,,8028,14,,,0,101,,8029,14,,,0,101,,8030,14,,,0,104,,8031,14,,,0,90,,8032,14,,,0,103,,8033,14,,,0,106,,8034,14,,,0,104,,8035,14,,,0,98,,8036,14,,,0,99,,8037,14,,,0,101,,8038,14,,,0,101,,8039,14,,,0,101,,8040,14,,,0
1801,'5428',817,,8041,14,,,0,101,,8042,14,,,0,100,,8043,14,,,0,101,,8044,14,,,0,101,,8045,14,,,0,103,,8046,14,,,0,91,,8047,14,,,0,102,,8048,14,,,0,106,,8049,14,,,0,105,,8050,14,,,0,98,,8051,14,,,0,100,,8052,14,,,0,101,,8053,14,,,0,100,,8054,14,,,0,101,,8055,14,,,0
1801,'5429',816,,8062,14,,,0,101,,8066,14,,,0,101,,8061,14,,,0,101,,8068,14,,,0,101,,8060,14,,,0,103,,8067,14,,,0,92,,8057,14,,,0,98,,8059,14,,,0,105,,8063,14,,,0,105,,8065,14,,,0,101,,8056,14,,,0,100,,8064,14,,,0,101,,8058,14,,,0
