1600,'4528',646,,6335,1,,,0,82,,6344,1,0,5,0,26,,6336,1,0,5,0,100,,6331,1,0,5,0,100,,6332,1,0,5,0,200,,6339,1,0,5,0
1600,'4532',1554,,6360,1,0,5,0,105,,6364,1,0,5,0
1600,'5425',856,,6345,1,0,5,0,100,,6348,1,0,5,0,100,,6346,1,0,5,0,100,,6347,1,0,5,0,102,,6349,1,0,5,0,100,,6352,1,0,5,0,99,,6355,1,0,5,0,100,,6353,1,0,5,0,145,,6350,1,0,5,0,99,,6351,1,0,5,0,99,,6354,1,0,5,0,100,,6356,1,0,5,0
1600,'5426',1054,,6333,1,0,5,0,200,,6334,1,0,5,0,102,,6330,1,0,5,0,100,,6337,1,0,5,0,153,,6338,1,0,5,0,101,,6341,1,0,5,0,95,,6343,1,0,5,0,98,,6342,1,0,5,0,100,,6340,1,0,5,0
1600,'5427',1054,,7837,1,0,5,0,200,,7838,1,0,5,0,102,,7836,1,0,5,0,100,,7839,1,0,5,0,153,,7840,1,0,5,0,101,,7842,1,0,5,0,95,,7844,1,0,5,0,98,,7843,1,0,5,0,100,,7841,1,0,5,0
1600,'5428',837,,7848,1,0,5,0,115,,7847,1,0,5,0,95,,7846,1,0,5,0,111,,7849,1,0,5,0,95,,7850,1,0,5,0,101,,7845,1,0,5,0,100,,7851,1,0,5,0,300,,7852,1,0,5,0,98,,7853,1,0,5,0,100,,7854,1,0,5,0
1600,'5429',856,,7855,1,0,5,0,100,,7858,1,0,5,0,100,,7856,1,0,5,0,100,,7857,1,0,5,0,102,,7859,1,0,5,0,100,,7862,1,0,5,0,99,,7865,1,0,5,0,100,,7863,1,0,5,0,145,,7860,1,0,5,0,99,,7861,1,0,5,0,99,,7864,1,0,5,0,100,,7866,1,0,5,0
1601,'4528',646,,6375,11,4,,0,81,,6383,11,4,,0,27,,6374,29,4,,0,100,,6370,29,4,,0,100,,6371,29,4,,0,200,,6378,29,4,,0
1601,'4532',1554,,6404,29,4,,0,105,,6402,29,4,,0
1601,'5425',856,,6384,29,4,,0,100,,6387,29,4,,0,100,,6385,29,4,,0,100,,6386,29,4,,0,102,,6388,29,4,,0,100,,6390,29,4,,0,99,,6395,29,4,,0,100,,6392,29,4,,0,145,,6389,29,4,,0,99,,6391,29,4,,0,99,,6393,29,4,,0,100,,6394,29,4,,0
1601,'5426',1054,,6369,29,4,,0,200,,6372,29,4,,0,102,,6373,29,4,,0,100,,6376,29,4,,0,153,,6377,29,4,,0,101,,6380,29,4,,0,95,,6382,29,4,,0,98,,6381,29,4,,0,100,,6379,29,4,,0
1601,'5427',1054,,7867,29,4,,0,200,,7868,29,4,,0,102,,7869,29,4,,0,100,,7870,29,4,,0,153,,7871,29,4,,0,101,,7873,29,4,,0,95,,7875,29,4,,0,98,,7874,29,4,,0,100,,7872,29,4,,0
1601,'5428',837,,7877,29,4,,0,115,,7876,29,4,,0,95,,7878,29,4,,0,111,,7880,29,4,,0,95,,7881,29,4,,0,101,,7879,29,4,,0,100,,7882,29,4,,0,300,,7883,29,4,,0,98,,7884,29,4,,0,100,,7885,29,4,,0
1601,'5429',856,,7886,29,4,,0,100,,7889,29,4,,0,100,,7887,29,4,,0,100,,7888,29,4,,0,102,,7890,29,4,,0,100,,7892,29,4,,0,99,,7897,29,4,,0,100,,7894,29,4,,0,145,,7891,29,4,,0,99,,7893,29,4,,0,99,,7895,29,4,,0,100,,7896,29,4,,0
