1600,'4528',655,,6335,15,,,0,82,,6344,15,0,5,0,68,,6336,15,0,5,0,99,,6331,15,0,5,0,100,,6332,15,0,5,0,200,,6339,15,0,5,0
1600,'4532',1603,,6360,15,0,5,0,105,,6364,15,0,5,0
1600,'5425',905,,6345,15,0,5,0,100,,6348,15,0,5,0,100,,6346,15,0,5,0,100,,6347,15,0,5,0,102,,6349,15,0,5,0,100,,6352,15,0,5,0,99,,6355,15,0,5,0,100,,6353,15,0,5,0,105,,6350,15,0,5,0,99,,6351,15,0,5,0,99,,6354,15,0,5,0,100,,6356,15,0,5,0
1600,'5426',1104,,6333,15,0,5,0,200,,6334,15,0,5,0,102,,6330,15,0,5,0,101,,6337,15,0,5,0,112,,6338,15,0,5,0,101,,6341,15,0,5,0,94,,6343,15,0,5,0,98,,6342,15,0,5,0,100,,6340,15,0,5,0
1600,'5427',1104,,7837,15,0,5,0,200,,7838,15,0,5,0,102,,7836,15,0,5,0,101,,7839,15,0,5,0,112,,7840,15,0,5,0,101,,7842,15,0,5,0,94,,7844,15,0,5,0,98,,7843,15,0,5,0,100,,7841,15,0,5,0
1600,'5428',846,,7848,15,0,5,0,155,,7847,15,0,5,0,55,,7846,15,0,5,0,151,,7849,15,0,5,0,95,,7850,15,0,5,0,101,,7845,15,0,5,0,100,,7851,15,0,5,0,300,,7852,15,0,5,0,98,,7853,15,0,5,0,100,,7854,15,0,5,0
1600,'5429',905,,7855,15,0,5,0,100,,7858,15,0,5,0,100,,7856,15,0,5,0,100,,7857,15,0,5,0,102,,7859,15,0,5,0,100,,7862,15,0,5,0,99,,7865,15,0,5,0,100,,7863,15,0,5,0,105,,7860,15,0,5,0,99,,7861,15,0,5,0,99,,7864,15,0,5,0,100,,7866,15,0,5,0
1700,'4528',729,,6418,46,,,0
1700,'5425',918,,6426,46,,,0,100,,6427,46,,,0,102,,6428,27,,,0,96,,6429,45,,,0,200,,6431,27,,,0,208,,6430,15,,,0,102,,6432,27,,,0,112,,6433,27,,,0,85,,6434,15,,,0,130,,6435,15,,,0
1700,'5426',702,,6410,46,,,0,130,,6416,46,,,0,86,,6422,46,,,0,99,,6409,46,,,0,100,,6413,46,,,0,100,,6408,46,,,0,99,,6411,27,,,0,101,,6414,27,,,0,115,,6417,27,,,0,93,,6419,27,,,0,107,,6424,27,,,0,96,,6420,27,,,0,113,,6423,46,,,0,87,,6421,15,,,0,98,,6415,15,,,0,115,,6412,15,,,0,114,,6425,15,,,0
1700,'5427',702,,7900,46,,,0,130,,7906,46,,,0,86,,7911,46,,,0,99,,7899,46,,,0,100,,7903,46,,,0,100,,7898,46,,,0,99,,7901,27,,,0,101,,7904,27,,,0,115,,7907,27,,,0,93,,7908,27,,,0,107,,7913,27,,,0,96,,7909,27,,,0,113,,7912,46,,,0,87,,7910,15,,,0,98,,7905,15,,,0,115,,7902,15,,,0,114,,7914,15,,,0
1700,'5428',810,,7915,46,,,0,103,,7916,46,,,0,90,,7917,46,,,0,133,,7918,46,,,0,169,,7919,27,,,0,103,,7920,27,,,0,130,,7921,27,,,0,171,,7922,27,,,0,104,,7923,27,,,0,45,,7924,15,,,0,145,,7925,15,,,0,105,,7926,15,,,0,110,,7927,15,,,0,119,,7928,15,,,0
1700,'5429',918,,7929,46,,,0,100,,7930,46,,,0,102,,7931,27,,,0,96,,7932,45,,,0,200,,7934,27,,,0,208,,7933,15,,,0,102,,7935,27,,,0,112,,7936,27,,,0,85,,7937,15,,,0,130,,7938,15,,,0
