1601,'4528',743,,6374,16,,,0,100,,6370,16,,,0,100,,6371,16,,,0,200,,6378,16,,,0
1601,'4532',1542,,6404,16,,,0,105,,6402,16,,,0
1601,'5425',846,,6384,16,,,0,100,,6387,16,,,0,100,,6385,16,,,0,100,,6386,16,,,0,101,,6388,16,,,0,100,,6390,16,,,0,99,,6395,16,,,0,100,,6392,16,,,0,105,,6389,16,,,0,100,,6391,16,,,0,100,,6393,16,,,0,100,,6394,16,,,0
1601,'5426',1043,,6369,16,,,0,200,,6372,16,,,0,101,,6373,16,,,0,100,,6376,16,,,0,111,,6377,16,,,0,102,,6380,16,,,0,97,,6382,16,,,0,98,,6381,16,,,0,100,,6379,16,,,0
1601,'5427',1043,,7867,16,,,0,200,,7868,16,,,0,101,,7869,16,,,0,100,,7870,16,,,0,111,,7871,16,,,0,102,,7873,16,,,0,97,,7875,16,,,0,98,,7874,16,,,0,100,,7872,16,,,0
1601,'5428',827,,7877,16,,,0,115,,7876,16,,,0,95,,7878,16,,,0,110,,7880,16,,,0,95,,7881,16,,,0,100,,7879,16,,,0,100,,7882,16,,,0,300,,7883,16,,,0,99,,7884,16,,,0,100,,7885,16,,,0
1601,'5429',846,,7886,16,,,0,100,,7889,16,,,0,100,,7887,16,,,0,100,,7888,16,,,0,101,,7890,16,,,0,100,,7892,16,,,0,99,,7897,16,,,0,100,,7894,16,,,0,105,,7891,16,,,0,100,,7893,16,,,0,100,,7895,16,,,0,100,,7896,16,,,0
1701,'5425',821,,6467,16,0,11 12,0,100,,6468,16,0,11 12,0,116,,6469,16,0,11 12,0,95,,6470,16,0,13 14,0,200,,6472,16,0,11 12,0,210,,6471,16,0,13 14,0,100,,6474,16,0,11 12,0,100,,6473,16,0,15 1 16,0,100,,6475,16,0,13 14,0,170,,6476,16,0,13 14,0
1701,'5426',728,,6458,16,0,11 12,0,87,,6463,16,0,11 12,0,98,,6451,16,0,11 12,0,100,,6454,16,0,11 12,0,101,,6450,16,0,11 12,0,100,,6452,16,0,15 1 16,0,100,,6455,16,0,15 1 16,0,110,,6457,16,0,15 1 16,0,92,,6460,16,0,15 1 16,0,110,,6465,16,0,15 1 16,0,98,,6461,16,0,15 1 16,0,104,,6464,16,0,15 1 16,0,119,,6462,16,0,13 14,0,100,,6456,16,0,13 14,0,155,,6453,16,0,13 14,0,114,,6466,16,0,13 14,0
1701,'5427',728,,7947,16,0,11 12,0,87,,7951,16,0,11 12,0,98,,7940,16,0,11 12,0,100,,7943,16,0,11 12,0,101,,7939,16,0,11 12,0,100,,7941,16,0,15 1 16,0,100,,7944,16,0,15 1 16,0,110,,7946,16,0,15 1 16,0,92,,7948,16,0,15 1 16,0,110,,7953,16,0,15 1 16,0,98,,7949,16,0,15 1 16,0,104,,7952,16,0,15 1 16,0,119,,7950,16,0,13 14,0,100,,7945,16,0,13 14,0,155,,7942,16,0,13 14,0,114,,7954,16,0,13 14,0
1701,'5428',721,,7959,16,0,11 12,0,100,,7956,16,0,11 12,0,90,,7955,16,0,11 12,0,131,,7957,16,0,11 12,0,170,,7960,16,0,15 1 16,0,100,,7961,16,0,15 1 16,0,130,,7958,16,0,15 1 16,0,170,,7962,16,0,15 1 16,0,105,,7963,16,0,15 1 16,0,99,,7965,16,0,13 14,0,105,,7966,16,0,13 14,0,105,,7967,16,0,13 14,0,110,,7964,16,0,13 14,0,120,,7968,16,0,13 14,0
1701,'5429',821,,7969,16,0,11 12,0,100,,7970,16,0,11 12,0,116,,7971,16,0,11 12,0,95,,7972,16,0,13 14,0,200,,7974,16,0,11 12,0,210,,7973,16,0,13 14,0,100,,7976,16,0,11 12,0,100,,7975,16,0,15 1 16,0,100,,7977,16,0,13 14,0,170,,7978,16,0,13 14,0
