200,'4528',737,,5068,38,4,,0,103,,5070,38,4,,0,111,,5074,38,4,,0,100,,5078,38,4,,0,99,,5077,38,4,,0,101,,5080,38,4,,0,100,,5082,38,4,,0,101,,5083,38,4,,0,103,,5086,38,4,,0,148,,5056,38,4,,0,97,,5059,38,4,,0
200,'4532',917,,5103,38,4,,0
200,'5425',821,,5088,38,4,,0,81,,5087,38,4,,0,113,,5090,38,4,,0,100,,5089,38,4,,0,101,,5091,38,4,,0,105,,5092,38,4,,0,96,,5094,38,4,,0,100,,5093,38,4,,0,98,,5097,38,4,,0,106,,5099,38,4,,0,99,,5098,38,4,,0,124,,5095,38,4,,0,99,,5096,38,4,,0
200,'5426',630,,5067,38,4,,0,79,,5066,38,4,,0,43,,5071,38,4,,0,72,,5069,38,4,,0,31,,5072,38,4,,0,66,,5075,38,4,,0,100,,5073,38,4,,0,99,,5076,38,4,,0,101,,5079,38,4,,0,100,,5081,38,4,,0,101,,5084,38,4,,0,107,,5085,38,4,,0,104,,5062,38,4,,0,99,,5058,38,4,,0,98,,5065,38,4,,0,74,,5057,38,4,,0,39,,5061,38,4,,0,69,,5055,38,4,,0,33,,5060,38,4,,0,65,,5054,38,4,,0,30,,5063,38,4,,0
200,'5427',630,,6776,38,4,,0,79,,6775,38,4,,0,43,,6778,38,4,,0,72,,6777,38,4,,0,31,,6779,38,4,,0,66,,6781,38,4,,0,100,,6780,38,4,,0,99,,6782,38,4,,0,101,,6783,38,4,,0,100,,6784,38,4,,0,101,,6785,38,4,,0,107,,6786,38,4,,0,104,,6771,38,4,,0,99,,6768,38,4,,0,98,,6774,38,4,,0,74,,6767,38,4,,0,39,,6770,38,4,,0,69,,6766,38,4,,0,33,,6769,38,4,,0,65,,6765,38,4,,0,30,,6772,38,4,,0
200,'5428',804,,6788,38,4,,0,216,,6787,38,4,,0,101,,6790,38,4,,0,100,,6789,38,4,,0,101,,6791,38,4,,0,100,,6792,38,4,,0,100,,6795,38,4,,0,30,,6796,38,4,,0,70,,6794,38,4,,0,30,,6793,38,4,,0,69,,6797,38,4,,0,30,,6798,38,4,,0,70,,6799,38,4,,0,88,,6804,38,4,,0,40,,6802,38,4,,0,91,,6800,38,4,,0,93,,6801,38,4,,0,100,,6803,38,4,,0
200,'5429',821,,6806,38,4,,0,81,,6805,38,4,,0,113,,6808,38,4,,0,100,,6807,38,4,,0,101,,6809,38,4,,0,105,,6810,38,4,,0,96,,6812,38,4,,0,100,,6811,38,4,,0,98,,6815,38,4,,0,106,,6817,38,4,,0,99,,6816,38,4,,0,124,,6813,38,4,,0,99,,6814,38,4,,0
201,'4528',745,,5135,1,,,0,155,,5140,1,,,0,100,,5137,1,,,0,100,,5143,1,,,0,100,,5145,1,,,0,100,,5147,1,,,0,59,,5148,1,,,0,141,,5151,1,,,0,110,,5120,1,,,0,100,,5122,1,,,0
201,'4532',835,,5164,1,,,0
201,'5425',820,,5152,1,,,0,110,,5153,1,,,0,100,,5154,1,,,0,100,,5156,1,,,0,105,,5155,1,,,0,95,,5158,1,,,0,100,,5157,1,,,0,100,,5161,1,,,0,105,,5163,1,,,0,100,,5162,1,,,0,166,,5159,1,,,0,100,,5160,1,,,0
201,'5426',730,,5136,1,,,0,70,,5138,1,,,0,30,,5134,1,,,0,100,,5141,1,,,0,100,,5142,1,,,0,100,,5144,1,,,0,100,,5146,1,,,0,99,,5150,1,,,0,101,,5149,1,,,0,110,,5124,1,,,0,100,,5128,1,,,0,100,,5119,1,,,0,75,,5129,1,,,0,40,,5123,1,,,0,70,,5126,1,,,0,75,,5130,1,,,0,25,,5127,1,,,0,30,,5121,1,,,0,70,,5125,1,,,0
201,'5427',730,,6831,1,,,0,70,,6832,1,,,0,30,,6830,1,,,0,100,,6834,1,,,0,100,,6835,1,,,0,100,,6836,1,,,0,100,,6837,1,,,0,99,,6839,1,,,0,101,,6838,1,,,0,110,,6821,1,,,0,100,,6825,1,,,0,100,,6818,1,,,0,75,,6826,1,,,0,40,,6820,1,,,0,70,,6823,1,,,0,75,,6827,1,,,0,25,,6824,1,,,0,30,,6819,1,,,0,70,,6822,1,,,0
201,'5428',935,,6841,1,,,0,100,,6844,1,,,0,100,,6845,1,,,0,100,,6846,1,,,0,100,,6843,1,,,0,100,,6840,1,,,0,70,,6851,1,,,0,30,,6847,1,,,0,70,,6850,1,,,0,30,,6842,1,,,0,70,,6848,1,,,0,30,,6849,1,,,0,90,,6852,1,,,0,80,,6854,1,,,0,51,,6855,1,,,0,94,,6853,1,,,0,100,,6856,1,,,0
201,'5429',820,,6857,1,,,0,110,,6858,1,,,0,100,,6859,1,,,0,100,,6861,1,,,0,105,,6860,1,,,0,95,,6863,1,,,0,100,,6862,1,,,0,100,,6866,1,,,0,105,,6868,1,,,0,100,,6867,1,,,0,166,,6864,1,,,0,100,,6865,1,,,0
