1700,'4528',711,,6418,23,,,0
1700,'5425',902,,6426,23,,,0,100,,6427,23,,,0,198,,6429,22,,,0
1700,'5426',645,,6410,23,,,0,166,,6416,23,,,0,89,,6422,23,,,0,59,,6409,23,,,0,100,,6413,23,,,0,100,,6408,23,,,0,767,,6423,23,,,0
1700,'5427',645,,7900,23,,,0,166,,7906,23,,,0,89,,7911,23,,,0,59,,7899,23,,,0,100,,7903,23,,,0,100,,7898,23,,,0,767,,7912,23,,,0
1700,'5428',754,,7915,23,,,0,103,,7916,23,,,0,90,,7917,23,,,0,171,,7918,23,,,0
1700,'5429',902,,7929,23,,,0,100,,7930,23,,,0,198,,7932,22,,,0
1701,'5425',1557,,6471,35,0,13 14,0,200,,6473,35,0,15 1 16,0,100,,6475,35,0,13 14,0,170,,6476,35,0,13 14,0
1701,'5426',1228,,6452,35,0,15 1 16,0,102,,6455,35,0,15 1 16,0,111,,6457,35,0,15 1 16,0,93,,6460,35,0,15 1 16,0,108,,6465,35,0,15 1 16,0,98,,6461,35,0,15 1 16,0,104,,6464,35,0,15 1 16,0,159,,6462,35,0,13 14,0,98,,6456,35,0,13 14,0,115,,6453,35,0,13 14,0,114,,6466,35,0,13 14,0
1701,'5427',1228,,7941,35,0,15 1 16,0,102,,7944,35,0,15 1 16,0,111,,7946,35,0,15 1 16,0,93,,7948,35,0,15 1 16,0,108,,7953,35,0,15 1 16,0,98,,7949,35,0,15 1 16,0,104,,7952,35,0,15 1 16,0,159,,7950,35,0,13 14,0,98,,7945,35,0,13 14,0,115,,7942,35,0,13 14,0,114,,7954,35,0,13 14,0
1701,'5428',1227,,7960,35,0,15 1 16,0,100,,7961,35,0,15 1 16,0,130,,7958,35,0,15 1 16,0,170,,7962,35,0,15 1 16,0,105,,7963,35,0,15 1 16,0,99,,7965,35,0,13 14,0,105,,7966,35,0,13 14,0,105,,7967,35,0,13 14,0,110,,7964,35,0,13 14,0,159,,7968,35,0,13 14,0
1701,'5429',1557,,7973,35,0,13 14,0,200,,7975,35,0,15 1 16,0,100,,7977,35,0,13 14,0,170,,7978,35,0,13 14,0
