601,'4528',916,,5607,17,,,0,120,,5608,17,,,0,75,,5610,17,,,0,537,,5617,17,,,0,76,,5620,17,,,0,96,,5619,17,,,0
601,'4532',1310,,5638,17,,,0,200,,5642,17,,,0
601,'5221',1645,,5631,17,,,0
601,'5425',815,,5623,17,,,0,120,,5624,17,,,0,95,,5627,17,,,0,110,,5626,17,,,0,100,,5625,17,,,0,100,,5630,17,,,0,100,,5628,17,,,0,100,,5629,17,,,0,200,,5632,17,,,0,105,,5634,17,,,0,100,,5633,17,,,0
601,'5426',711,,5605,17,,,0,102,,5606,17,,,0,198,,5609,17,,,0,220,,5611,17,,,0,80,,5612,17,,,0,100,,5613,17,,,0,104,,5614,19,,,0,37,,5615,17,,,0,80,,5616,17,,,0,119,,5618,17,,,0,169,,5621,17,,,0,235,,5622,17,,,0
601,'5427',711,,7262,17,,,0,102,,7263,17,,,0,198,,7264,17,,,0,220,,7265,17,,,0,80,,7266,17,,,0,100,,7267,17,,,0,104,,7268,19,,,0,37,,7269,17,,,0,80,,7270,17,,,0,119,,7271,17,,,0,169,,7272,17,,,0,235,,7273,17,,,0
601,'5428',810,,7275,17,,,0,105,,7276,17,,,0,95,,7277,17,,,0,100,,7278,17,,,0,100,,7274,17,,,0,200,,7279,17,,,0,130,,7281,17,,,0,70,,7283,17,,,0,30,,7287,17,,,0,70,,7284,17,,,0,30,,7286,17,,,0,70,,7282,17,,,0,145,,7280,17,,,0,164,,7285,17,,,0
601,'5429',815,,7288,17,,,0,120,,7289,17,,,0,95,,7292,17,,,0,110,,7291,17,,,0,100,,7290,17,,,0,100,,7295,17,,,0,100,,7293,17,,,0,100,,7294,17,,,0,200,,7296,17,,,0,105,,7298,17,,,0,100,,7297,17,,,0
1600,'4528',701,,6335,22,,,0,42,,6344,22,0,5,0,70,,6336,22,0,5,0,98,,6331,22,0,5,0,100,,6332,22,0,5,0,200,,6339,22,0,5,0
1600,'4532',1609,,6360,22,0,5,0,105,,6364,22,0,5,0
1600,'5425',911,,6345,22,0,5,0,100,,6348,22,0,5,0,100,,6346,22,0,5,0,100,,6347,22,0,5,0,102,,6349,22,0,5,0,100,,6352,22,0,5,0,99,,6355,22,0,5,0,100,,6353,22,0,5,0,105,,6350,22,0,5,0,99,,6351,22,0,5,0,98,,6354,22,0,5,0,100,,6356,22,0,5,0
1600,'5426',1111,,6333,22,0,5,0,200,,6334,22,0,5,0,103,,6330,22,0,5,0,103,,6337,22,0,5,0,110,,6338,22,0,5,0,100,,6341,22,0,5,0,93,,6343,22,0,5,0,98,,6342,22,0,5,0,99,,6340,22,0,5,0
1600,'5427',1111,,7837,22,0,5,0,200,,7838,22,0,5,0,103,,7836,22,0,5,0,103,,7839,22,0,5,0,110,,7840,22,0,5,0,100,,7842,22,0,5,0,93,,7844,22,0,5,0,98,,7843,22,0,5,0,99,,7841,22,0,5,0
1600,'5428',851,,7848,22,0,5,0,156,,7847,22,0,5,0,95,,7846,22,0,5,0,111,,7849,22,0,5,0,95,,7850,22,0,5,0,101,,7845,22,0,5,0,100,,7851,22,0,5,0,300,,7852,22,0,5,0,97,,7853,22,0,5,0,100,,7854,22,0,5,0
1600,'5429',911,,7855,22,0,5,0,100,,7858,22,0,5,0,100,,7856,22,0,5,0,100,,7857,22,0,5,0,102,,7859,22,0,5,0,100,,7862,22,0,5,0,99,,7865,22,0,5,0,100,,7863,22,0,5,0,105,,7860,22,0,5,0,99,,7861,22,0,5,0,98,,7864,22,0,5,0,100,,7866,22,0,5,0
