1601,'4528',732,,6374,3,,,0,100,,6370,3,,,0,100,,6371,3,,,0,200,,6378,3,,,0,710,,7874,3,,,0
1601,'4532',818,,8692,3,,,0,114,,7876,3,,,0,95,,7878,3,,,0,110,,8693,3,,,0,95,,8694,3,,,0,100,,7879,3,,,0,100,,7882,3,,,0,100,,6404,3,,,0,105,,6402,3,,,0,95,,8695,3,,,0,100,,8696,3,,,0,100,,8697,3,,,0
1601,'5221',837,,8698,3,,,0,100,,7889,3,,,0,100,,8699,3,,,0,100,,8700,3,,,0,100,,7890,3,,,0,100,,8701,3,,,0,100,,7897,3,,,0,100,,8703,3,,,0,105,,7891,3,,,0,100,,8702,3,,,0,100,,8704,3,,,0,100,,8705,3,,,0
1601,'5434',1032,,8706,3,,,0,200,,8707,3,,,0,100,,8708,3,,,0,100,,8709,3,,,0,110,,8710,3,,,0,101,,8712,3,,,0,99,,8713,3,,,0,200,,8711,3,,,0
1701,'4528',717,,7947,3,0,11 12,0,85,,7951,3,0,11 12,0,100,,7940,3,0,11 12,0,100,,7943,3,0,11 12,0,100,,7939,3,0,11 12,0,100,,7941,3,0,15 1 16,0,100,,7944,3,0,15 1 16,0,200,,7948,3,0,15 1 16,0,435,,7950,3,0,13 14,0,100,,7945,3,0,13 14,0
1701,'4532',712,,7959,3,0,11 12,0,100,,8730,3,0,11 12,0,90,,7955,3,0,11 12,0,130,,7957,3,0,11 12,0,170,,7960,3,0,15 1 16,0,100,,7961,3,0,15 1 16,0,130,,7958,3,0,15 1 16,0,170,,7962,3,0,15 1 16,0,105,,8731,3,0,15 1 16,0,100,,8733,3,0,13 14,0,105,,8734,3,0,13 14,0,105,,8735,3,0,13 14,0,110,,8732,3,0,13 14,0,120,,7968,3,0,13 14,0
1701,'5221',812,,7969,3,0,11 12,0,100,,8736,3,0,11 12,0,115,,7971,3,0,11 12,0,95,,7972,3,0,13 14,0,200,,8737,3,0,11 12,0,210,,7973,3,0,13 14,0,100,,8738,3,0,11 12,0,100,,7975,3,0,15 1 16,0,100,,8739,3,0,13 14,0,170,,7978,3,0,13 14,0
1701,'5434',1412,,8741,3,0,15 1 16,0,200,,8744,3,0,15 1 16,0,100,,8742,3,0,15 1 16,0,105,,8743,3,0,15 1 16,0,335,,8740,3,0,13 14,0,155,,8745,3,0,13 14,0
1800,'4528',535,,7979,2,,,0,101,,7980,2,,,0,101,,7981,2,,,0,102,,7982,2,,,0,100,,7983,2,,,0,101,,7984,2,,,0,101,,7985,2,,,0,103,,7986,2,,,0,90,,7987,2,,,0,102,,7988,2,,,0,105,,7989,2,,,0,105,,7990,2,,,0,102,,7991,2,,,0,100,,7992,2,,,0,101,,7993,2,,,0,101,,7994,2,,,0,101,,7995,2,,,0
1800,'4532',737,,7996,2,,,0,101,,7997,2,,,0,101,,7998,2,,,0,101,,7999,2,,,0,101,,8000,2,,,0,103,,8001,2,,,0,91,,8002,2,,,0,101,,8003,2,,,0,105,,8004,2,,,0,105,,8005,2,,,0,101,,8006,2,,,0,101,,8007,2,,,0,101,,8008,2,,,0,101,,8009,2,,,0,101,,8010,2,,,0
1800,'5221',737,,8014,2,,,0,101,,8012,2,,,0,101,,8011,2,,,0,101,,8013,2,,,0,101,,8017,2,,,0,103,,8018,2,,,0,91,,8016,2,,,0,101,,8022,2,,,0,105,,8023,2,,,0,105,,8015,2,,,0,101,,8020,2,,,0,101,,8019,2,,,0,101,,8021,2,,,0
