100,'4528',611,,4803,19,,,0,30,,4804,27,,,0,72,,4805,27,,,0,31,,4806,27,,,0,75,,4815,27,,,0,15,,4814,27,,,0,15,,4842,27,,,0,100,,4837,27,,,0,81,,4847,27,,,0,223,,4834,27,,,0,70,,4833,27,,,0,193,,4816,27,,,0,105,,4838,27,,,0,15,,4844,27,,,0,113,,4829,27,,,0,82,,4827,27,,,0,119,,4835,27,,,0,97,,4826,27,,,0,99,,4820,27,,,0,100,,4817,27,,,0,97,,4841,27,,,0
100,'4532',949,,4891,27,,,0,102,,4896,27,,,0,102,,4898,27,,,0,100,,4901,27,,,0,100,,4902,27,,,0
100,'5221',739,,4856,27,,,0,100,,4859,27,,,0,204,,4861,27,,,0,101,,4864,27,,,0,102,,4866,27,,,0,370,,4872,27,,,0,99,,4883,27,,,0,100,,4886,27,,,0
100,'5425',720,,4855,27,,,0,89,,4857,27,,,0,100,,4858,27,,,0,32,,4860,27,,,0,72,,4863,27,,,0,100,,4862,27,,,0,103,,4876,27,,,0,100,,4865,27,,,0,30,,4869,27,,,0,70,,4867,27,,,0,30,,4870,27,,,0,71,,4871,27,,,0,30,,4868,27,,,0,99,,4873,27,,,0,99,,4874,27,,,0,103,,4877,27,,,0,65,,4875,27,,,0,29,,4878,27,,,0,70,,4887,27,,,0,29,,4880,27,,,0,70,,4879,27,,,0,29,,4881,27,,,0,68,,4882,27,,,0,30,,4884,27,,,0,70,,4888,27,,,0,37,,4885,27,,,0,62,,4889,27,,,0
100,'5426',802,,4807,27,,,0,101,,4843,27,,,0,15,,4818,27,,,0,16,,4810,27,,,0,75,,4836,27,,,0,41,,4846,27,,,0,71,,4845,27,,,0,30,,4850,27,,,0,72,,4849,27,,,0,130,,4824,27,,,0,70,,4813,27,,,0,33,,4812,27,,,0,79,,4811,27,,,0,17,,4839,27,,,0,55,,4821,27,,,0,44,,4840,27,,,0,55,,4853,27,,,0,14,,4852,27,,,0,14,,4832,27,,,0,67,,4854,27,,,0,15,,4830,27,,,0,30,,4848,27,,,0,60,,4851,27,,,0,19,,4828,27,,,0,92,,4831,27,,,0,99,,4822,27,,,0,100,,4819,27,,,0,99,,4825,27,,,0,95,,4823,27,,,0,29,,4808,27,,,0,70,,4809,27,,,0
100,'5427',802,,6581,27,,,0,101,,6602,27,,,0,15,,6588,27,,,0,16,,6584,27,,,0,75,,6599,27,,,0,41,,6604,27,,,0,71,,6603,27,,,0,30,,6607,27,,,0,72,,6606,27,,,0,130,,6593,27,,,0,70,,6587,27,,,0,33,,6586,27,,,0,79,,6585,27,,,0,17,,6600,27,,,0,55,,6590,27,,,0,44,,6601,27,,,0,55,,6610,27,,,0,14,,6609,27,,,0,14,,6598,27,,,0,67,,6611,27,,,0,15,,6596,27,,,0,30,,6605,27,,,0,60,,6608,27,,,0,19,,6595,27,,,0,92,,6597,27,,,0,99,,6591,27,,,0,100,,6589,27,,,0,99,,6594,27,,,0,95,,6592,27,,,0,29,,6582,27,,,0,70,,6583,27,,,0
100,'5428',649,,6634,27,,,0,9,,6636,27,,,0,70,,6637,27,,,0,31,,6612,27,,,0,66,,6639,27,,,0,20,,6613,27,,,0,55,,6640,27,,,0,17,,6614,27,,,0,16,,6641,27,,,0,88,,6616,27,,,0,100,,6615,27,,,0,102,,6618,27,,,0,100,,6617,27,,,0,100,,6620,27,,,0,31,,6619,27,,,0,70,,6621,27,,,0,30,,6623,27,,,0,68,,6624,27,,,0,13,,6642,27,,,0,15,,6625,27,,,0,55,,6643,27,,,0,15,,6622,27,,,0,15,,6644,27,,,0,14,,6626,27,,,0,55,,6645,27,,,0,15,,6627,27,,,0,15,,6646,27,,,0,15,,6628,27,,,0,70,,6629,27,,,0,85,,6633,27,,,0,99,,6632,27,,,0,104,,6631,27,,,0,104,,6630,27,,,0,103,,6635,27,,,0,97,,6638,27,,,0
100,'5429',720,,6647,27,,,0,89,,6648,27,,,0,100,,6649,27,,,0,32,,6650,27,,,0,72,,6652,27,,,0,100,,6651,27,,,0,103,,6662,27,,,0,100,,6653,27,,,0,30,,6656,27,,,0,70,,6654,27,,,0,30,,6657,27,,,0,71,,6658,27,,,0,30,,6655,27,,,0,99,,6659,27,,,0,99,,6660,27,,,0,103,,6663,27,,,0,65,,6661,27,,,0,29,,6664,27,,,0,70,,6671,27,,,0,29,,6666,27,,,0,70,,6665,27,,,0,29,,6667,27,,,0,68,,6668,27,,,0,30,,6669,27,,,0,70,,6672,27,,,0,37,,6670,27,,,0,62,,6673,27,,,0
200,'4528',734,,5068,34,,,0,102,,5070,34,,,0,112,,5074,34,,,0,100,,5078,34,,,0,99,,5077,34,,,0,101,,5080,34,,,0,100,,5082,34,,,0,101,,5083,34,,,0,103,,5086,34,,,0,148,,5056,34,,,0,57,,5059,34,,,0
200,'4532',915,,5103,34,,,0
200,'5425',819,,5088,34,,,0,81,,5087,34,,,0,112,,5090,34,,,0,100,,5089,34,,,0,101,,5091,34,,,0,105,,5092,34,,,0,96,,5094,34,,,0,100,,5093,34,,,0,99,,5097,34,,,0,106,,5099,34,,,0,99,,5098,34,,,0,124,,5095,34,,,0,99,,5096,34,,,0
200,'5426',627,,5067,34,,,0,79,,5066,34,,,0,43,,5071,34,,,0,71,,5069,34,,,0,32,,5072,34,,,0,66,,5075,34,,,0,100,,5073,34,,,0,99,,5076,34,,,0,101,,5079,34,,,0,100,,5081,34,,,0,101,,5084,34,,,0,106,,5085,34,,,0,105,,5062,34,,,0,99,,5058,34,,,0,98,,5065,34,,,0,74,,5057,34,,,0,39,,5061,34,,,0,69,,5055,34,,,0,34,,5060,34,,,0,65,,5054,34,,,0,30,,5063,34,,,0
200,'5427',627,,6776,34,,,0,79,,6775,34,,,0,43,,6778,34,,,0,71,,6777,34,,,0,32,,6779,34,,,0,66,,6781,34,,,0,100,,6780,34,,,0,99,,6782,34,,,0,101,,6783,34,,,0,100,,6784,34,,,0,101,,6785,34,,,0,106,,6786,34,,,0,105,,6771,34,,,0,99,,6768,34,,,0,98,,6774,34,,,0,74,,6767,34,,,0,39,,6770,34,,,0,69,,6766,34,,,0,34,,6769,34,,,0,65,,6765,34,,,0,30,,6772,34,,,0
200,'5428',802,,6788,34,,,0,215,,6787,34,,,0,101,,6790,34,,,0,100,,6789,34,,,0,101,,6791,34,,,0,100,,6792,34,,,0,100,,6795,34,,,0,30,,6796,34,,,0,70,,6794,34,,,0,30,,6793,34,,,0,69,,6797,34,,,0,30,,6798,34,,,0,70,,6799,34,,,0,88,,6804,34,,,0,40,,6802,34,,,0,91,,6800,34,,,0,93,,6801,34,,,0,100,,6803,34,,,0
200,'5429',819,,6806,34,,,0,81,,6805,34,,,0,112,,6808,34,,,0,100,,6807,34,,,0,101,,6809,34,,,0,105,,6810,34,,,0,96,,6812,34,,,0,100,,6811,34,,,0,99,,6815,34,,,0,106,,6817,34,,,0,99,,6816,34,,,0,124,,6813,34,,,0,99,,6814,34,,,0
300,'4528',647,,5210,38,,,0,200,,5202,38,,,0,108,,5196,38,,,0,404,,5204,38,,,0,269,,5211,38,,,0,112,,5183,38,,,0,112,,5217,38,,,0
300,'4532',843,,5240,38,,,0,509,,5252,38,,,0,171,,5255,38,,,0,100,,5257,38,,,0,99,,5258,38,,,0
300,'5221',1621,,5233,38,,,0,293,,5231,38,,,0,105,,5234,38,,,0
300,'5425',822,,5223,38,,,0,93,,5225,38,,,0,100,,5224,38,,,0,101,,5230,38,,,0,105,,5226,38,,,0,100,,5232,38,,,0,100,,5227,38,,,0,100,,5228,38,,,0,199,,5229,38,,,0,97,,5235,38,,,0,300,,5236,38,,,0
300,'5426',709,,5197,38,,,0,18,,5194,10,,,0,12,,5192,38,,,0,76,,5213,38,,,0,18,,5199,38,,,0,72,,5203,38,,,0,19,,5195,38,,,0,101,,5198,38,,,0,31,,5220,38,,,0,70,,5205,38,,,0,30,,5193,38,,,0,71,,5207,38,,,0,30,,5219,38,,,0,70,,5184,38,,,0,104,,5185,38,,,0,73,,5214,38,,,0,32,,5200,38,,,0,12,,5222,38,,,0,53,,5187,38,,,0,12,,5186,38,,,0,30,,5189,38,,,0,15,,5191,38,,,0,55,,5218,38,,,0,14,,5201,38,,,0,27,,5188,38,,,0,55,,5209,38,,,0,15,,5190,38,,,0,97,,5208,38,,,0,30,,5221,38,,,0,70,,5206,38,,,0,99,,5216,38,,,0,98,,5212,38,,,0,98,,5215,38,,,0
300,'5427',709,,6882,38,,,0,18,,6880,10,,,0,12,,6878,38,,,0,76,,6894,38,,,0,18,,6884,38,,,0,72,,6887,38,,,0,19,,6881,38,,,0,101,,6883,38,,,0,31,,6900,38,,,0,70,,6888,38,,,0,30,,6879,38,,,0,71,,6890,38,,,0,30,,6899,38,,,0,70,,6870,38,,,0,104,,6871,38,,,0,73,,6895,38,,,0,32,,6885,38,,,0,12,,6902,38,,,0,53,,6873,38,,,0,12,,6872,38,,,0,30,,6875,38,,,0,15,,6877,38,,,0,55,,6898,38,,,0,14,,6886,38,,,0,27,,6874,38,,,0,55,,6892,38,,,0,15,,6876,38,,,0,97,,6891,38,,,0,30,,6901,38,,,0,70,,6889,38,,,0,99,,6897,38,,,0,98,,6893,38,,,0,98,,6896,38,,,0
300,'5428',736,,6904,38,,,0,70,,6903,38,,,0,113,,6907,38,,,0,30,,6908,38,,,0,72,,6906,38,,,0,30,,6905,38,,,0,70,,6909,38,,,0,30,,6910,38,,,0,70,,6912,38,,,0,31,,6911,38,,,0,70,,6915,38,,,0,100,,6914,38,,,0,30,,6917,38,,,0,101,,6916,38,,,0,100,,6913,38,,,0,99,,6918,38,,,0,70,,6920,38,,,0,33,,6921,38,,,0,64,,6922,38,,,0,85,,6923,38,,,0,105,,6925,38,,,0,105,,6926,38,,,0,102,,6919,38,,,0,97,,6924,38,,,0
300,'5429',822,,6927,38,,,0,93,,6929,38,,,0,100,,6928,38,,,0,101,,6934,38,,,0,105,,6930,38,,,0,100,,6935,38,,,0,100,,6931,38,,,0,100,,6932,38,,,0,199,,6933,38,,,0,97,,6936,38,,,0,300,,6937,38,,,0
