300,'4327',807,,3100,20,,,0,93,,3102,20,,,0,100,,3101,20,,,0,101,,3107,20,,,0,103,,3103,20,,,0,100,,3109,20,,,0,100,,3104,20,,,0,100,,3105,20,,,0,100,,3110,20,,,0,100,,3106,20,,,0,98,,3112,20,,,0,98,,3108,20,,,0,106,,3111,20,,,0,99,,3113,20,,,0,100,,3114,20,0,17 18 19,0
300,'4795',632,,426,20,,,0,22,,413,20,,,0,60,,406,20,,,0,9,,2351,20,,,0,15,,401,20,,,0,19,,429,20,,,0,58,,415,20,,,0,16,,418,20,,,0,19,,419,20,,,0,59,,411,20,,,0,30,,412,20,,,0,70,,414,20,,,0,31,,436,20,,,0,70,,421,20,,,0,30,,409,20,,,0,71,,423,20,,,0,30,,435,20,,,0,70,,397,20,,,0,31,,420,20,,,0,71,,398,20,,,0,33,,430,20,,,0,55,,408,20,,,0,15,,416,20,,,0,10,,1940,20,,,0,4,,439,20,,,0,15,,400,20,,,0,12,,399,20,,,0,55,,427,20,,,0,15,,403,20,,,0,15,,405,20,,,0,15,,434,20,,,0,54,,417,20,,,0,14,,396,20,,,0,14,,402,20,,,0,15,,425,20,,,0,55,,404,20,,,0,29,,433,20,,,0,69,,424,20,,,0,30,,438,20,,,0,70,,422,20,,,0,99,,1939,20,,,0,99,,428,20,,,0,100,,431,20,,,0,96,,395,20,0,17 18 19,0
300,'4800',722,,441,20,,,0,30,,2367,20,,,0,76,,442,20,,,0,76,,445,20,,,0,30,,446,20,,,0,71,,444,20,,,0,30,,443,20,,,0,70,,2368,20,,,0,30,,448,20,,,0,70,,450,20,,,0,31,,449,20,,,0,70,,453,20,,,0,30,,454,20,,,0,70,,2369,20,,,0,30,,456,20,,,0,71,,457,20,,,0,30,,455,20,,,0,70,,459,20,,,0,30,,451,20,,,0,70,,460,20,,,0,30,,458,20,,,0,70,,462,20,,,0,35,,463,20,,,0,64,,464,20,,,0,45,,2370,20,,,0,105,,467,20,,,0,145,,468,20,,,0,103,,461,20,,,0,98,,466,20,,,0
300,'5102',632,,3146,20,,,0,22,,3133,20,,,0,60,,3126,20,,,0,9,,3127,20,,,0,15,,3121,20,,,0,19,,3149,20,,,0,58,,3135,20,,,0,16,,3138,20,,,0,19,,3139,20,,,0,59,,3131,20,,,0,30,,3132,20,,,0,70,,3134,20,,,0,31,,3156,20,,,0,70,,3141,20,,,0,30,,3129,20,,,0,71,,3143,20,,,0,30,,3155,20,,,0,70,,3117,20,,,0,31,,3140,20,,,0,71,,3118,20,,,0,33,,3150,20,,,0,55,,3128,20,,,0,15,,3136,20,,,0,10,,3157,20,,,0,4,,3159,20,,,0,15,,3120,20,,,0,12,,3119,20,,,0,55,,3147,20,,,0,15,,3123,20,,,0,15,,3125,20,,,0,15,,3154,20,,,0,54,,3137,20,,,0,14,,3116,20,,,0,14,,3122,20,,,0,15,,3145,20,,,0,55,,3124,20,,,0,29,,3153,20,,,0,69,,3144,20,,,0,30,,3158,20,,,0,70,,3142,20,,,0,99,,3152,20,,,0,99,,3148,20,,,0,100,,3151,20,,,0,96,,3115,20,0,17 18 19,0
300,'5105',722,,3161,20,,,0,30,,3160,20,,,0,76,,3162,20,,,0,76,,3165,20,,,0,30,,3166,20,,,0,71,,3164,20,,,0,30,,3163,20,,,0,70,,3167,20,,,0,30,,3168,20,,,0,70,,3170,20,,,0,31,,3169,20,,,0,70,,3173,20,,,0,30,,3174,20,,,0,70,,3172,20,,,0,30,,3176,20,,,0,71,,3177,20,,,0,30,,3175,20,,,0,70,,3179,20,,,0,30,,3171,20,,,0,70,,3180,20,,,0,30,,3178,20,,,0,70,,3182,20,,,0,35,,3183,20,,,0,64,,3184,20,,,0,45,,3185,20,,,0,105,,3187,20,,,0,145,,3188,20,,,0,103,,3181,20,,,0,98,,3186,20,,,0
1400,'4795',825,,1517,53,0,7 8 2 9 2 10,0
1400,'5102',825,,4223,53,0,7 8 2 9 2 10,0
8100,'4795',818,,1842,63,,,0
8100,'5102',818,,4548,63,,,0
8101,'5095',1528,,1843,25,,,0
8101,'5097',1417,,1844,25,,,0
8101,'5103',1528,,4549,25,,,0
8101,'5104',1417,,4550,25,,,0
