300,'4327',805,,3100,16,,,0,53,,3102,16,,,0,100,,3101,16,,,0,101,,3107,16,,,0,143,,3103,16,,,0,100,,3109,16,,,0,100,,3104,16,,,0,100,,3105,16,,,0,100,,3110,16,,,0,100,,3106,16,,,0,98,,3112,16,,,0,58,,3108,16,,,0,146,,3111,16,,,0,99,,3113,16,,,0,100,,3114,16,0,17 18 19,0
300,'4795',630,,426,16,,,0,22,,413,16,,,0,60,,406,16,,,0,9,,2351,16,,,0,15,,401,16,,,0,18,,429,16,,,0,58,,415,16,,,0,16,,418,16,,,0,19,,419,16,,,0,59,,411,16,,,0,30,,412,16,,,0,70,,414,16,,,0,31,,436,16,,,0,70,,421,16,,,0,30,,409,16,,,0,71,,423,16,,,0,30,,435,16,,,0,70,,397,16,,,0,31,,420,16,,,0,71,,398,16,,,0,33,,430,16,,,0,15,,408,16,,,0,55,,416,16,,,0,10,,1940,16,,,0,4,,439,16,,,0,15,,400,16,,,0,13,,399,16,,,0,55,,427,16,,,0,15,,403,16,,,0,15,,405,16,,,0,15,,434,16,,,0,54,,417,16,,,0,14,,396,16,,,0,14,,402,16,,,0,15,,425,16,,,0,55,,404,16,,,0,29,,433,16,,,0,69,,424,16,,,0,30,,438,16,,,0,70,,422,16,,,0,99,,1939,16,,,0,99,,428,16,,,0,100,,431,16,,,0,56,,395,16,0,17 18 19,0
300,'4800',720,,441,16,,,0,30,,2367,16,,,0,76,,442,16,,,0,76,,445,16,,,0,30,,446,16,,,0,71,,444,16,,,0,30,,443,16,,,0,70,,2368,16,,,0,30,,448,16,,,0,70,,450,16,,,0,31,,449,16,,,0,70,,453,16,,,0,30,,454,16,,,0,70,,2369,16,,,0,30,,456,16,,,0,71,,457,16,,,0,30,,455,16,,,0,70,,459,16,,,0,30,,451,16,,,0,70,,460,16,,,0,30,,458,16,,,0,70,,462,16,,,0,35,,463,16,,,0,64,,464,16,,,0,45,,2370,16,,,0,105,,467,16,,,0,105,,468,16,,,0,143,,461,16,,,0,98,,466,16,,,0
300,'5102',630,,3146,16,,,0,22,,3133,16,,,0,60,,3126,16,,,0,9,,3127,16,,,0,15,,3121,16,,,0,18,,3149,16,,,0,58,,3135,16,,,0,16,,3138,16,,,0,19,,3139,16,,,0,59,,3131,16,,,0,30,,3132,16,,,0,70,,3134,16,,,0,31,,3156,16,,,0,70,,3141,16,,,0,30,,3129,16,,,0,71,,3143,16,,,0,30,,3155,16,,,0,70,,3117,16,,,0,31,,3140,16,,,0,71,,3118,16,,,0,33,,3150,16,,,0,15,,3128,16,,,0,55,,3136,16,,,0,10,,3157,16,,,0,4,,3159,16,,,0,15,,3120,16,,,0,13,,3119,16,,,0,55,,3147,16,,,0,15,,3123,16,,,0,15,,3125,16,,,0,15,,3154,16,,,0,54,,3137,16,,,0,14,,3116,16,,,0,14,,3122,16,,,0,15,,3145,16,,,0,55,,3124,16,,,0,29,,3153,16,,,0,69,,3144,16,,,0,30,,3158,16,,,0,70,,3142,16,,,0,99,,3152,16,,,0,99,,3148,16,,,0,100,,3151,16,,,0,56,,3115,16,0,17 18 19,0
300,'5105',720,,3161,16,,,0,30,,3160,16,,,0,76,,3162,16,,,0,76,,3165,16,,,0,30,,3166,16,,,0,71,,3164,16,,,0,30,,3163,16,,,0,70,,3167,16,,,0,30,,3168,16,,,0,70,,3170,16,,,0,31,,3169,16,,,0,70,,3173,16,,,0,30,,3174,16,,,0,70,,3172,16,,,0,30,,3176,16,,,0,71,,3177,16,,,0,30,,3175,16,,,0,70,,3179,16,,,0,30,,3171,16,,,0,70,,3180,16,,,0,30,,3178,16,,,0,70,,3182,16,,,0,35,,3183,16,,,0,64,,3184,16,,,0,45,,3185,16,,,0,105,,3187,16,,,0,105,,3188,16,,,0,143,,3181,16,,,0,98,,3186,16,,,0
1400,'4795',822,,1517,49,0,7 8 2 9 2 10,0
1400,'5102',822,,4223,49,0,7 8 2 9 2 10,0
8100,'4795',817,,1842,59,,,0
8100,'5102',817,,4548,59,,,0
8101,'5095',1526,,1843,21,,,0
8101,'5097',1415,,1844,21,,,0
8101,'5103',1526,,4549,21,,,0
8101,'5104',1415,,4550,21,,,0
