300,'4528',635,,5210,24,,,0,166,,6894,24,,,0,33,,5202,24,,,0,19,,6887,24,,,0,59,,6881,24,,,0,31,,5196,24,,,0,372,,6870,24,,,0,31,,5204,24,,,0,104,,6895,24,,,0,70,,6885,24,,,0,14,,6902,24,,,0,82,,5211,24,,,0,15,,6875,24,,,0,15,,6877,24,,,0,55,,6898,24,,,0,28,,5183,24,,,0,29,,6892,24,,,0,55,,6876,24,,,0,28,,5217,24,,,0,69,,6891,24,,,0,30,,6901,24,,,0
300,'4532',725,,8214,24,,,0,30,,8213,24,,,0,77,,5240,24,,,0,76,,6907,24,,,0,30,,6908,24,,,0,71,,6906,24,,,0,30,,6905,24,,,0,70,,8215,24,,,0,30,,6910,24,,,0,70,,6912,24,,,0,31,,8216,24,,,0,70,,8219,24,,,0,30,,5252,24,,,0,70,,8218,24,,,0,30,,6917,24,,,0,71,,5255,24,,,0,30,,6916,24,,,0,70,,5257,24,,,0,30,,8217,24,,,0,69,,5258,24,,,0,30,,6918,24,,,0,70,,6920,24,,,0,35,,8221,24,,,0,64,,8222,24,,,0,45,,8223,24,,,0,105,,8225,24,,,0,145,,8226,24,,,0,103,,8220,24,,,0,98,,8224,24,,,0
300,'5221',811,,8227,24,,,0,93,,6929,24,,,0,100,,6928,24,,,0,101,,6934,24,,,0,103,,6930,24,,,0,100,,8229,24,,,0,100,,6931,24,,,0,100,,8228,24,,,0,100,,5233,24,,,0,100,,6933,24,,,0,97,,6936,24,,,0,98,,5231,24,,,0,106,,5234,24,,,0,99,,6937,24,,,0,100,,6938,24,0,17 18 19,0
300,'5434',657,,8238,24,,,0,69,,8235,24,,,0,93,,8240,24,,,0,194,,8239,24,,,0,31,,8249,24,,,0,70,,8242,24,,,0,30,,8236,24,,,0,71,,8244,24,,,0,30,,8248,24,,,0,172,,8231,24,,,0,132,,8233,24,,,0,52,,8232,24,,,0,114,,8241,24,,,0,28,,8234,24,,,0,267,,8243,24,,,0,99,,8247,24,,,0,99,,8245,24,,,0,100,,8246,24,,,0,95,,8230,24,0,17 18 19,0
1300,'4528',719,,7794,18,,,0,135,,6215,18,,,0,148,,6217,18,,,0,100,,6216,18,,,0,100,,6218,18,,,0,213,,6214,18,,,0,108,,6219,18,,,0,108,,6220,18,,,0,108,,6221,18,,,0,105,,6222,18,,,0,105,,6223,18,,,0
1300,'4532',756,,6229,18,,,0,102,,6230,18,,,0,145,,6228,18,,,0,100,,6231,18,,,0,102,,6232,18,,,0,197,,6235,18,,,0,146,,6236,18,,,0,100,,6233,18,,,0,99,,6237,18,,,0,100,,6238,18,,,0,99,,6234,18,,,0,99,,6239,18,,,0
1300,'5221',845,,7796,18,,,0,363,,7797,18,,,0,325,,7795,18,,,0,271,,6227,18,,,0
1400,'4528',620,,6272,14,,,0,31,,6271,14,,,0,89,,7800,14,,,0,67,,7802,14,,,0,42,,6269,14,,,0,91,,7803,14,,,0,114,,7801,14,,,0,185,,6273,14,,,0,217,,6268,14,,,0,155,,6274,14,,,0,39,,6275,14,,,0,75,,6276,14,,,0,79,,6277,14,,,0,219,,6278,14,,,0,30,,6279,14,,,0
1400,'4532',807,,8658,14,,,0,135,,8660,14,,,0,96,,7811,14,,,0,101,,7808,14,,,0,100,,6289,14,,,0,100,,8661,14,,,0,105,,6291,14,,,0,213,,6292,14,,,0,245,,8659,14,,,0,100,,7810,14,,,0
1400,'5221',912,,7813,14,,,0,200,,8662,14,,,0,130,,7816,14,,,0,95,,6282,14,,,0,100,,7814,14,,,0,170,,7815,14,,,0,225,,7817,14,,,0
1400,'5434',1909,,8663,14,,,0
