700,'5425',742,,5706,24,,,0,67,,5707,24,,,0,100,,5708,24,,,0,97,,5709,24,,,0,33,,5711,24,,,0,70,,5710,24,,,0,27,,5713,24,,,0,73,,5719,24,,,0,28,,5714,24,,,0,69,,5712,24,,,0,32,,5715,24,,,0,68,,5726,24,,,0,32,,5717,24,,,0,70,,5721,24,,,0,31,,5716,24,,,0,69,,5718,24,,,0,31,,5720,24,,,0,67,,5724,24,,,0,32,,5722,24,,,0,67,,5727,24,,,0,31,,5723,24,,,0,68,,5729,24,,,0,101,,5725,24,,,0,99,,5731,24,,,0,103,,5728,24,,,0,95,,5730,24,,,0,99,,5732,24,,,0
700,'5426',629,,5651,24,,,0,18,,5652,24,,,0,57,,5653,24,,,0,14,,5654,24,,,0,16,,5655,24,,,0,17,,5656,24,,,0,58,,5657,24,,,0,20,,5658,24,,,0,11,,5659,24,,,0,18,,5660,24,,,0,51,,5661,24,,,0,15,,5662,24,,,0,13,,5663,24,,,0,17,,5664,24,,,0,54,,5680,24,,,0,17,,5665,24,,,0,13,,5705,24,,,0,17,,5666,24,,,0,70,,5667,24,,,0,33,,5668,24,,,0,68,,5669,24,,,0,32,,5670,24,,,0,68,,5671,24,,,0,32,,5672,24,,,0,71,,5673,24,,,0,73,,5674,24,,,0,11,,5675,24,,,0,15,,5676,24,,,0,17,,5677,24,,,0,14,,5678,24,,,0,56,,5679,24,,,0,13,,5681,24,,,0,17,,5684,24,,,0,12,,5696,24,,,0,58,,5685,24,,,0,12,,5682,24,,,0,17,,5686,24,,,0,11,,5697,24,,,0,58,,5687,24,,,0,10,,5683,24,,,0,16,,5688,24,,,0,13,,5699,24,,,0,72,,5689,24,,,0,27,,5698,24,,,0,73,,5690,24,,,0,26,,5701,24,,,0,72,,5691,24,,,0,28,,5700,24,,,0,70,,5692,24,,,0,28,,5702,24,,,0,70,,5693,24,,,0,26,,5703,24,,,0,73,,5694,24,,,0,31,,5704,24,,,0,70,,5695,24,,,0
700,'5427',629,,7299,24,,,0,18,,7300,24,,,0,57,,7301,24,,,0,14,,7302,24,,,0,16,,7303,24,,,0,17,,7304,24,,,0,58,,7305,24,,,0,20,,7306,24,,,0,11,,7307,24,,,0,18,,7308,24,,,0,51,,7309,24,,,0,15,,7310,24,,,0,13,,7311,24,,,0,17,,7312,24,,,0,54,,7328,24,,,0,17,,7313,24,,,0,13,,7353,24,,,0,17,,7314,24,,,0,70,,7315,24,,,0,33,,7316,24,,,0,68,,7317,24,,,0,32,,7318,24,,,0,68,,7319,24,,,0,32,,7320,24,,,0,71,,7321,24,,,0,73,,7322,24,,,0,11,,7323,24,,,0,15,,7324,24,,,0,17,,7325,24,,,0,14,,7326,24,,,0,56,,7327,24,,,0,13,,7329,24,,,0,17,,7332,24,,,0,12,,7344,24,,,0,58,,7333,24,,,0,12,,7330,24,,,0,17,,7334,24,,,0,11,,7345,24,,,0,58,,7335,24,,,0,10,,7331,24,,,0,16,,7336,24,,,0,13,,7347,24,,,0,72,,7337,24,,,0,27,,7346,24,,,0,73,,7338,24,,,0,26,,7349,24,,,0,72,,7339,24,,,0,28,,7348,24,,,0,70,,7340,24,,,0,28,,7350,24,,,0,70,,7341,24,,,0,26,,7351,24,,,0,73,,7342,24,,,0,31,,7352,24,,,0,70,,7343,24,,,0
700,'5428',657,,7393,24,,,0,70,,7391,24,,,0,31,,7379,24,,,0,70,,7354,24,,,0,31,,7355,24,,,0,71,,7357,24,,,0,29,,7356,24,,,0,71,,7363,24,,,0,71,,7368,24,,,0,14,,7383,24,,,0,16,,7369,24,,,0,15,,7384,24,,,0,63,,7371,24,,,0,33,,7366,24,,,0,68,,7372,24,,,0,30,,7365,24,,,0,72,,7373,24,,,0,28,,7367,24,,,0,70,,7385,24,,,0,13,,7374,24,,,0,14,,7386,24,,,0,16,,7375,24,,,0,54,,7389,24,,,0,15,,7364,24,,,0,16,,7388,24,,,0,14,,7376,24,,,0,55,,7387,24,,,0,24,,7370,24,,,0,69,,7377,24,,,0,30,,7358,24,,,0,76,,7359,24,,,0,32,,7360,24,,,0,76,,7381,24,,,0,34,,7380,24,,,0,105,,7361,24,,,0,96,,7362,24,,,0,100,,7378,24,,,0,96,,7382,24,,,0,67,,7390,24,,,0,28,,7392,24,,,0
700,'5429',742,,7394,24,,,0,67,,7395,24,,,0,100,,7396,24,,,0,97,,7397,24,,,0,33,,7399,24,,,0,70,,7398,24,,,0,27,,7401,24,,,0,73,,7407,24,,,0,28,,7402,24,,,0,69,,7400,24,,,0,32,,7403,24,,,0,68,,7414,24,,,0,32,,7405,24,,,0,70,,7409,24,,,0,31,,7404,24,,,0,69,,7406,24,,,0,31,,7408,24,,,0,67,,7412,24,,,0,32,,7410,24,,,0,67,,7415,24,,,0,31,,7411,24,,,0,68,,7417,24,,,0,101,,7413,24,,,0,99,,7419,24,,,0,103,,7416,24,,,0,95,,7418,24,,,0,99,,7420,24,,,0
900,'4528',749,,5898,31,,,0,155,,5903,31,,,0,115,,5908,31,,,0,116,,5913,31,,,0,375,,5927,31,,,0
900,'4532',712,,6034,31,,,0,103,,5995,31,,,0,205,,5999,31,,,0,113,,6026,31,,,0,117,,6004,31,,,0,173,,6006,31,,,0,30,,6007,31,,,0,52,,6024,31,,,0,30,,6028,31,,,0,70,,6025,31,,,0,30,,6027,31,,,0,15,,6012,31,,,0,100,,6014,31,,,0
900,'5221',943,,5965,31,,,0
900,'5425',742,,5960,31,,,0,70,,5962,31,,,0,31,,5961,31,,,0,70,,5963,31,,,0,101,,5964,31,,,0,31,,5966,31,,,0,70,,5968,31,,,0,30,,5969,31,,,0,71,,5967,31,,,0,30,,5970,31,,,0,71,,5971,31,,,0,30,,5974,31,,,0,71,,5973,31,,,0,30,,5975,31,,,0,70,,5972,31,,,0,31,,5986,31,,,0,70,,5976,31,,,0,30,,5978,31,,,0,69,,5977,31,,,0,30,,5979,31,,,0,69,,5980,31,,,0,30,,5991,31,,,0,70,,5985,31,,,0,29,,5981,31,,,0,68,,5982,31,,,0,30,,5983,31,,,0,70,,5984,31,,,0,29,,5990,31,,,0,70,,5987,31,,,0,29,,5988,31,,,0,68,,5989,31,,,0,30,,5992,31,,,0,70,,5993,31,,,0
900,'5426',644,,5896,31,,,0,72,,5897,31,,,0,89,,5899,31,,,0,17,,5900,31,,,0,17,,5901,31,,,0,13,,5902,31,,,0,68,,5904,31,,,0,14,,5905,31,,,0,15,,5906,31,,,0,55,,5907,31,,,0,30,,5909,31,,,0,15,,5910,31,,,0,55,,5911,31,,,0,15,,5912,31,,,0,32,,5914,31,,,0,55,,5915,31,,,0,15,,5916,31,,,0,15,,5917,31,,,0,16,,5918,31,,,0,54,,5919,31,,,0,15,,5920,31,,,0,16,,5921,31,,,0,15,,5922,31,,,0,55,,5923,31,,,0,15,,5924,31,,,0,15,,5925,31,,,0,14,,5926,31,,,0,73,,5928,31,,,0,15,,5929,31,,,0,17,,5930,31,,,0,55,,5931,31,,,0,16,,5932,31,,,0,14,,5933,31,,,0,15,,5934,31,,,0,57,,5935,31,,,0,15,,5936,31,,,0,13,,5937,31,,,0,13,,5938,31,,,0,53,,5939,31,,,0,15,,5940,31,,,0,13,,5941,31,,,0,12,,5942,31,,,0,55,,5943,31,,,0,15,,5944,31,,,0,15,,5945,31,,,0,14,,5946,31,,,0,55,,5947,31,,,0,16,,5948,31,,,0,14,,5949,31,,,0,15,,5950,31,,,0,60,,5951,31,,,0,20,,5952,31,,,0,33,,5953,31,,,0,70,,5954,31,,,0,23,,5955,31,,,0,73,,5956,31,,,0,25,,5957,31,,,0,71,,5958,31,,,0,25,,5959,31,,,0,70,,5895,31,,,0
900,'5427',644,,7544,31,,,0,72,,7545,31,,,0,89,,7546,31,,,0,17,,7547,31,,,0,17,,7548,31,,,0,13,,7549,31,,,0,68,,7550,31,,,0,14,,7551,31,,,0,15,,7552,31,,,0,55,,7553,31,,,0,30,,7554,31,,,0,15,,7555,31,,,0,55,,7556,31,,,0,15,,7557,31,,,0,32,,7558,31,,,0,55,,7559,31,,,0,15,,7560,31,,,0,15,,7561,31,,,0,16,,7562,31,,,0,54,,7563,31,,,0,15,,7564,31,,,0,16,,7565,31,,,0,15,,7566,31,,,0,55,,7567,31,,,0,15,,7568,31,,,0,15,,7569,31,,,0,14,,7570,31,,,0,73,,7571,31,,,0,15,,7572,31,,,0,17,,7573,31,,,0,55,,7574,31,,,0,16,,7575,31,,,0,14,,7576,31,,,0,15,,7577,31,,,0,57,,7578,31,,,0,15,,7579,31,,,0,13,,7580,31,,,0,13,,7581,31,,,0,53,,7582,31,,,0,15,,7583,31,,,0,13,,7584,31,,,0,12,,7585,31,,,0,55,,7586,31,,,0,15,,7587,31,,,0,15,,7588,31,,,0,14,,7589,31,,,0,55,,7590,31,,,0,16,,7591,31,,,0,14,,7592,31,,,0,15,,7593,31,,,0,60,,7594,31,,,0,20,,7595,31,,,0,33,,7596,31,,,0,70,,7597,31,,,0,23,,7598,31,,,0,73,,7599,31,,,0,25,,7600,31,,,0,71,,7601,31,,,0,25,,7602,31,,,0,70,,7543,31,,,0
900,'5428',642,,7630,31,,,0,103,,7624,31,,,0,101,,7604,31,,,0,70,,7605,31,,,0,32,,7603,31,,,0,101,,7608,31,,,0,69,,7606,31,,,0,30,,7609,31,,,0,55,,7627,31,,,0,15,,7607,31,,,0,103,,7611,31,,,0,30,,7610,31,,,0,169,,7613,31,,,0,30,,7614,31,,,0,70,,7612,31,,,0,85,,7628,31,,,0,15,,7616,31,,,0,15,,7626,31,,,0,85,,7615,31,,,0,35,,7618,31,,,0,79,,7622,31,,,0,70,,7619,31,,,0,100,,7620,31,,,0,100,,7617,31,,,0,98,,7621,31,,,0,101,,7623,31,,,0,102,,7625,31,,,0,103,,7629,31,,,0
900,'5429',742,,7631,31,,,0,70,,7633,31,,,0,31,,7632,31,,,0,70,,7634,31,,,0,101,,7635,31,,,0,31,,7636,31,,,0,70,,7638,31,,,0,30,,7639,31,,,0,71,,7637,31,,,0,30,,7640,31,,,0,71,,7641,31,,,0,30,,7644,31,,,0,71,,7643,31,,,0,30,,7645,31,,,0,70,,7642,31,,,0,31,,7656,31,,,0,70,,7646,31,,,0,30,,7648,31,,,0,69,,7647,31,,,0,30,,7649,31,,,0,69,,7650,31,,,0,30,,7661,31,,,0,70,,7655,31,,,0,29,,7651,31,,,0,68,,7652,31,,,0,30,,7653,31,,,0,70,,7654,31,,,0,29,,7660,31,,,0,70,,7657,31,,,0,29,,7658,31,,,0,68,,7659,31,,,0,30,,7662,31,,,0,70,,7663,31,,,0
