100,'4528',610,,4803,18,,,0,30,,4804,26,,,0,72,,4805,26,,,0,31,,4806,26,,,0,74,,4815,26,,,0,15,,4814,26,,,0,15,,4842,26,,,0,100,,4837,26,,,0,81,,4847,26,,,0,223,,4834,26,,,0,70,,4833,26,,,0,193,,4816,26,,,0,105,,4838,26,,,0,15,,4844,26,,,0,113,,4829,26,,,0,82,,4827,26,,,0,119,,4835,26,,,0,97,,4826,26,,,0,99,,4820,26,,,0,100,,4817,26,,,0,97,,4841,26,,,0
100,'4532',947,,4891,26,,,0,102,,4896,26,,,0,102,,4898,26,,,0,100,,4901,26,,,0,100,,4902,26,,,0
100,'5221',737,,4856,26,,,0,100,,4859,26,,,0,204,,4861,26,,,0,101,,4864,26,,,0,103,,4866,26,,,0,369,,4872,26,,,0,99,,4883,26,,,0,100,,4886,26,,,0
100,'5425',718,,4855,26,,,0,89,,4857,26,,,0,100,,4858,26,,,0,32,,4860,26,,,0,72,,4863,26,,,0,100,,4862,26,,,0,104,,4876,26,,,0,100,,4865,26,,,0,30,,4869,26,,,0,70,,4867,26,,,0,30,,4870,26,,,0,71,,4871,26,,,0,30,,4868,26,,,0,98,,4873,26,,,0,99,,4874,26,,,0,103,,4877,26,,,0,65,,4875,26,,,0,29,,4878,26,,,0,70,,4887,26,,,0,29,,4880,26,,,0,70,,4879,26,,,0,29,,4881,26,,,0,68,,4882,26,,,0,30,,4884,26,,,0,70,,4888,26,,,0,37,,4885,26,,,0,62,,4889,26,,,0
100,'5426',800,,4807,26,,,0,101,,4843,26,,,0,15,,4818,26,,,0,16,,4810,26,,,0,75,,4836,26,,,0,41,,4846,26,,,0,71,,4845,26,,,0,30,,4850,26,,,0,72,,4849,26,,,0,130,,4824,26,,,0,70,,4813,26,,,0,33,,4812,26,,,0,79,,4811,26,,,0,17,,4839,26,,,0,55,,4821,26,,,0,44,,4840,26,,,0,55,,4853,26,,,0,14,,4852,26,,,0,14,,4832,26,,,0,68,,4854,26,,,0,14,,4830,26,,,0,30,,4848,26,,,0,60,,4851,26,,,0,19,,4828,26,,,0,92,,4831,26,,,0,99,,4822,26,,,0,100,,4819,26,,,0,99,,4825,26,,,0,96,,4823,26,,,0,29,,4808,26,,,0,70,,4809,26,,,0
100,'5427',800,,6581,26,,,0,101,,6602,26,,,0,15,,6588,26,,,0,16,,6584,26,,,0,75,,6599,26,,,0,41,,6604,26,,,0,71,,6603,26,,,0,30,,6607,26,,,0,72,,6606,26,,,0,130,,6593,26,,,0,70,,6587,26,,,0,33,,6586,26,,,0,79,,6585,26,,,0,17,,6600,26,,,0,55,,6590,26,,,0,44,,6601,26,,,0,55,,6610,26,,,0,14,,6609,26,,,0,14,,6598,26,,,0,68,,6611,26,,,0,14,,6596,26,,,0,30,,6605,26,,,0,60,,6608,26,,,0,19,,6595,26,,,0,92,,6597,26,,,0,99,,6591,26,,,0,100,,6589,26,,,0,99,,6594,26,,,0,96,,6592,26,,,0,29,,6582,26,,,0,70,,6583,26,,,0
100,'5428',648,,6634,26,,,0,9,,6636,26,,,0,70,,6637,26,,,0,30,,6612,26,,,0,67,,6639,26,,,0,20,,6613,26,,,0,15,,6640,26,,,0,57,,6614,26,,,0,16,,6641,26,,,0,87,,6616,26,,,0,100,,6615,26,,,0,102,,6618,26,,,0,100,,6617,26,,,0,100,,6620,26,,,0,31,,6619,26,,,0,70,,6621,26,,,0,30,,6623,26,,,0,69,,6624,26,,,0,13,,6642,26,,,0,15,,6625,26,,,0,55,,6643,26,,,0,15,,6622,26,,,0,14,,6644,26,,,0,14,,6626,26,,,0,55,,6645,26,,,0,15,,6627,26,,,0,15,,6646,26,,,0,15,,6628,26,,,0,70,,6629,26,,,0,85,,6633,26,,,0,99,,6632,26,,,0,104,,6631,26,,,0,104,,6630,26,,,0,103,,6635,26,,,0,97,,6638,26,,,0
100,'5429',718,,6647,26,,,0,89,,6648,26,,,0,100,,6649,26,,,0,32,,6650,26,,,0,72,,6652,26,,,0,100,,6651,26,,,0,104,,6662,26,,,0,100,,6653,26,,,0,30,,6656,26,,,0,70,,6654,26,,,0,30,,6657,26,,,0,71,,6658,26,,,0,30,,6655,26,,,0,98,,6659,26,,,0,99,,6660,26,,,0,103,,6663,26,,,0,65,,6661,26,,,0,29,,6664,26,,,0,70,,6671,26,,,0,29,,6666,26,,,0,70,,6665,26,,,0,29,,6667,26,,,0,68,,6668,26,,,0,30,,6669,26,,,0,70,,6672,26,,,0,37,,6670,26,,,0,62,,6673,26,,,0
200,'4528',732,,5068,33,,,0,103,,5070,33,,,0,111,,5074,33,,,0,100,,5078,33,,,0,99,,5077,33,,,0,101,,5080,33,,,0,100,,5082,33,,,0,101,,5083,33,,,0,103,,5086,33,,,0,108,,5056,33,,,0,97,,5059,33,,,0
200,'4532',913,,5103,33,,,0
200,'5425',817,,5088,33,,,0,41,,5087,33,,,0,153,,5090,33,,,0,100,,5089,33,,,0,101,,5091,33,,,0,105,,5092,33,,,0,96,,5094,33,,,0,100,,5093,33,,,0,98,,5097,33,,,0,106,,5099,33,,,0,99,,5098,33,,,0,124,,5095,33,,,0,99,,5096,33,,,0
200,'5426',626,,5067,33,,,0,78,,5066,33,,,0,43,,5071,33,,,0,72,,5069,33,,,0,31,,5072,33,,,0,66,,5075,33,,,0,100,,5073,33,,,0,99,,5076,33,,,0,101,,5079,33,,,0,100,,5081,33,,,0,101,,5084,33,,,0,106,,5085,33,,,0,105,,5062,33,,,0,99,,5058,33,,,0,98,,5065,33,,,0,34,,5057,33,,,0,80,,5061,33,,,0,69,,5055,33,,,0,33,,5060,33,,,0,65,,5054,33,,,0,30,,5063,33,,,0
200,'5427',626,,6776,33,,,0,78,,6775,33,,,0,43,,6778,33,,,0,72,,6777,33,,,0,31,,6779,33,,,0,66,,6781,33,,,0,100,,6780,33,,,0,99,,6782,33,,,0,101,,6783,33,,,0,100,,6784,33,,,0,101,,6785,33,,,0,106,,6786,33,,,0,105,,6771,33,,,0,99,,6768,33,,,0,98,,6774,33,,,0,34,,6767,33,,,0,80,,6770,33,,,0,69,,6766,33,,,0,33,,6769,33,,,0,65,,6765,33,,,0,30,,6772,33,,,0
200,'5428',800,,6788,33,,,0,215,,6787,33,,,0,101,,6790,33,,,0,100,,6789,33,,,0,101,,6791,33,,,0,100,,6792,33,,,0,100,,6795,33,,,0,30,,6796,33,,,0,70,,6794,33,,,0,30,,6793,33,,,0,70,,6797,33,,,0,30,,6798,33,,,0,70,,6799,33,,,0,88,,6804,33,,,0,40,,6802,33,,,0,91,,6800,33,,,0,93,,6801,33,,,0,100,,6803,33,,,0
200,'5429',817,,6806,33,,,0,41,,6805,33,,,0,153,,6808,33,,,0,100,,6807,33,,,0,101,,6809,33,,,0,105,,6810,33,,,0,96,,6812,33,,,0,100,,6811,33,,,0,98,,6815,33,,,0,106,,6817,33,,,0,99,,6816,33,,,0,124,,6813,33,,,0,99,,6814,33,,,0
300,'4528',645,,5210,37,,,0,200,,5202,37,,,0,108,,5196,37,,,0,404,,5204,37,,,0,269,,5211,37,,,0,113,,5183,37,,,0,112,,5217,37,,,0
300,'4532',842,,5240,37,,,0,508,,5252,37,,,0,171,,5255,37,,,0,100,,5257,37,,,0,99,,5258,37,,,0
300,'5221',1619,,5233,37,,,0,294,,5231,37,,,0,105,,5234,37,,,0
300,'5425',821,,5223,37,,,0,93,,5225,37,,,0,100,,5224,37,,,0,101,,5230,37,,,0,104,,5226,37,,,0,100,,5232,37,,,0,100,,5227,37,,,0,100,,5228,37,,,0,199,,5229,37,,,0,97,,5235,37,,,0,301,,5236,37,,,0
300,'5426',707,,5197,37,,,0,18,,5194,9,,,0,12,,5192,37,,,0,76,,5213,37,,,0,18,,5199,37,,,0,72,,5203,37,,,0,19,,5195,37,,,0,101,,5198,37,,,0,31,,5220,37,,,0,70,,5205,37,,,0,30,,5193,37,,,0,71,,5207,37,,,0,30,,5219,37,,,0,70,,5184,37,,,0,104,,5185,37,,,0,73,,5214,37,,,0,32,,5200,37,,,0,13,,5222,37,,,0,12,,5187,37,,,0,52,,5186,37,,,0,30,,5189,37,,,0,15,,5191,37,,,0,55,,5218,37,,,0,14,,5201,37,,,0,28,,5188,37,,,0,55,,5209,37,,,0,15,,5190,37,,,0,97,,5208,37,,,0,30,,5221,37,,,0,70,,5206,37,,,0,99,,5216,37,,,0,98,,5212,37,,,0,98,,5215,37,,,0
300,'5427',707,,6882,37,,,0,18,,6880,9,,,0,12,,6878,37,,,0,76,,6894,37,,,0,18,,6884,37,,,0,72,,6887,37,,,0,19,,6881,37,,,0,101,,6883,37,,,0,31,,6900,37,,,0,70,,6888,37,,,0,30,,6879,37,,,0,71,,6890,37,,,0,30,,6899,37,,,0,70,,6870,37,,,0,104,,6871,37,,,0,73,,6895,37,,,0,32,,6885,37,,,0,13,,6902,37,,,0,12,,6873,37,,,0,52,,6872,37,,,0,30,,6875,37,,,0,15,,6877,37,,,0,55,,6898,37,,,0,14,,6886,37,,,0,28,,6874,37,,,0,55,,6892,37,,,0,15,,6876,37,,,0,97,,6891,37,,,0,30,,6901,37,,,0,70,,6889,37,,,0,99,,6897,37,,,0,98,,6893,37,,,0,98,,6896,37,,,0
300,'5428',735,,6904,37,,,0,70,,6903,37,,,0,113,,6907,37,,,0,30,,6908,37,,,0,71,,6906,37,,,0,30,,6905,37,,,0,70,,6909,37,,,0,30,,6910,37,,,0,70,,6912,37,,,0,31,,6911,37,,,0,70,,6915,37,,,0,100,,6914,37,,,0,30,,6917,37,,,0,101,,6916,37,,,0,100,,6913,37,,,0,99,,6918,37,,,0,70,,6920,37,,,0,34,,6921,37,,,0,64,,6922,37,,,0,85,,6923,37,,,0,105,,6925,37,,,0,105,,6926,37,,,0,102,,6919,37,,,0,97,,6924,37,,,0
300,'5429',821,,6927,37,,,0,93,,6929,37,,,0,100,,6928,37,,,0,101,,6934,37,,,0,104,,6930,37,,,0,100,,6935,37,,,0,100,,6931,37,,,0,100,,6932,37,,,0,199,,6933,37,,,0,97,,6936,37,,,0,301,,6937,37,,,0
