601,'4528',923,,5607,26,,,0,120,,5608,26,,,0,75,,5610,26,,,0,538,,5617,26,,,0,75,,5620,26,,,0,95,,5619,26,,,0
601,'4532',1317,,5638,26,,,0,199,,5642,26,,,0
601,'5221',1651,,5631,26,,,0
601,'5425',819,,5623,24,,,0,120,,5624,24,,,0,95,,5627,24,,,0,112,,5626,26,,,0,100,,5625,26,,,0,100,,5630,26,,,0,100,,5628,26,,,0,100,,5629,26,,,0,198,,5632,24,,,0,105,,5634,24,,,0,100,,5633,24,,,0
601,'5426',718,,5605,26,,,0,103,,5606,26,,,0,197,,5609,26,,,0,220,,5611,26,,,0,80,,5612,26,,,0,100,,5613,26,,,0,102,,5614,26,,,0,39,,5615,26,,,0,81,,5616,26,,,0,118,,5618,26,,,0,168,,5621,26,,,0,274,,5622,24,,,0
601,'5427',718,,7262,26,,,0,103,,7263,26,,,0,197,,7264,26,,,0,220,,7265,26,,,0,80,,7266,26,,,0,100,,7267,26,,,0,102,,7268,26,,,0,39,,7269,26,,,0,81,,7270,26,,,0,118,,7271,26,,,0,168,,7272,26,,,0,274,,7273,24,,,0
601,'5428',816,,7275,26,,,0,105,,7276,26,,,0,96,,7277,26,,,0,100,,7278,26,,,0,100,,7274,26,,,0,199,,7279,26,,,0,130,,7281,26,,,0,70,,7283,26,,,0,30,,7287,26,,,0,70,,7284,26,,,0,30,,7286,26,,,0,70,,7282,26,,,0,185,,7280,26,,,0,122,,7285,24,,,0
601,'5429',819,,7288,24,,,0,120,,7289,24,,,0,95,,7292,24,,,0,112,,7291,26,,,0,100,,7290,26,,,0,100,,7295,26,,,0,100,,7293,26,,,0,100,,7294,26,,,0,198,,7296,24,,,0,105,,7298,24,,,0,100,,7297,24,,,0
701,'5425',702,,5828,4,,,0,25,,5829,4,,,0,100,,5830,4,,,0,95,,5831,4,,,0,35,,5834,4,,,0,70,,5832,4,,,0,25,,5833,4,,,0,75,,5841,4,,,0,25,,5836,4,,,0,70,,5835,4,,,0,30,,5838,4,,,0,70,,5848,4,,,0,30,,5840,4,,,0,70,,5844,4,,,0,30,,5839,4,,,0,70,,5837,4,,,0,30,,5843,4,,,0,70,,5847,4,,,0,30,,5842,4,,,0,70,,5849,4,,,0,30,,5845,4,,,0,70,,5851,4,,,0,100,,5846,4,,,0,101,,5854,4,,,0,103,,5850,4,,,0,97,,5852,4,,,0,102,,5853,4,,,0
701,'5426',607,,5774,4,,,0,15,,5775,4,,,0,15,,5776,4,,,0,15,,5777,4,,,0,56,,5778,4,,,0,15,,5779,4,,,0,15,,5780,4,,,0,15,,5781,4,,,0,55,,5782,4,,,0,15,,5783,4,,,0,15,,5784,4,,,0,14,,5785,4,,,0,56,,5786,4,,,0,15,,5822,4,,,0,15,,5787,4,,,0,15,,5827,4,,,0,55,,5788,4,,,0,30,,5789,4,,,0,70,,5790,4,,,0,30,,5791,4,,,0,70,,5792,4,,,0,30,,5793,4,,,0,70,,5794,4,,,0,30,,5795,4,,,0,70,,5796,4,,,0,15,,5797,4,,,0,15,,5798,4,,,0,15,,5799,4,,,0,55,,5800,4,,,0,15,,5801,4,,,0,15,,5802,4,,,0,15,,5803,4,,,0,55,,5804,4,,,0,15,,5805,4,,,0,15,,5806,4,,,0,15,,5807,4,,,0,55,,5808,4,,,0,16,,5809,4,,,0,14,,5823,4,,,0,15,,5824,4,,,0,55,,5810,4,,,0,30,,5811,4,,,0,69,,5812,4,,,0,31,,5813,4,,,0,69,,5814,4,,,0,30,,5815,4,,,0,70,,5816,4,,,0,30,,5817,4,,,0,70,,5818,4,,,0,30,,5819,4,,,0,70,,5820,4,,,0,33,,5821,4,,,0,73,,5825,4,,,0,30,,5826,4,,,0
701,'5427',607,,7422,4,,,0,15,,7423,4,0,5,0,15,,7424,4,,,0,15,,7425,4,0,5,0,56,,7426,4,0,5,0,15,,7427,4,,,0,15,,7428,4,0,5,0,15,,7429,4,,,0,55,,7430,4,0,5,0,15,,7431,4,,,0,15,,7432,4,0,5,0,14,,7433,4,,,0,56,,7434,4,0,5,0,15,,7470,4,,,0,15,,7435,4,0,5,0,15,,7475,4,,,0,55,,7436,4,0,5,0,30,,7437,4,,,0,70,,7438,4,0,5,0,30,,7439,4,,,0,70,,7440,4,0,5,0,30,,7441,4,,,0,70,,7442,4,0,5,0,30,,7443,4,,,0,70,,7444,4,0,5,0,15,,7445,4,,,0,15,,7446,4,,,0,15,,7447,4,0,5,0,55,,7448,4,,,0,15,,7449,4,0,5,0,15,,7450,4,,,0,15,,7451,4,0,5,0,55,,7452,4,,,0,15,,7453,4,0,5,0,15,,7454,4,,,0,15,,7455,4,0,5,0,55,,7456,4,,,0,16,,7457,4,0,5,0,14,,7471,4,,,0,15,,7472,4,0,5,0,55,,7458,4,,,0,30,,7459,4,0,5,0,69,,7460,4,,,0,31,,7461,4,0,5,0,69,,7462,4,,,0,30,,7463,4,0,5,0,70,,7464,4,,,0,30,,7465,4,0,5,0,70,,7466,4,,,0,30,,7467,4,0,5,0,70,,7468,4,,,0,33,,7469,4,0,5,0,73,,7473,4,,,0,30,,7474,4,0,5,0
701,'5428',617,,7514,4,0,5,0,30,,7513,4,,,0,70,,7501,4,0,5,0,30,,7476,4,,,0,70,,7477,4,,,0,30,,7478,4,0,5,0,70,,7479,4,,,0,30,,7487,4,,,0,70,,7492,4,0,5,0,15,,7505,4,,,0,15,,7491,4,0,5,0,56,,7506,4,,,0,22,,7494,4,,,0,30,,7490,4,0,5,0,70,,7493,4,,,0,30,,7486,4,,,0,70,,7496,4,0,5,0,30,,7489,4,,,0,68,,7509,4,0,5,0,15,,7497,4,,,0,15,,7510,4,,,0,55,,7498,4,0,5,0,15,,7508,4,,,0,15,,7485,4,,,0,15,,7511,4,0,5,0,55,,7495,4,,,0,15,,7507,4,,,0,23,,7488,4,0,5,0,70,,7499,4,,,0,30,,7480,4,,,0,75,,7483,4,0,5,0,35,,7484,4,,,0,75,,7502,4,0,5,0,75,,7503,4,,,0,105,,7482,4,,,0,96,,7481,4,0,5,0,105,,7500,4,,,0,100,,7504,4,,,0,25,,7512,4,0,5,0,70,,7515,4,,,0
701,'5429',702,,7516,4,,,0,25,,7517,4,0,5,0,100,,7518,4,,,0,95,,7519,4,0,5,0,35,,7522,4,,,0,70,,7520,4,,,0,25,,7521,4,0,5,0,75,,7529,4,,,0,25,,7524,4,0,5,0,70,,7523,4,,,0,30,,7526,4,0,5,0,70,,7536,4,,,0,30,,7528,4,0,5,0,70,,7532,4,,,0,30,,7527,4,0,5,0,70,,7525,4,,,0,30,,7531,4,0,5,0,70,,7535,4,,,0,30,,7530,4,0,5,0,70,,7537,4,,,0,30,,7533,4,0,5,0,70,,7539,4,,,0,100,,7534,4,0,5,0,101,,7542,4,,,0,103,,7538,4,0,5,0,97,,7540,4,,,0,102,,7541,4,0,5,0
1600,'4528',704,,6335,27,,,0
