1600,'4528',655,,6335,14,,,0,82,,6344,14,0,5,0,67,,6336,14,0,5,0,99,,6331,14,0,5,0,100,,6332,14,0,5,0,200,,6339,14,0,5,0
1600,'4532',1603,,6360,14,0,5,0,105,,6364,14,0,5,0
1600,'5425',905,,6345,14,0,5,0,100,,6348,14,0,5,0,100,,6346,14,0,5,0,100,,6347,14,0,5,0,102,,6349,14,0,5,0,100,,6352,14,0,5,0,99,,6355,14,0,5,0,100,,6353,14,0,5,0,105,,6350,14,0,5,0,99,,6351,14,0,5,0,98,,6354,14,0,5,0,100,,6356,14,0,5,0
1600,'5426',1103,,6333,14,0,5,0,200,,6334,14,0,5,0,102,,6330,14,0,5,0,101,,6337,14,0,5,0,112,,6338,14,0,5,0,101,,6341,14,0,5,0,95,,6343,14,0,5,0,98,,6342,14,0,5,0,99,,6340,14,0,5,0
1600,'5427',1103,,7837,14,0,5,0,200,,7838,14,0,5,0,102,,7836,14,0,5,0,101,,7839,14,0,5,0,112,,7840,14,0,5,0,101,,7842,14,0,5,0,95,,7844,14,0,5,0,98,,7843,14,0,5,0,99,,7841,14,0,5,0
1600,'5428',845,,7848,14,0,5,0,156,,7847,14,0,5,0,55,,7846,14,0,5,0,151,,7849,14,0,5,0,95,,7850,14,0,5,0,101,,7845,14,0,5,0,100,,7851,14,0,5,0,300,,7852,14,0,5,0,97,,7853,14,0,5,0,100,,7854,14,0,5,0
1600,'5429',905,,7855,14,0,5,0,100,,7858,14,0,5,0,100,,7856,14,0,5,0,100,,7857,14,0,5,0,102,,7859,14,0,5,0,100,,7862,14,0,5,0,99,,7865,14,0,5,0,100,,7863,14,0,5,0,105,,7860,14,0,5,0,99,,7861,14,0,5,0,98,,7864,14,0,5,0,100,,7866,14,0,5,0
1700,'4528',729,,6418,45,,,0
1700,'5425',917,,6426,45,,,0,100,,6427,45,,,0,102,,6428,26,,,0,96,,6429,44,,,0,200,,6431,26,,,0,208,,6430,14,,,0,102,,6432,26,,,0,112,,6433,26,,,0,85,,6434,14,,,0,130,,6435,14,,,0
1700,'5426',702,,6410,45,,,0,129,,6416,45,,,0,86,,6422,45,,,0,99,,6409,45,,,0,100,,6413,45,,,0,100,,6408,45,,,0,99,,6411,26,,,0,101,,6414,26,,,0,115,,6417,26,,,0,93,,6419,26,,,0,107,,6424,26,,,0,97,,6420,26,,,0,113,,6423,45,,,0,87,,6421,14,,,0,98,,6415,14,,,0,115,,6412,14,,,0,114,,6425,14,,,0
1700,'5427',702,,7900,45,,,0,129,,7906,45,,,0,86,,7911,45,,,0,99,,7899,45,,,0,100,,7903,45,,,0,100,,7898,45,,,0,99,,7901,26,,,0,101,,7904,26,,,0,115,,7907,26,,,0,93,,7908,26,,,0,107,,7913,26,,,0,97,,7909,26,,,0,113,,7912,45,,,0,87,,7910,14,,,0,98,,7905,14,,,0,115,,7902,14,,,0,114,,7914,14,,,0
1700,'5428',810,,7915,45,,,0,103,,7916,45,,,0,90,,7917,45,,,0,132,,7918,45,,,0,169,,7919,26,,,0,103,,7920,26,,,0,130,,7921,26,,,0,171,,7922,26,,,0,104,,7923,26,,,0,45,,7924,14,,,0,145,,7925,14,,,0,105,,7926,14,,,0,110,,7927,14,,,0,119,,7928,14,,,0
1700,'5429',917,,7929,45,,,0,100,,7930,45,,,0,102,,7931,26,,,0,96,,7932,44,,,0,200,,7934,26,,,0,208,,7933,14,,,0,102,,7935,26,,,0,112,,7936,26,,,0,85,,7937,14,,,0,130,,7938,14,,,0
