700,'4741',726,,863,1,,,0,27,,864,1,,,0,100,,865,1,,,0,97,,866,1,,,0,73,,868,1,,,0,30,,867,1,,,0,67,,870,1,,,0,33,,876,1,,,0,67,,871,1,,,0,29,,869,1,,,0,72,,873,1,,,0,28,,883,1,,,0,72,,874,1,,,0,29,,878,1,,,0,71,,872,1,,,0,29,,875,1,,,0,71,,877,1,,,0,27,,882,1,,,0,72,,879,1,,,0,27,,884,1,,,0,71,,880,1,,,0,29,,886,1,,,0,101,,881,1,,,0,99,,888,1,,,0,104,,885,1,,,0,95,,887,1,,,0,101,,889,1,,,0
700,'4765',613,,890,1,,,0,18,,891,1,,,0,17,,892,1,,,0,54,,893,1,,,0,16,,894,1,,,0,6,,895,1,,,0,10,,896,1,,,0,17,,897,1,,,0,60,,898,1,,,0,11,,899,1,,,0,19,,900,1,,,0,11,,901,1,,,0,56,,902,1,,,0,12,,903,1,,,0,18,,904,1,,,0,13,,920,1,,,0,57,,905,1,,,0,13,,945,1,,,0,17,,906,1,,,0,69,,907,1,,,0,34,,908,1,,,0,67,,909,1,,,0,32,,910,1,,,0,68,,911,1,,,0,32,,912,1,,,0,69,,913,1,,,0,34,,914,1,,,0,11,,915,1,,,0,55,,916,1,,,0,18,,917,1,,,0,13,,918,1,,,0,17,,919,1,,,0,52,,921,1,,,0,18,,924,1,,,0,12,,936,1,,,0,18,,925,1,,,0,52,,922,1,,,0,18,,926,1,,,0,11,,937,1,,,0,18,,927,1,,,0,50,,923,1,,,0,16,,928,1,,,0,13,,939,1,,,0,72,,929,1,,,0,27,,938,1,,,0,73,,930,1,,,0,27,,941,1,,,0,71,,931,1,,,0,29,,940,1,,,0,70,,932,1,,,0,28,,942,1,,,0,70,,933,1,,,0,28,,943,1,,,0,73,,934,1,,,0,31,,944,1,,,0,70,,935,1,,,0
700,'4770',641,,984,1,,,0,70,,983,1,,,0,31,,971,1,,,0,70,,946,1,,,0,31,,947,1,,,0,71,,949,1,,,0,29,,948,1,,,0,71,,955,1,,,0,31,,960,1,,,0,14,,975,1,,,0,56,,961,1,,,0,15,,976,1,,,0,22,,963,1,,,0,73,,958,1,,,0,28,,964,1,,,0,70,,957,1,,,0,32,,965,1,,,0,68,,959,1,,,0,30,,979,1,,,0,53,,966,1,,,0,14,,977,1,,,0,16,,967,1,,,0,14,,981,1,,,0,55,,956,1,,,0,16,,980,1,,,0,14,,968,1,,,0,15,,978,1,,,0,64,,962,1,,,0,29,,969,1,,,0,70,,950,1,,,0,36,,951,1,,,0,73,,952,1,,,0,36,,973,1,,,0,74,,972,1,,,0,105,,953,1,,,0,96,,954,1,,,0,101,,970,1,,,0,98,,974,1,,,0,26,,982,1,,,0,69,,985,1,,,0
701,'4741',726,,986,33,4,,0,27,,987,36,4,,0,100,,988,33,4,,0,97,,989,36,4,,0,73,,992,33,4,,0,30,,990,33,4,,0,67,,991,36,4,,0,33,,999,33,4,,0,67,,994,36,4,,0,29,,993,33,4,,0,72,,996,36,4,,0,28,,1006,33,4,,0,72,,998,36,4,,0,29,,1002,33,4,,0,71,,997,36,4,,0,29,,995,33,4,,0,71,,1001,36,4,,0,27,,1005,33,4,,0,72,,1000,36,4,,0,27,,1007,33,4,,0,71,,1003,36,4,,0,29,,1009,33,4,,0,101,,1004,36,4,,0,99,,1012,33,4,,0,104,,1008,36,4,,0,95,,1010,33,4,,0,101,,1011,36,4,,0
701,'4765',613,,1013,16,4,,0,18,,1014,33,4,,0,17,,1015,36,4,,0,54,,1016,33,4,,0,16,,1017,36,4,,0,6,,1018,33,4,,0,10,,1019,36,4,,0,17,,1020,33,4,,0,60,,1021,36,4,,0,11,,1022,33,4,,0,19,,1023,36,4,,0,11,,1024,33,4,,0,56,,1025,36,4,,0,12,,1026,33,4,,0,18,,1027,36,4,,0,13,,1063,33,4,,0,57,,1028,36,4,,0,13,,1068,33,4,,0,17,,1029,36,4,,0,69,,1030,33,4,,0,34,,1031,36,4,,0,67,,1032,33,4,,0,32,,1033,36,4,,0,68,,1034,33,4,,0,32,,1035,36,4,,0,69,,1036,33,4,,0,34,,1037,36,4,,0,11,,1038,33,4,,0,55,,1039,33,4,,0,18,,1040,36,4,,0,13,,1041,33,4,,0,17,,1042,36,4,,0,52,,1043,33,4,,0,18,,1044,36,4,,0,12,,1045,33,4,,0,18,,1046,36,4,,0,52,,1047,33,4,,0,18,,1048,36,4,,0,11,,1049,33,4,,0,18,,1050,36,4,,0,50,,1064,33,4,,0,16,,1065,36,4,,0,13,,1051,33,4,,0,72,,1052,36,4,,0,27,,1053,33,4,,0,73,,1054,36,4,,0,27,,1055,33,4,,0,71,,1056,36,4,,0,29,,1057,33,4,,0,70,,1058,36,4,,0,28,,1059,33,4,,0,70,,1060,36,4,,0,28,,1061,33,4,,0,73,,1062,36,4,,0,31,,1066,33,4,,0,70,,1067,36,4,,0
701,'4770',641,,1107,36,4,,0,70,,1106,33,4,,0,31,,1094,36,4,,0,70,,1070,33,4,,0,31,,1069,33,4,,0,71,,1071,36,4,,0,29,,1072,33,4,,0,71,,1080,33,4,,0,31,,1085,36,4,,0,14,,1098,33,4,,0,56,,1084,36,4,,0,15,,1099,33,4,,0,22,,1087,33,4,,0,73,,1083,36,4,,0,28,,1086,33,4,,0,70,,1079,33,4,,0,32,,1089,36,4,,0,68,,1082,33,4,,0,30,,1102,36,4,,0,53,,1090,33,4,,0,14,,1103,33,4,,0,16,,1091,36,4,,0,14,,1101,33,4,,0,55,,1078,33,4,,0,16,,1104,36,4,,0,14,,1088,33,4,,0,15,,1100,33,4,,0,64,,1081,36,4,,0,29,,1092,33,4,,0,70,,1073,33,4,,0,36,,1076,36,4,,0,73,,1077,33,4,,0,36,,1095,36,4,,0,74,,1096,33,4,,0,105,,1075,33,4,,0,96,,1074,36,4,,0,101,,1093,33,4,,0,98,,1097,33,4,,0,26,,1105,36,4,,0,69,,1108,33,4,,0
7300,'4765',740,,1828,9,,,0
7301,'4765',1528,,1829,23,,,0
7900,'4765',745,,1837,9,0,6,0
7901,'4767',1509,,1838,9,0,6,0
7901,'4769',1509,,1839,9,0,6,0
