1600,'4528',748,,6344,30,4,,0,71,,6336,30,4,,0,97,,6331,30,4,,0,100,,6332,30,4,,0,100,,6333,30,4,,0,100,,6339,30,4,,0,100,,6334,30,4,,0,103,,6330,30,4,,0,105,,6337,30,4,,0,108,,6338,30,4,,0,100,,6341,30,4,,0,93,,6343,30,4,,0,98,,6342,30,4,,0,99,,6340,30,4,,0
1600,'5272',915,,6345,30,4,,0,100,,6348,30,4,,0,100,,6346,30,4,,0,101,,6347,30,4,,0,102,,6349,30,4,,0,100,,6352,30,4,,0,99,,6355,30,4,,0,100,,6353,30,4,,0,105,,6350,30,4,,0,99,,6351,30,4,,0,97,,6354,30,4,,0,100,,6356,30,4,,0
1600,'5282',855,,6361,30,4,,0,157,,6359,30,4,,0,95,,6358,30,4,,0,111,,6362,30,4,,0,95,,6363,30,4,,0,101,,6357,30,4,,0,100,,6365,30,4,,0,100,,6360,30,4,,0,105,,6364,30,4,,0,95,,6366,30,4,,0,97,,6367,30,4,,0,100,,6368,30,4,,0
1601,'4528',730,,6374,1,,,0,100,,6370,1,,,0,100,,6371,1,,,0,100,,6369,1,,,0,100,,6378,1,,,0,100,,6372,1,,,0,100,,6373,1,,,0,100,,6376,1,,,0,110,,6377,1,,,0,100,,6380,1,,,0,100,,6382,1,,,0,100,,6381,1,,,0,100,,6379,1,,,0
1601,'5272',835,,6384,1,,,0,100,,6387,1,,,0,100,,6385,1,,,0,100,,6386,1,,,0,100,,6388,1,,,0,100,,6390,1,,,0,100,,6395,1,,,0,100,,6392,1,,,0,105,,6389,1,,,0,100,,6391,1,,,0,100,,6393,1,,,0,100,,6394,1,,,0
1601,'5282',816,,6397,1,,,0,114,,6396,1,,,0,95,,6398,1,,,0,110,,6400,1,,,0,95,,6401,1,,,0,100,,6399,1,,,0,100,,6403,1,,,0,100,,6404,1,,,0,105,,6402,1,,,0,95,,6405,1,,,0,100,,6406,1,,,0,100,,6407,1,,,0
1700,'4528',711,,6410,56,4,,0,29,,6418,56,4,,0,104,,6416,56,4,,0,84,,6422,56,4,,0,99,,6409,56,4,,0,100,,6413,56,4,,0,100,,6408,56,4,,0,99,,6411,37,4,,0,101,,6414,37,4,,0,115,,6417,37,4,,0,93,,6419,37,4,,0,107,,6424,37,4,,0,95,,6420,37,4,,0,113,,6423,56,4,,0,87,,6421,25,4,,0,98,,6415,25,4,,0,115,,6412,25,4,,0,154,,6425,25,4,,0
1700,'5272',926,,6426,56,4,,0,100,,6427,56,4,,0,102,,6428,37,4,,0,96,,6429,55,4,,0,200,,6431,37,4,,0,208,,6430,25,4,,0,102,,6432,37,4,,0,112,,6433,37,4,,0,85,,6434,25,4,,0,170,,6435,25,4,,0
1700,'5282',819,,6436,56,4,,0,103,,6437,56,4,,0,90,,6438,56,4,,0,133,,6439,56,4,,0,169,,6440,37,4,,0,103,,6441,37,4,,0,130,,6442,37,4,,0,171,,6443,37,4,,0,104,,6444,37,4,,0,85,,6445,25,4,,0,105,,6446,25,4,,0,105,,6447,25,4,,0,110,,6448,25,4,,0,119,,6449,25,4,,0
1701,'4528',715,,6458,1,0,11 12,0,85,,6463,1,0,11 12,0,100,,6451,1,0,11 12,0,100,,6454,1,0,11 12,0,100,,6450,1,0,11 12,0,100,,6452,1,0,15 1 16,0,100,,6455,1,0,15 1 16,0,110,,6457,1,0,15 1 16,0,90,,6460,1,0,15 1 16,0,110,,6465,1,0,15 1 16,0,100,,6461,1,0,15 1 16,0,105,,6464,1,0,15 1 16,0,120,,6462,1,0,13 14,0,100,,6456,1,0,13 14,0,115,,6453,1,0,13 14,0,155,,6466,1,0,13 14,0
1701,'5272',810,,6467,1,0,11 12,0,100,,6468,1,0,11 12,0,115,,6469,1,0,11 12,0,95,,6470,1,0,13 14,0,200,,6472,1,0,11 12,0,210,,6471,1,0,13 14,0,100,,6474,1,0,11 12,0,100,,6473,1,0,15 1 16,0,100,,6475,1,0,13 14,0,170,,6476,1,0,13 14,0
1701,'5282',710,,6481,1,0,11 12,0,100,,6478,1,0,11 12,0,90,,6477,1,0,11 12,0,130,,6479,1,0,11 12,0,170,,6482,1,0,15 1 16,0,100,,6483,1,0,15 1 16,0,130,,6480,1,0,15 1 16,0,170,,6484,1,0,15 1 16,0,105,,6485,1,0,15 1 16,0,100,,6487,1,0,13 14,0,105,,6488,1,0,13 14,0,105,,6489,1,0,13 14,0,110,,6486,1,0,13 14,0,120,,6490,1,0,13 14,0
