400,'4327',832,,3277,3,,,0,119,,3278,3,,,0,160,,3275,3,,,0,120,,3276,3,,,0,95,,3282,3,,,0,126,,3280,3,,,0,167,,3281,3,,,0,124,,3279,3,,,0,160,,3283,3,,,0
400,'4480',624,,3284,3,,,0,26,,3289,3,,,0,88,,3286,3,,,0,73,,3291,3,,,0,29,,3288,3,,,0,69,,3294,3,,,0,30,,3287,3,,,0,70,,3285,3,,,0,31,,3295,3,,,0,70,,3300,3,,,0,32,,3297,3,,,0,70,,3290,3,,,0,30,,3302,3,,,0,70,,3311,3,,,0,30,,3301,3,,,0,70,,3313,3,,,0,30,,3292,3,,,0,70,,3312,3,,,0,22,,3314,3,,,0,10,,3309,3,,,0,70,,3298,3,,,0,30,,3299,3,,,0,70,,3296,3,,,0,28,,3306,3,,,0,69,,3293,3,,,0,28,,3307,3,,,0,97,,3308,3,,,0,96,,3304,3,,,0,98,,3303,3,,,0,100,,3305,3,,,0,117,,3310,3,,,0
400,'5105',819,,3316,3,,,0,25,,3317,3,,,0,65,,3315,3,,,0,25,,3318,3,,,0,67,,3319,3,,,0,25,,3320,3,,,0,25,,3321,3,,,0,66,,3322,3,,,0,25,,3323,3,,,0,67,,3324,3,,,0,27,,3325,3,,,0,68,,3326,3,,,0,27,,3327,3,,,0,28,,3328,3,,,0,67,,3330,3,,,0,29,,3332,3,,,0,67,,3329,3,,,0,29,,3335,3,,,0,67,,3333,3,,,0,26,,3331,3,,,0,67,,3334,3,,,0,27,,3336,3,,,0,67,,3337,3,,,0,26,,3338,3,,,0,74,,3340,3,,,0,100,,3339,3,,,0,100,,3341,3,,,0,99,,3342,3,,,0,99,,3343,3,,,0
7001,'4480',1531,,4531,21,,,0
7100,'4480',734,,4532,8,,,0
7200,'4480',740,,4533,8,,,0
7401,'4675',1440,,4537,18,,,0
7401,'5103',1540,,4536,18,,,0
7701,'4480',1546,,4540,21,,,0
7900,'4480',751,,4543,16,0,6,0
7901,'4675',1515,,4545,16,0,6,0
7901,'5103',1515,,4544,16,0,6,0
