100,'4528',601,,4803,8,,,0,30,,4804,16,,,0,72,,4805,16,,,0,30,,4806,16,,,0,74,,4815,16,,,0,15,,4814,16,,,0,15,,4842,16,,,0,99,,4837,16,,,0,81,,4847,16,,,0,222,,4834,16,,,0,70,,4833,16,,,0,192,,4816,16,,,0,107,,4838,16,,,0,15,,4844,16,,,0,114,,4829,16,,,0,83,,4827,16,,,0,119,,4835,16,,,0,97,,4826,16,,,0,100,,4820,16,,,0,100,,4817,16,,,0,98,,4841,16,,,0
100,'4532',938,,4891,16,,,0,101,,4896,16,,,0,102,,4898,16,,,0,100,,4901,16,,,0,100,,4902,16,,,0
100,'5221',729,,4856,16,,,0,100,,4859,16,,,0,203,,4861,16,,,0,101,,4864,16,,,0,102,,4866,16,,,0,370,,4872,16,,,0,99,,4883,16,,,0,100,,4886,16,,,0
100,'5425',710,,4855,16,,,0,49,,4857,16,,,0,100,,4858,16,,,0,71,,4860,16,,,0,72,,4863,16,,,0,100,,4862,16,,,0,103,,4876,16,,,0,100,,4865,16,,,0,30,,4869,16,,,0,70,,4867,16,,,0,30,,4870,16,,,0,71,,4871,16,,,0,30,,4868,16,,,0,99,,4873,16,,,0,99,,4874,16,,,0,103,,4877,16,,,0,65,,4875,16,,,0,30,,4878,16,,,0,70,,4887,16,,,0,29,,4880,16,,,0,70,,4879,16,,,0,29,,4881,16,,,0,29,,4882,16,,,0,70,,4884,16,,,0,30,,4888,16,,,0,77,,4885,16,,,0,22,,4889,16,,,0
100,'5426',750,,4807,16,,,0,101,,4843,16,,,0,55,,4818,16,,,0,15,,4810,16,,,0,35,,4836,16,,,0,81,,4846,16,,,0,71,,4845,16,,,0,30,,4850,16,,,0,71,,4849,16,,,0,130,,4824,16,,,0,70,,4813,16,,,0,32,,4812,16,,,0,79,,4811,16,,,0,19,,4839,16,,,0,15,,4821,16,,,0,84,,4840,16,,,0,15,,4853,16,,,0,54,,4852,16,,,0,15,,4832,16,,,0,28,,4854,16,,,0,55,,4830,16,,,0,30,,4848,16,,,0,20,,4851,16,,,0,59,,4828,16,,,0,92,,4831,16,,,0,100,,4822,16,,,0,100,,4819,16,,,0,99,,4825,16,,,0,97,,4823,16,,,0,29,,4808,16,,,0,70,,4809,16,,,0
100,'5427',750,,6581,16,,,0,101,,6602,16,,,0,55,,6588,16,,,0,15,,6584,16,,,0,35,,6599,16,,,0,81,,6604,16,,,0,71,,6603,16,,,0,30,,6607,16,,,0,71,,6606,16,,,0,130,,6593,16,,,0,70,,6587,16,,,0,32,,6586,16,,,0,79,,6585,16,,,0,19,,6600,16,,,0,15,,6590,16,,,0,84,,6601,16,,,0,15,,6610,16,,,0,54,,6609,16,,,0,15,,6598,16,,,0,28,,6611,16,,,0,55,,6596,16,,,0,30,,6605,16,,,0,20,,6608,16,,,0,59,,6595,16,,,0,92,,6597,16,,,0,100,,6591,16,,,0,100,,6589,16,,,0,99,,6594,16,,,0,97,,6592,16,,,0,29,,6582,16,,,0,70,,6583,16,,,0
100,'5428',640,,6634,16,,,0,9,,6636,16,,,0,70,,6637,16,,,0,30,,6612,16,,,0,66,,6639,16,,,0,20,,6613,16,,,0,15,,6640,16,,,0,57,,6614,16,,,0,16,,6641,16,,,0,86,,6616,16,,,0,100,,6615,16,,,0,102,,6618,16,,,0,100,,6617,16,,,0,100,,6620,16,,,0,31,,6619,16,,,0,70,,6621,16,,,0,30,,6623,16,,,0,69,,6624,16,,,0,13,,6642,16,,,0,15,,6625,16,,,0,15,,6643,16,,,0,55,,6622,16,,,0,15,,6644,16,,,0,15,,6626,16,,,0,15,,6645,16,,,0,55,,6627,16,,,0,15,,6646,16,,,0,15,,6628,16,,,0,70,,6629,16,,,0,45,,6633,16,,,0,99,,6632,16,,,0,104,,6631,16,,,0,144,,6630,16,,,0,103,,6635,16,,,0,98,,6638,16,,,0
100,'5429',710,,6647,16,,,0,49,,6648,16,,,0,100,,6649,16,,,0,71,,6650,16,,,0,72,,6652,16,,,0,100,,6651,16,,,0,103,,6662,16,,,0,100,,6653,16,,,0,30,,6656,16,,,0,70,,6654,16,,,0,30,,6657,16,,,0,71,,6658,16,,,0,30,,6655,16,,,0,99,,6659,16,,,0,99,,6660,16,,,0,103,,6663,16,,,0,65,,6661,16,,,0,30,,6664,16,,,0,70,,6671,16,,,0,29,,6666,16,,,0,70,,6665,16,,,0,29,,6667,16,,,0,29,,6668,16,,,0,70,,6669,16,,,0,30,,6672,16,,,0,77,,6670,16,,,0,22,,6673,16,,,0
200,'5426',2159,,5064,22,0,17 18 19,0
200,'5427',2159,,6773,22,0,17 18 19,0
