1,100,'4332',2808,2809,2810,2811,2812,2813,2814,2815,2816,2817,2818,2819,2820,2821,2822,2823,2824,2825,2826,2827,2828,2829,2830,2831,2832,2833,2834,2835,2836,2837,2838,2839,2840,2841,2842,2843,2844,2845,2846,2847
1,100,'4480',2756,2757,2758,2759,2760,2761,2762,2763,2764,2765,2766,2767,2768,2769,2770,2771,2772,2773,2774,2775,2776,2777,2778,2779,2780,2781,2782,2783,2784,2785,2786,4555,2788,2789,2790,2791,2792,2793,2794,2795,2796,2797,2798,2799,4556,2801,2802,2803,2804,2805,2806,2807
1,101,'4332',2933,2934,2935,2936,2937,2938,2939,2940,2941,2942,2943,2944,2945,2946,2947,2948,2949,2950,2951,2952,2953,2954,2955,2956,2957,2958,2959,2960,2961,2962,2963,2964,2965,2966,2967,2968,2969,2970,2971
1,101,'4480',2882,2883,2884,2885,2886,2887,2888,2889,2890,2891,2892,2893,4561,2895,2896,2897,2898,2899,2900,2901,2902,2903,2904,2905,2906,2907,2908,2909,2910,2911,2912,2913,2914,2915,2916,2917,2918,2919,2920,2921,2922,2923,2924,2925,2926,2927,2928,2929,2930,2931,4562
2,200,'4332',3018,3019,3020,3021,3022,3023,3024,3025,3026,3027,3028,3029,3030,3031,3032,3033,3034,3035,3036
2,200,'4480',2985,2986,2987,2988,2989,2990,2991,2992,2993,2994,2995,2996,2997,2998,2999,3000,3001,3002,3003,3004,3005,3006,3007,3008,3009,3010,3011,3012,3013,3014,3015,3016,3017
2,201,'4332',3082,3083,3084,3085,3086,3087,3088,3089,3090,3091,3092,3093,3094,3095,3096,3097,3098,3099
2,201,'4480',3049,3050,3051,3052,3053,3054,3055,3056,3057,3058,3059,3060,3061,3062,3063,3064,3065,3066,3067,3068,3069,3070,3071,3072,3073,3074,3075,3076,3077,3078,3079,3080,3081
3,300,'4332',3160,3161,3162,3163,3164,3165,3166,3167,3168,3169,3170,3171,3172,3173,3174,3175,3176,4573,3178,3179,3180,3181,3182,3183,3184,3185,3186,3187,3188
3,300,'4480',3115,3116,3117,3118,3119,3120,3121,3122,3123,3124,3125,3126,3127,3128,3129,3130,3131,3132,3133,3134,3135,3136,3137,3138,3139,3140,3141,3142,3143,3144,3145,3146,3147,3148,3149,3150,3151,3152,3153,3154,3155,3156,3157,3158,3159
3,301,'4332',3246,3247,3248,3249,3250,3251,3252,3253,3254,3255,3256,3257,4578,3259,3260,3261,3262,3263,3264,3265,3266,3267,3268,3269,3270,3271,3272,3273,3274
3,301,'4480',3203,3204,3205,3206,3207,3208,3209,3210,3211,3212,3213,3214,3215,3216,3217,3218,3219,3220,3221,3222,3223,3224,3225,3226,3227,3228,3229,3230,3231,3232,3233,3234,3235,3236,3237,3238,3239,3240,3241,3242,3243,3244,3245
4,400,'4332',3315,3316,3317,3318,3319,3320,3321,3322,3323,3324,3325,3326,3327,3328,3329,3330,3331,3332,3333,3334,3335,3336,3337,3338,3339,3340,3341,3342,3343
4,400,'4480',3284,3285,3286,3287,3288,3289,3290,3291,3292,3293,3294,3295,3296,3297,3298,3299,3300,3301,3302,3303,3304,3305,3306,3307,3308,3309,3310,3311,3312,3313,3314
4,401,'4332',3384,3385,3386,3387,3388,3389,3390,3391,3392,3393,3394,3395,3396,3397,3398,3399,3400,3401,3402,3403,3404,3405,3406,3407,3408,3409,3410,3411,3412
4,401,'4480',3353,3354,3355,3356,3357,3358,3359,3360,3361,3362,3363,3364,3365,3366,3367,3368,3369,3370,3371,3372,3373,3374,3375,3376,3377,3378,3379,3380,3381,3382,3383
5,500,'4332',3448,3449,3450,3451,3452,3453,3454,3455,3456,3457,3458,3459,3460,3461,3462,3463,3464,3465,3466,3467,3468,3469,3470,3471,3472,3473
5,500,'4480',3421,3422,3423,3424,3425,3426,3427,3428,3429,3430,3431,3432,3433,3434,3435,3436,3437,3438,3439,3440,3441,3442,3443,3444,3445,3446,3447
5,501,'4332',3509,3510,3511,3512,3513,3514,3515,3516,3517,3518,3519,3520,3521,3522,3523,3524,3525,3526,3527,3528,3529,3530,3531,3532,3533,3534
5,501,'4480',3482,3483,3484,3485,3486,3487,3488,3489,3490,3491,3492,3493,3494,3495,3496,3497,3498,3499,3500,3501,3502,3503,3504,3505,3506,3507,3508
6,601,'4332',3565,3566,3567,3568,3569,3570,3571,3572,3573,3574,3575,3576,3577,3578,3579,3580
6,601,'4480',3547,3548,4601,3550,3551,3552,3553,3554,3555,3556,3557,3558,3559,3560,3561,3562,3563,3564
7,700,'4332',3663,3664,3665,3666,3667,3668,3669,3670,3671,3672,3673,3674,3675,3676,3677,3678,3679,3680,3681,3682,3683,3684,3685,3686,3687,3688,3689,3690,3691,3692,3693,3694,3695,3696,3697,3698,3699,3700,3701,3702
7,700,'4480',3608,3609,3610,3611,3612,3613,3614,3615,3616,3617,3618,3619,3620,3621,3622,3623,3624,3625,3626,3627,3628,3629,3630,3631,3632,3633,3634,3635,3636,3637,3638,3639,3640,3641,3642,3643,3644,3645,3646,3647,3648,3649,3650,3651,3652,3653,3654,3655,3656,3657,3658,3659,3660,3661,3662
7,701,'4332',3785,3786,3787,3788,3789,3790,3791,3792,3793,3794,3795,3796,3797,3798,3799,3800,3801,3802,3803,3804,3805,3806,3807,3808,3809,3810,3811,3812,3813,3814,3815,3816,3817,3818,3819,3820,3821,3822,3823,3824
7,701,'4480',3730,3731,3732,3733,3734,3735,3736,3737,3738,3739,3740,3741,3742,3743,3744,3745,3746,3747,3748,3749,3750,3751,3752,3753,3754,3755,3756,3757,3758,3759,3760,3761,3762,3763,3764,3765,3766,3767,3768,3769,3770,3771,3772,3773,3774,3775,3776,3777,3778,3779,3780,3781,3782,3783,3784
9,900,'4332',3926,3927,3928,3929,3930,3931,3932,3933,3934,3935,3936,3937,3938,3939,3940,3941,3942,3943,3944,3945,4607,3947,3948,3949,3950,3951,3952,3953,3954,3955,3956,3957,3958,4608,3960,3961,3962,3963,3964,3965,3966
9,900,'4480',3859,3860,3861,3862,3863,3864,3865,3866,3867,3868,3869,3870,3871,3872,3873,3874,3875,3876,3877,4609,3879,3880,3881,3882,3883,3884,3885,3886,3887,3888,3889,3890,3891,3892,3893,3894,3895,3896,3897,3898,3899,3900,3901,3902,3903,3904,3905,3906,3907,3908,3909,3910,3911,3912,3913,3914,3915,3916,3917,3918,3919,3920,3921,3922,3923,3924,3925
9,901,'4332',4068,4069,4070,4071,4072,4073,4074,4075,4076,4077,4078,4079,4080,4615,4082,4083,4084,4085,4086,4087,4088,4089,4090,4091,4092,4093,4094,4095,4096,4097,4098,4616,4100,4101,4102,4103,4104,4105,4106,4107,4108
9,901,'4480',4001,4002,4003,4004,4005,4006,4007,4008,4009,4010,4011,4012,4013,4014,4015,4016,4017,4018,4617,4020,4021,4022,4023,4024,4025,4026,4027,4028,4029,4030,4031,4032,4033,4034,4035,4036,4037,4038,4039,4040,4041,4042,4043,4044,4045,4046,4047,4048,4049,4050,4051,4052,4053,4054,4055,4056,4057,4058,4059,4060,4061,4062,4063,4064,4065,4066,4067
10,1000,'4480',4109,4110,4111,4112,4113,4114,4115,4116,4117,4118,4119,4120,4121,4122,4123,4124,4125,4126,4127,4128,4129,4130,4131,4132,4133,4618,4135
10,1001,'4480',4136,4137,4138,4139,4140,4141,4142,4143,4144,4145,4146,4147,4148,4149,4150,4151,4152,4153,4154,4155,4156,4157,4158,4159,4160,4619,4162
13,1300,'4332',4624,4625,4626,4627,4628,4629,4630,4631,4632,4633,4634,4635
13,1300,'4480',4636,4637,4638,4639,4640,4641,4642,4643,4644,4645,4646
13,1301,'4332',4650,4651,4652,4653,4654,4655,4656,4657,4658,4659,4660
13,1301,'4480',4661,4662,4663,4664,4665,4666,4667,4668,4669,4670
14,1400,'4332',4237,4238,4675,4240,4676,4242,4243,4244,4245,4246
14,1400,'4480',4221,4222,4677,4678,4679,4680,4227,4681,4682,4683,4231,4232,4233,4234,4684,4685
14,1401,'4332',4270,4690,4691,4273,4274,4275,4276,4277,4278,4279
14,1401,'4480',4254,4255,4692,4693,4694,4695,4260,4696,4697,4698,4264,4265,4266,4267,4699,4700
16,1600,'4332',4307,4308,4309,4310,4311,4312,4313,4314,4315,4316,4317,4318
16,1600,'4480',4292,4293,4294,4295,4296,4297,4298,4299,4300,4301,4302,4303,4304,4305,4703
16,1601,'4332',4346,4347,4348,4349,4350,4351,4352,4353,4354,4355,4356,4357
16,1601,'4480',4331,4332,4333,4334,4335,4336,4337,4338,4339,4340,4341,4342,4343,4344,4706
17,1700,'4332',4386,4387,4388,4389,4390,4391,4392,4393,4394,4395,4396,4397,4398,4399
17,1700,'4480',4368,4369,4370,4371,4372,4709,4374,4375,4376,4377,4378,4379,4380,4381,4382,4383,4384,4385
17,1701,'4332',4427,4428,4429,4430,4431,4432,4433,4434,4435,4436,4437,4438,4439,4440
17,1701,'4480',4410,4411,4412,4413,4712,4415,4416,4417,4418,4419,4420,4421,4422,4423,4424,4425,4426
18,1800,'4332',4726,4727,4728,4729,4730,4731,4732,4733,4734,4735,4736,4737,4738,4739,4740
18,1800,'4480',4741,4742,4743,4744,4745,4746,4747,4748,4749,4750,4751,4752,4753,4754,4755,4756,4757
18,1801,'4332',4771,4772,4773,4774,4775,4776,4777,4778,4779,4780,4781,4782,4783,4784,4785
18,1801,'4480',4786,4787,4788,4789,4790,4791,4792,4793,4794,4795,4796,4797,4798,4799,4800,4801,4802
70,7001,'4480',4531
71,7100,'4480',4532
72,7200,'4480',4533
73,7300,'4480',4534
73,7301,'4480',4535
74,7401,'4674',4537
74,7401,'4676',4536
75,7500,'4480',4538
76,7601,'4480',4539
77,7701,'4480',4540
78,7801,'4480',4541,4542
79,7900,'4480',4543
79,7901,'4674',4545
79,7901,'4676',4544
80,8001,'4674',4547
80,8001,'4676',4546
81,8100,'4480',4548
81,8101,'4674',4550
81,8101,'4676',4549
