1400,'4327',1104,,4214,5,,,0,225,,4216,5,,,0,495,,4220,5,,,0
1400,'4332',759,,4237,5,,,0,175,,4240,5,,,0,95,,4246,5,,,0,101,,4243,5,,,0,200,,4245,5,,,0,316,,4242,5,,,0,208,,4238,5,,,0,100,,4244,5,,,0
1400,'4480',729,,4221,5,,,0,316,,4222,5,,,0,557,,4231,5,,,0,39,,4232,5,,,0,75,,4233,5,,,0,39,,4234,5,,,0,145,,4227,5,,,0
1400,'5010',904,,4215,5,,,0,330,,4219,5,,,0,195,,4217,5,,,0,130,,4218,5,,,0
1400,'5196',904,,4671,5,,,0,330,,4674,5,,,0,195,,4672,5,,,0,130,,4673,5,,,0
1400,'5244',1230,,4675,5,,,0,205,,4676,5,,,0
1400,'5246',613,,4229,5,,,0,31,,4228,5,,,0,112,,4223,5,0,7 8 2 9 2 10,0,84,,4226,5,,,0,91,,4224,5,,,0,299,,4230,5,,,0,217,,4225,5,0,9,0,567,,4235,5,,,0,30,,4236,5,,,0
1400,'5247',613,,4682,5,,,0,31,,4681,5,,,0,112,,4677,5,0,7 8 2 9 2 10,0,84,,4680,5,,,0,91,,4678,5,,,0,299,,4683,5,,,0,217,,4679,5,0,9,0,567,,4684,5,,,0,30,,4685,5,,,0
8001,'4675',1456,,4547,11,,,0
8001,'5103',1456,,4546,11,,,0
8100,'4480',747,,4548,13,,,0
8101,'4675',1430,,4550,41,,,0
8101,'5103',1541,,4549,41,,,0
