401,'5425',824,,5450,13,,,0,117,,5447,13,,,0,160,,5448,13,,,0,120,,5449,13,,,0,95,,5453,13,,,0,126,,5451,13,,,0,167,,5452,13,,,0,124,,5454,13,,,0,120,,5455,13,,,0
401,'5426',616,,5417,13,,,0,25,,5421,13,,,0,87,,5419,13,,,0,72,,5423,13,,,0,30,,5420,13,,,0,70,,5424,13,,,0,30,,5445,13,,,0,70,,5418,13,,,0,30,,5427,13,,,0,70,,5428,13,,,0,31,,5426,13,,,0,70,,5425,13,,,0,30,,5434,13,,,0,70,,5446,13,,,0,30,,5433,13,,,0,70,,5422,13,,,0,30,,5443,13,,,0,70,,5432,13,,,0,31,,5442,13,,,0,70,,5439,13,,,0,30,,5430,13,,,0,70,,5429,13,,,0,29,,5438,13,,,0,69,,5431,13,,,0,29,,5440,13,,,0,97,,5441,13,,,0,97,,5436,13,,,0,99,,5435,13,,,0,100,,5437,13,,,0,118,,5444,13,,,0
401,'5427',616,,7074,13,,,0,25,,7078,13,,,0,87,,7076,13,,,0,72,,7080,13,,,0,30,,7077,13,,,0,70,,7081,13,,,0,30,,7102,13,,,0,70,,7075,13,,,0,30,,7084,13,,,0,70,,7085,13,,,0,31,,7083,13,,,0,70,,7082,13,,,0,30,,7091,13,,,0,70,,7103,13,,,0,30,,7090,13,,,0,70,,7079,13,,,0,30,,7100,13,,,0,70,,7089,13,,,0,31,,7099,13,,,0,70,,7096,13,,,0,30,,7087,13,,,0,70,,7086,13,,,0,29,,7095,13,,,0,69,,7088,13,,,0,29,,7097,13,,,0,97,,7098,13,,,0,97,,7093,13,,,0,99,,7092,13,,,0,100,,7094,13,,,0,118,,7101,13,,,0
401,'5428',811,,7104,13,,,0,25,,7105,13,,,0,65,,7107,13,,,0,25,,7106,13,,,0,26,,7108,13,,,0,65,,7110,13,,,0,25,,7111,13,,,0,66,,7112,13,,,0,25,,7109,13,,,0,26,,7114,13,,,0,66,,7116,13,,,0,28,,7113,13,,,0,67,,7115,13,,,0,28,,7117,13,,,0,67,,7119,13,,,0,30,,7122,13,,,0,67,,7123,13,,,0,29,,7121,13,,,0,67,,7124,13,,,0,26,,7125,13,,,0,67,,7120,13,,,0,27,,7118,13,,,0,27,,7126,13,,,0,67,,7128,13,,,0,34,,7127,13,,,0,100,,7129,13,,,0,100,,7130,13,,,0,99,,7131,13,,,0,100,,7132,13,,,0
401,'5429',824,,7136,13,,,0,117,,7133,13,,,0,160,,7134,13,,,0,120,,7135,13,,,0,95,,7139,13,,,0,126,,7137,13,,,0,167,,7138,13,,,0,124,,7140,13,,,0,120,,7141,13,,,0
501,'5425',904,,5573,5,,,0,119,,5574,5,,,0,120,,5571,5,,,0,162,,5572,5,,,0,95,,5576,5,,,0,127,,5575,5,,,0,127,,5577,5,,,0,161,,5578,5,,,0
501,'5426',659,,5545,5,,,0,70,,5548,5,,,0,73,,5547,5,,,0,33,,5546,5,,,0,73,,5554,5,,,0,33,,5556,5,,,0,73,,5555,5,,,0,33,,5550,5,,,0,73,,5549,5,,,0,33,,5557,5,,,0,74,,5552,5,,,0,76,,5553,5,,,0,36,,5551,5,,,0,76,,5570,5,,,0,36,,5568,5,,,0,76,,5565,5,,,0,76,,5559,5,,,0,36,,5560,5,,,0,76,,5561,5,,,0,35,,5563,5,,,0,75,,5566,5,,,0,75,,5564,5,,,0,45,,5562,5,,,0,100,,5558,5,,,0,100,,5567,5,,,0,156,,5569,5,,,0
501,'5427',659,,7202,5,,,0,70,,7205,5,,,0,73,,7204,5,,,0,33,,7203,5,,,0,73,,7211,5,,,0,33,,7213,5,,,0,73,,7212,5,,,0,33,,7207,5,,,0,73,,7206,5,,,0,33,,7214,5,,,0,74,,7209,5,,,0,76,,7210,5,,,0,36,,7208,5,,,0,76,,7227,5,,,0,36,,7225,5,,,0,76,,7222,5,,,0,76,,7216,5,,,0,36,,7217,5,,,0,76,,7218,5,,,0,35,,7220,5,,,0,75,,7223,5,,,0,75,,7221,5,,,0,45,,7219,5,,,0,100,,7215,5,,,0,100,,7224,5,,,0,156,,7226,5,,,0
501,'5428',749,,7242,5,,,0,70,,7230,5,,,0,30,,7228,5,,,0,70,,7244,5,,,0,30,,7231,5,,,0,70,,7245,5,,,0,30,,7229,5,,,0,70,,7243,5,,,0,30,,7232,5,,,0,70,,7246,5,,,0,30,,7233,5,,,0,71,,7241,5,,,0,30,,7235,5,,,0,70,,7247,5,,,0,30,,7234,5,,,0,71,,7252,5,,,0,30,,7238,5,,,0,69,,7248,5,,,0,30,,7237,5,,,0,70,,7251,5,,,0,30,,7236,5,,,0,70,,7249,5,,,0,119,,7239,5,,,0,95,,7250,5,,,0,103,,7240,5,,,0,100,,7253,5,,,0
501,'5429',904,,7256,5,,,0,119,,7257,5,,,0,120,,7254,5,,,0,162,,7255,5,,,0,95,,7259,5,,,0,127,,7258,5,,,0,127,,7260,5,,,0,161,,7261,5,,,0
