100,'4528',612,,4803,20,,,0,30,,4804,28,,,0,72,,4805,28,,,0,31,,4806,28,,,0,75,,4815,28,,,0,15,,4814,28,,,0,15,,4842,28,,,0,100,,4837,28,,,0,81,,4847,28,,,0,223,,4834,28,,,0,70,,4833,28,,,0,192,,4816,28,,,0,106,,4838,28,,,0,15,,4844,28,,,0,113,,4829,28,,,0,81,,4827,28,,,0,119,,4835,28,,,0,97,,4826,28,,,0,99,,4820,28,,,0,100,,4817,28,,,0,97,,4841,28,,,0
100,'4532',950,,4891,28,,,0,102,,4896,28,,,0,102,,4898,28,,,0,100,,4901,28,,,0,100,,4902,28,,,0
100,'5221',739,,4856,28,,,0,100,,4859,28,,,0,204,,4861,28,,,0,101,,4864,28,,,0,103,,4866,28,,,0,369,,4872,28,,,0,99,,4883,28,,,0,100,,4886,28,,,0
100,'5425',720,,4855,28,,,0,89,,4857,28,,,0,100,,4858,28,,,0,32,,4860,28,,,0,72,,4863,28,,,0,100,,4862,28,,,0,104,,4876,28,,,0,100,,4865,28,,,0,30,,4869,28,,,0,70,,4867,28,,,0,30,,4870,28,,,0,71,,4871,28,,,0,30,,4868,28,,,0,98,,4873,28,,,0,99,,4874,28,,,0,103,,4877,28,,,0,65,,4875,28,,,0,29,,4878,28,,,0,70,,4887,28,,,0,29,,4880,28,,,0,70,,4879,28,,,0,29,,4881,28,,,0,68,,4882,28,,,0,30,,4884,28,,,0,70,,4888,28,,,0,37,,4885,28,,,0,62,,4889,28,,,0
100,'5426',803,,4807,28,,,0,101,,4843,28,,,0,15,,4818,28,,,0,16,,4810,28,,,0,75,,4836,28,,,0,41,,4846,28,,,0,71,,4845,28,,,0,30,,4850,28,,,0,72,,4849,28,,,0,130,,4824,28,,,0,70,,4813,28,,,0,32,,4812,28,,,0,79,,4811,28,,,0,18,,4839,28,,,0,55,,4821,28,,,0,44,,4840,28,,,0,55,,4853,28,,,0,14,,4852,28,,,0,14,,4832,28,,,0,67,,4854,28,,,0,14,,4830,28,,,0,30,,4848,28,,,0,60,,4851,28,,,0,19,,4828,28,,,0,92,,4831,28,,,0,99,,4822,28,,,0,100,,4819,28,,,0,99,,4825,28,,,0,95,,4823,28,,,0,29,,4808,28,,,0,70,,4809,28,,,0
100,'5427',803,,6581,28,,,0,101,,6602,28,,,0,15,,6588,28,,,0,16,,6584,28,,,0,75,,6599,28,,,0,41,,6604,28,,,0,71,,6603,28,,,0,30,,6607,28,,,0,72,,6606,28,,,0,130,,6593,28,,,0,70,,6587,28,,,0,32,,6586,28,,,0,79,,6585,28,,,0,18,,6600,28,,,0,55,,6590,28,,,0,44,,6601,28,,,0,55,,6610,28,,,0,14,,6609,28,,,0,14,,6598,28,,,0,67,,6611,28,,,0,14,,6596,28,,,0,30,,6605,28,,,0,60,,6608,28,,,0,19,,6595,28,,,0,92,,6597,28,,,0,99,,6591,28,,,0,100,,6589,28,,,0,99,,6594,28,,,0,95,,6592,28,,,0,29,,6582,28,,,0,70,,6583,28,,,0
100,'5428',650,,6634,28,,,0,9,,6636,28,,,0,70,,6637,28,,,0,30,,6612,28,,,0,67,,6639,28,,,0,20,,6613,28,,,0,55,,6640,28,,,0,17,,6614,28,,,0,16,,6641,28,,,0,88,,6616,28,,,0,100,,6615,28,,,0,102,,6618,28,,,0,100,,6617,28,,,0,100,,6620,28,,,0,31,,6619,28,,,0,70,,6621,28,,,0,30,,6623,28,,,0,68,,6624,28,,,0,13,,6642,28,,,0,15,,6625,28,,,0,55,,6643,28,,,0,15,,6622,28,,,0,14,,6644,28,,,0,14,,6626,28,,,0,55,,6645,28,,,0,15,,6627,28,,,0,15,,6646,28,,,0,15,,6628,28,,,0,70,,6629,28,,,0,85,,6633,28,,,0,99,,6632,28,,,0,104,,6631,28,,,0,104,,6630,28,,,0,103,,6635,28,,,0,97,,6638,28,,,0
100,'5429',720,,6647,28,,,0,89,,6648,28,,,0,100,,6649,28,,,0,32,,6650,28,,,0,72,,6652,28,,,0,100,,6651,28,,,0,104,,6662,28,,,0,100,,6653,28,,,0,30,,6656,28,,,0,70,,6654,28,,,0,30,,6657,28,,,0,71,,6658,28,,,0,30,,6655,28,,,0,98,,6659,28,,,0,99,,6660,28,,,0,103,,6663,28,,,0,65,,6661,28,,,0,29,,6664,28,,,0,70,,6671,28,,,0,29,,6666,28,,,0,70,,6665,28,,,0,29,,6667,28,,,0,68,,6668,28,,,0,30,,6669,28,,,0,70,,6672,28,,,0,37,,6670,28,,,0,62,,6673,28,,,0
200,'4528',734,,5068,35,,,0,103,,5070,35,,,0,111,,5074,35,,,0,100,,5078,35,,,0,99,,5077,35,,,0,101,,5080,35,,,0,100,,5082,35,,,0,101,,5083,35,,,0,103,,5086,35,,,0,148,,5056,35,,,0,57,,5059,35,,,0
200,'4532',915,,5103,35,,,0
200,'5425',819,,5088,35,,,0,81,,5087,35,,,0,113,,5090,35,,,0,100,,5089,35,,,0,101,,5091,35,,,0,105,,5092,35,,,0,96,,5094,35,,,0,100,,5093,35,,,0,98,,5097,35,,,0,106,,5099,35,,,0,99,,5098,35,,,0,124,,5095,35,,,0,99,,5096,35,,,0
200,'5426',628,,5067,35,,,0,78,,5066,35,,,0,43,,5071,35,,,0,72,,5069,35,,,0,31,,5072,35,,,0,66,,5075,35,,,0,100,,5073,35,,,0,99,,5076,35,,,0,101,,5079,35,,,0,100,,5081,35,,,0,101,,5084,35,,,0,107,,5085,35,,,0,104,,5062,35,,,0,99,,5058,35,,,0,98,,5065,35,,,0,74,,5057,35,,,0,40,,5061,35,,,0,69,,5055,35,,,0,33,,5060,35,,,0,65,,5054,35,,,0,30,,5063,35,,,0
200,'5427',628,,6776,35,,,0,78,,6775,35,,,0,43,,6778,35,,,0,72,,6777,35,,,0,31,,6779,35,,,0,66,,6781,35,,,0,100,,6780,35,,,0,99,,6782,35,,,0,101,,6783,35,,,0,100,,6784,35,,,0,101,,6785,35,,,0,107,,6786,35,,,0,104,,6771,35,,,0,99,,6768,35,,,0,98,,6774,35,,,0,74,,6767,35,,,0,40,,6770,35,,,0,69,,6766,35,,,0,33,,6769,35,,,0,65,,6765,35,,,0,30,,6772,35,,,0
200,'5428',802,,6788,35,,,0,215,,6787,35,,,0,101,,6790,35,,,0,100,,6789,35,,,0,101,,6791,35,,,0,100,,6792,35,,,0,100,,6795,35,,,0,30,,6796,35,,,0,70,,6794,35,,,0,30,,6793,35,,,0,70,,6797,35,,,0,30,,6798,35,,,0,70,,6799,35,,,0,88,,6804,35,,,0,40,,6802,35,,,0,91,,6800,35,,,0,93,,6801,35,,,0,100,,6803,35,,,0
200,'5429',819,,6806,35,,,0,81,,6805,35,,,0,113,,6808,35,,,0,100,,6807,35,,,0,101,,6809,35,,,0,105,,6810,35,,,0,96,,6812,35,,,0,100,,6811,35,,,0,98,,6815,35,,,0,106,,6817,35,,,0,99,,6816,35,,,0,124,,6813,35,,,0,99,,6814,35,,,0
300,'4528',647,,5210,39,,,0,200,,5202,39,,,0,108,,5196,39,,,0,445,,5204,39,,,0,228,,5211,39,,,0,113,,5183,39,,,0,112,,5217,39,,,0
300,'4532',844,,5240,39,,,0,508,,5252,39,,,0,171,,5255,39,,,0,100,,5257,39,,,0,99,,5258,39,,,0
300,'5221',1621,,5233,39,,,0,294,,5231,39,,,0,105,,5234,39,,,0
300,'5425',823,,5223,39,,,0,93,,5225,39,,,0,100,,5224,39,,,0,101,,5230,39,,,0,104,,5226,39,,,0,100,,5232,39,,,0,100,,5227,39,,,0,100,,5228,39,,,0,199,,5229,39,,,0,97,,5235,39,,,0,301,,5236,39,,,0
300,'5426',709,,5197,39,,,0,18,,5194,11,,,0,12,,5192,39,,,0,76,,5213,39,,,0,18,,5199,39,,,0,72,,5203,39,,,0,19,,5195,39,,,0,101,,5198,39,,,0,31,,5220,39,,,0,70,,5205,39,,,0,30,,5193,39,,,0,71,,5207,39,,,0,30,,5219,39,,,0,70,,5184,39,,,0,105,,5185,39,,,0,73,,5214,39,,,0,32,,5200,39,,,0,12,,5222,39,,,0,52,,5187,39,,,0,12,,5186,39,,,0,30,,5189,39,,,0,15,,5191,39,,,0,55,,5218,39,,,0,14,,5201,39,,,0,28,,5188,39,,,0,55,,5209,39,,,0,15,,5190,39,,,0,97,,5208,39,,,0,30,,5221,39,,,0,70,,5206,39,,,0,99,,5216,39,,,0,98,,5212,39,,,0,98,,5215,39,,,0
300,'5427',709,,6882,39,,,0,18,,6880,11,,,0,12,,6878,39,,,0,76,,6894,39,,,0,18,,6884,39,,,0,72,,6887,39,,,0,19,,6881,39,,,0,101,,6883,39,,,0,31,,6900,39,,,0,70,,6888,39,,,0,30,,6879,39,,,0,71,,6890,39,,,0,30,,6899,39,,,0,70,,6870,39,,,0,105,,6871,39,,,0,73,,6895,39,,,0,32,,6885,39,,,0,12,,6902,39,,,0,52,,6873,39,,,0,12,,6872,39,,,0,30,,6875,39,,,0,15,,6877,39,,,0,55,,6898,39,,,0,14,,6886,39,,,0,28,,6874,39,,,0,55,,6892,39,,,0,15,,6876,39,,,0,97,,6891,39,,,0,30,,6901,39,,,0,70,,6889,39,,,0,99,,6897,39,,,0,98,,6893,39,,,0,98,,6896,39,,,0
300,'5428',737,,6904,39,,,0,70,,6903,39,,,0,113,,6907,39,,,0,30,,6908,39,,,0,71,,6906,39,,,0,30,,6905,39,,,0,70,,6909,39,,,0,30,,6910,39,,,0,70,,6912,39,,,0,31,,6911,39,,,0,70,,6915,39,,,0,100,,6914,39,,,0,30,,6917,39,,,0,101,,6916,39,,,0,100,,6913,39,,,0,99,,6918,39,,,0,70,,6920,39,,,0,34,,6921,39,,,0,64,,6922,39,,,0,85,,6923,39,,,0,105,,6925,39,,,0,105,,6926,39,,,0,102,,6919,39,,,0,97,,6924,39,,,0
300,'5429',823,,6927,39,,,0,93,,6929,39,,,0,100,,6928,39,,,0,101,,6934,39,,,0,104,,6930,39,,,0,100,,6935,39,,,0,100,,6931,39,,,0,100,,6932,39,,,0,199,,6933,39,,,0,97,,6936,39,,,0,301,,6937,39,,,0
