1601,'4528',741,,6374,14,,,0,100,,6370,14,,,0,100,,6371,14,,,0,200,,6378,14,,,0
1601,'4532',1540,,6404,14,,,0,105,,6402,14,,,0
1601,'5425',845,,6384,14,,,0,100,,6387,14,,,0,100,,6385,14,,,0,100,,6386,14,,,0,100,,6388,14,,,0,100,,6390,14,,,0,100,,6395,14,,,0,100,,6392,14,,,0,105,,6389,14,,,0,100,,6391,14,,,0,100,,6393,14,,,0,100,,6394,14,,,0
1601,'5426',1041,,6369,14,,,0,200,,6372,14,,,0,101,,6373,14,,,0,100,,6376,14,,,0,111,,6377,14,,,0,102,,6380,14,,,0,97,,6382,14,,,0,99,,6381,14,,,0,100,,6379,14,,,0
1601,'5427',1041,,7867,14,,,0,200,,7868,14,,,0,101,,7869,14,,,0,100,,7870,14,,,0,111,,7871,14,,,0,102,,7873,14,,,0,97,,7875,14,,,0,99,,7874,14,,,0,100,,7872,14,,,0
1601,'5428',826,,7877,14,,,0,114,,7876,14,,,0,95,,7878,14,,,0,110,,7880,14,,,0,95,,7881,14,,,0,100,,7879,14,,,0,100,,7882,14,,,0,300,,7883,14,,,0,100,,7884,14,,,0,100,,7885,14,,,0
1601,'5429',845,,7886,14,,,0,100,,7889,14,,,0,100,,7887,14,,,0,100,,7888,14,,,0,100,,7890,14,,,0,100,,7892,14,,,0,100,,7897,14,,,0,100,,7894,14,,,0,105,,7891,14,,,0,100,,7893,14,,,0,100,,7895,14,,,0,100,,7896,14,,,0
1701,'5425',820,,6467,14,0,11 12,0,100,,6468,14,0,11 12,0,115,,6469,14,0,11 12,0,95,,6470,14,0,13 14,0,200,,6472,14,0,11 12,0,210,,6471,14,0,13 14,0,100,,6474,14,0,11 12,0,100,,6473,14,0,15 1 16,0,100,,6475,14,0,13 14,0,170,,6476,14,0,13 14,0
1701,'5426',726,,6458,14,0,11 12,0,87,,6463,14,0,11 12,0,98,,6451,14,0,11 12,0,100,,6454,14,0,11 12,0,101,,6450,14,0,11 12,0,100,,6452,14,0,15 1 16,0,100,,6455,14,0,15 1 16,0,110,,6457,14,0,15 1 16,0,92,,6460,14,0,15 1 16,0,110,,6465,14,0,15 1 16,0,98,,6461,14,0,15 1 16,0,104,,6464,14,0,15 1 16,0,119,,6462,14,0,13 14,0,100,,6456,14,0,13 14,0,155,,6453,14,0,13 14,0,115,,6466,14,0,13 14,0
1701,'5427',726,,7947,14,0,11 12,0,87,,7951,14,0,11 12,0,98,,7940,14,0,11 12,0,100,,7943,14,0,11 12,0,101,,7939,14,0,11 12,0,100,,7941,14,0,15 1 16,0,100,,7944,14,0,15 1 16,0,110,,7946,14,0,15 1 16,0,92,,7948,14,0,15 1 16,0,110,,7953,14,0,15 1 16,0,98,,7949,14,0,15 1 16,0,104,,7952,14,0,15 1 16,0,119,,7950,14,0,13 14,0,100,,7945,14,0,13 14,0,155,,7942,14,0,13 14,0,115,,7954,14,0,13 14,0
1701,'5428',720,,7959,14,0,11 12,0,100,,7956,14,0,11 12,0,90,,7955,14,0,11 12,0,130,,7957,14,0,11 12,0,170,,7960,14,0,15 1 16,0,100,,7961,14,0,15 1 16,0,130,,7958,14,0,15 1 16,0,170,,7962,14,0,15 1 16,0,105,,7963,14,0,15 1 16,0,100,,7965,14,0,13 14,0,105,,7966,14,0,13 14,0,105,,7967,14,0,13 14,0,110,,7964,14,0,13 14,0,120,,7968,14,0,13 14,0
1701,'5429',820,,7969,14,0,11 12,0,100,,7970,14,0,11 12,0,115,,7971,14,0,11 12,0,95,,7972,14,0,13 14,0,200,,7974,14,0,11 12,0,210,,7973,14,0,13 14,0,100,,7976,14,0,11 12,0,100,,7975,14,0,15 1 16,0,100,,7977,14,0,13 14,0,170,,7978,14,0,13 14,0
