1700,'4528',710,,6418,21,,,0
1700,'5425',901,,6426,21,,,0,100,,6427,21,,,0,158,,6429,20,,,0
1700,'5426',644,,6410,21,,,0,166,,6416,21,,,0,49,,6422,21,,,0,99,,6409,21,,,0,100,,6413,21,,,0,100,,6408,21,,,0,767,,6423,21,,,0
1700,'5427',644,,7900,21,,,0,166,,7906,21,,,0,49,,7911,21,,,0,99,,7899,21,,,0,100,,7903,21,,,0,100,,7898,21,,,0,767,,7912,21,,,0
1700,'5428',753,,7915,21,,,0,103,,7916,21,,,0,90,,7917,21,,,0,171,,7918,21,,,0
1700,'5429',901,,7929,21,,,0,100,,7930,21,,,0,158,,7932,20,,,0
1701,'5425',1556,,6471,33,0,13 14,0,200,,6473,33,0,15 1 16,0,100,,6475,33,0,13 14,0,170,,6476,33,0,13 14,0
1701,'5426',1227,,6452,33,0,15 1 16,0,102,,6455,33,0,15 1 16,0,111,,6457,33,0,15 1 16,0,93,,6460,33,0,15 1 16,0,108,,6465,33,0,15 1 16,0,98,,6461,33,0,15 1 16,0,104,,6464,33,0,15 1 16,0,159,,6462,33,0,13 14,0,98,,6456,33,0,13 14,0,115,,6453,33,0,13 14,0,114,,6466,33,0,13 14,0
1701,'5427',1227,,7941,33,0,15 1 16,0,102,,7944,33,0,15 1 16,0,111,,7946,33,0,15 1 16,0,93,,7948,33,0,15 1 16,0,108,,7953,33,0,15 1 16,0,98,,7949,33,0,15 1 16,0,104,,7952,33,0,15 1 16,0,159,,7950,33,0,13 14,0,98,,7945,33,0,13 14,0,115,,7942,33,0,13 14,0,114,,7954,33,0,13 14,0
1701,'5428',1226,,7960,33,0,15 1 16,0,100,,7961,33,0,15 1 16,0,130,,7958,33,0,15 1 16,0,170,,7962,33,0,15 1 16,0,105,,7963,33,0,15 1 16,0,99,,7965,33,0,13 14,0,105,,7966,33,0,13 14,0,105,,7967,33,0,13 14,0,110,,7964,33,0,13 14,0,159,,7968,33,0,13 14,0
1701,'5429',1556,,7973,33,0,13 14,0,200,,7975,33,0,15 1 16,0,100,,7977,33,0,13 14,0,170,,7978,33,0,13 14,0
