300,'4528',636,,5210,25,,,0,199,,5202,25,,,0,108,,5196,25,,,0,403,,5204,25,,,0,270,,5211,25,,,0,113,,5183,25,,,0,113,,5217,25,,,0
300,'4532',832,,5240,25,,,0,508,,5252,25,,,0,171,,5255,25,,,0,100,,5257,25,,,0,100,,5258,25,,,0
300,'5221',1609,,5233,25,,,0,295,,5231,25,,,0,106,,5234,25,,,0
300,'5425',811,,5223,25,,,0,93,,5225,25,,,0,100,,5224,25,,,0,101,,5230,25,,,0,104,,5226,25,,,0,100,,5232,25,,,0,100,,5227,25,,,0,100,,5228,25,,,0,199,,5229,25,,,0,98,,5235,25,,,0,302,,5236,25,,,0,100,,5237,25,0,17 18 19,0
300,'5426',658,,5197,25,,,0,69,,5192,25,,,0,74,,5213,25,,,0,18,,5199,25,,,0,35,,5203,25,,,0,59,,5195,25,,,0,100,,5198,25,,,0,31,,5220,25,,,0,70,,5205,25,,,0,30,,5193,25,,,0,71,,5207,25,,,0,30,,5219,25,,,0,70,,5184,25,,,0,103,,5185,25,,,0,33,,5214,25,,,0,70,,5200,25,,,0,14,,5222,25,,,0,14,,5187,25,,,0,52,,5186,25,,,0,30,,5189,25,,,0,15,,5191,25,,,0,55,,5218,25,,,0,14,,5201,25,,,0,28,,5188,25,,,0,15,,5209,25,,,0,55,,5190,25,,,0,98,,5208,25,,,0,30,,5221,25,,,0,70,,5206,25,,,0,99,,5216,25,,,0,99,,5212,25,,,0,99,,5215,25,,,0,96,,5182,25,0,17 18 19,0
300,'5427',658,,6882,25,,,0,69,,6878,25,,,0,74,,6894,25,,,0,18,,6884,25,,,0,35,,6887,25,,,0,59,,6881,25,,,0,100,,6883,25,,,0,31,,6900,25,,,0,70,,6888,25,,,0,30,,6879,25,,,0,71,,6890,25,,,0,30,,6899,25,,,0,70,,6870,25,,,0,103,,6871,25,,,0,33,,6895,25,,,0,70,,6885,25,,,0,14,,6902,25,,,0,14,,6873,25,,,0,52,,6872,25,,,0,30,,6875,25,,,0,15,,6877,25,,,0,55,,6898,25,,,0,14,,6886,25,,,0,28,,6874,25,,,0,15,,6892,25,,,0,55,,6876,25,,,0,98,,6891,25,,,0,30,,6901,25,,,0,70,,6889,25,,,0,99,,6897,25,,,0,99,,6893,25,,,0,99,,6896,25,,,0,96,,6869,25,0,17 18 19,0
300,'5428',726,,6904,25,,,0,30,,6903,25,,,0,152,,6907,25,,,0,30,,6908,25,,,0,71,,6906,25,,,0,30,,6905,25,,,0,70,,6909,25,,,0,30,,6910,25,,,0,70,,6912,25,,,0,31,,6911,25,,,0,70,,6915,25,,,0,100,,6914,25,,,0,30,,6917,25,,,0,101,,6916,25,,,0,100,,6913,25,,,0,100,,6918,25,,,0,70,,6920,25,,,0,35,,6921,25,,,0,64,,6922,25,,,0,45,,6923,25,,,0,145,,6925,25,,,0,105,,6926,25,,,0,102,,6919,25,,,0,98,,6924,25,,,0
300,'5429',811,,6927,25,,,0,93,,6929,25,,,0,100,,6928,25,,,0,101,,6934,25,,,0,104,,6930,25,,,0,100,,6935,25,,,0,100,,6931,25,,,0,100,,6932,25,,,0,199,,6933,25,,,0,98,,6936,25,,,0,302,,6937,25,,,0,100,,6938,25,0,17 18 19,0
1300,'4528',854,,6215,19,,,0,148,,6217,19,,,0,100,,6216,19,,,0,100,,6218,19,,,0,214,,6214,19,,,0,107,,6219,19,,,0,108,,6220,19,,,0,108,,6221,19,,,0,105,,6222,19,,,0,105,,6223,19,,,0
1300,'4532',756,,6229,19,,,0,102,,6230,19,,,0,145,,6228,19,,,0,100,,6231,19,,,0,102,,6232,19,,,0,197,,6235,19,,,0,147,,6236,19,,,0,100,,6233,19,,,0,98,,6237,19,,,0,100,,6238,19,,,0,99,,6234,19,,,0,99,,6239,19,,,0
1300,'5221',1804,,6227,19,,,0
1300,'5425',845,,6225,19,,,0,363,,6226,19,,,0,325,,6224,19,,,0
1300,'5426',719,,6213,19,,,0
1300,'5427',719,,7794,19,,,0
1300,'5429',845,,7796,19,,,0,363,,7797,19,,,0,325,,7795,19,,,0
1400,'4528',621,,6272,15,,,0,31,,6271,15,,,0,198,,6269,15,,,0,390,,6273,15,,,0,217,,6268,15,,,0,155,,6274,15,,,0,39,,6275,15,,,0,75,,6276,15,,,0,79,,6277,15,,,0,219,,6278,15,,,0,30,,6279,15,,,0
1400,'4532',1240,,6289,15,,,0,205,,6291,15,,,0,212,,6292,15,,,0
1400,'5221',1338,,6282,15,,,0
1400,'5425',913,,6281,15,,,0,200,,6280,15,,,0,130,,6285,15,,,0,195,,6283,15,,,0,170,,6284,15,,,0,225,,6286,15,,,0
1400,'5426',740,,6264,15,,,0,67,,6266,15,,,0,134,,6267,15,,,0,114,,6265,15,,,0,855,,6270,15,,,0
1400,'5427',740,,7800,15,,,0,67,,7802,15,,,0,134,,7803,15,,,0,114,,7801,15,,,0,855,,7804,15,,,0
1400,'5428',808,,7805,15,,,0,135,,7807,15,,,0,96,,7811,15,,,0,101,,7808,15,,,0,200,,7809,15,,,0,563,,7806,15,,,0,100,,7810,15,,,0
1400,'5429',913,,7813,15,,,0,200,,7812,15,,,0,130,,7816,15,,,0,195,,7814,15,,,0,170,,7815,15,,,0,225,,7817,15,,,0
