401,'4327',828,,3347,17,,,0,118,,3344,17,,,0,160,,3345,17,,,0,120,,3346,17,,,0,95,,3350,17,,,0,126,,3348,17,,,0,167,,3349,17,,,0,124,,3351,17,,,0,120,,3352,17,,,0
401,'4795',620,,634,17,,,0,26,,638,17,,,0,87,,636,17,,,0,72,,640,17,,,0,30,,637,17,,,0,70,,641,17,,,0,30,,662,17,,,0,70,,635,17,,,0,30,,644,17,,,0,70,,645,17,,,0,32,,643,17,,,0,70,,642,17,,,0,30,,651,17,,,0,70,,663,17,,,0,30,,650,17,,,0,70,,639,17,,,0,30,,660,17,,,0,70,,649,17,,,0,7,,664,17,,,0,24,,659,17,,,0,70,,656,17,,,0,12,,665,17,,,0,18,,647,17,,,0,70,,646,17,,,0,29,,655,17,,,0,69,,648,17,,,0,28,,657,17,,,0,97,,658,17,,,0,97,,653,17,,,0,98,,652,17,,,0,100,,2412,17,,,0,117,,2413,17,,,0
401,'4800',815,,2423,17,,,0,25,,2424,17,,,0,65,,2426,17,,,0,25,,2425,17,,,0,27,,2427,17,,,0,65,,2429,17,,,0,25,,2430,17,,,0,66,,2431,17,,,0,25,,2428,17,,,0,67,,2432,17,,,0,26,,678,17,,,0,28,,675,17,,,0,67,,677,17,,,0,28,,679,17,,,0,67,,681,17,,,0,30,,683,17,,,0,67,,684,17,,,0,29,,682,17,,,0,67,,686,17,,,0,26,,687,17,,,0,67,,685,17,,,0,27,,680,17,,,0,67,,688,17,,,0,26,,690,17,,,0,74,,689,17,,,0,100,,691,17,,,0,100,,692,17,,,0,99,,693,17,,,0,59,,2433,17,,,0
401,'5102',620,,3353,17,,,0,26,,3357,17,,,0,87,,3355,17,,,0,72,,3359,17,,,0,30,,3356,17,,,0,70,,3360,17,,,0,30,,3381,17,,,0,70,,3354,17,,,0,30,,3363,17,,,0,70,,3364,17,,,0,32,,3362,17,,,0,70,,3361,17,,,0,30,,3370,17,,,0,70,,3382,17,,,0,30,,3369,17,,,0,70,,3358,17,,,0,30,,3379,17,,,0,70,,3368,17,,,0,21,,3383,17,,,0,10,,3378,17,,,0,70,,3375,17,,,0,30,,3366,17,,,0,70,,3365,17,,,0,29,,3374,17,,,0,69,,3367,17,,,0,28,,3376,17,,,0,97,,3377,17,,,0,97,,3372,17,,,0,98,,3371,17,,,0,100,,3373,17,,,0,117,,3380,17,,,0
401,'5105',815,,3384,17,,,0,25,,3385,17,,,0,65,,3387,17,,,0,25,,3386,17,,,0,27,,3388,17,,,0,65,,3390,17,,,0,25,,3391,17,,,0,66,,3392,17,,,0,25,,3389,17,,,0,67,,3394,17,,,0,26,,3396,17,,,0,28,,3393,17,,,0,67,,3395,17,,,0,28,,3397,17,,,0,67,,3399,17,,,0,30,,3401,17,,,0,67,,3402,17,,,0,29,,3400,17,,,0,67,,3404,17,,,0,26,,3405,17,,,0,67,,3403,17,,,0,27,,3398,17,,,0,67,,3406,17,,,0,26,,3408,17,,,0,74,,3407,17,,,0,100,,3409,17,,,0,100,,3410,17,,,0,99,,3411,17,,,0,59,,3412,17,,,0
7001,'4795',1524,,1825,15,,,0
7001,'5102',1524,,4531,15,,,0
7100,'4795',730,,1826,2,,,0
7100,'5102',730,,4532,2,,,0
7200,'4795',736,,2712,2,,,0
7200,'5102',736,,4533,2,,,0
7401,'5095',1536,,2714,12,,,0
7401,'5097',1436,,2713,12,,,0
7401,'5103',1536,,4536,12,,,0
7401,'5104',1436,,4537,12,,,0
7701,'4795',1541,,2716,15,,,0
7701,'5102',1541,,4540,15,,,0
