401,'4327',829,,3347,19,,,0,119,,3344,19,,,0,160,,3345,19,,,0,120,,3346,19,,,0,95,,3350,19,,,0,126,,3348,19,,,0,167,,3349,19,,,0,124,,3351,19,,,0,160,,3352,19,,,0
401,'4795',621,,634,19,,,0,26,,638,19,,,0,87,,636,19,,,0,73,,640,19,,,0,30,,637,19,,,0,69,,641,19,,,0,30,,662,19,,,0,70,,635,19,,,0,31,,644,19,,,0,70,,645,19,,,0,32,,643,19,,,0,70,,642,19,,,0,30,,651,19,,,0,70,,663,19,,,0,30,,650,19,,,0,70,,639,19,,,0,30,,660,19,,,0,70,,649,19,,,0,7,,664,19,,,0,25,,659,19,,,0,70,,656,19,,,0,12,,665,19,,,0,18,,647,19,,,0,70,,646,19,,,0,28,,655,19,,,0,69,,648,19,,,0,28,,657,19,,,0,97,,658,19,,,0,96,,653,19,,,0,98,,652,19,,,0,100,,2412,19,,,0,118,,2413,19,,,0
401,'4800',817,,2423,19,,,0,25,,2424,19,,,0,65,,2426,19,,,0,25,,2425,19,,,0,26,,2427,19,,,0,65,,2429,19,,,0,25,,2430,19,,,0,66,,2431,19,,,0,25,,2428,19,,,0,67,,2432,19,,,0,27,,678,19,,,0,68,,675,19,,,0,27,,677,19,,,0,28,,679,19,,,0,67,,681,19,,,0,29,,683,19,,,0,67,,684,19,,,0,29,,682,19,,,0,67,,686,19,,,0,26,,687,19,,,0,67,,685,19,,,0,27,,680,19,,,0,67,,688,19,,,0,26,,690,19,,,0,74,,689,19,,,0,100,,691,19,,,0,100,,692,19,,,0,99,,693,19,,,0,100,,2433,19,,,0
401,'5102',621,,3353,19,,,0,26,,3357,19,,,0,87,,3355,19,,,0,73,,3359,19,,,0,30,,3356,19,,,0,69,,3360,19,,,0,30,,3381,19,,,0,70,,3354,19,,,0,31,,3363,19,,,0,70,,3364,19,,,0,32,,3362,19,,,0,70,,3361,19,,,0,30,,3370,19,,,0,70,,3382,19,,,0,30,,3369,19,,,0,70,,3358,19,,,0,30,,3379,19,,,0,70,,3368,19,,,0,22,,3383,19,,,0,10,,3378,19,,,0,70,,3375,19,,,0,30,,3366,19,,,0,70,,3365,19,,,0,28,,3374,19,,,0,69,,3367,19,,,0,28,,3376,19,,,0,97,,3377,19,,,0,96,,3372,19,,,0,98,,3371,19,,,0,100,,3373,19,,,0,118,,3380,19,,,0
401,'5105',817,,3384,19,,,0,25,,3385,19,,,0,65,,3387,19,,,0,25,,3386,19,,,0,26,,3388,19,,,0,65,,3390,19,,,0,25,,3391,19,,,0,66,,3392,19,,,0,25,,3389,19,,,0,67,,3394,19,,,0,27,,3396,19,,,0,68,,3393,19,,,0,27,,3395,19,,,0,28,,3397,19,,,0,67,,3399,19,,,0,29,,3401,19,,,0,67,,3402,19,,,0,29,,3400,19,,,0,67,,3404,19,,,0,26,,3405,19,,,0,67,,3403,19,,,0,27,,3398,19,,,0,67,,3406,19,,,0,26,,3408,19,,,0,74,,3407,19,,,0,100,,3409,19,,,0,100,,3410,19,,,0,99,,3411,19,,,0,100,,3412,19,,,0
7001,'4795',1526,,1825,17,,,0
7001,'5102',1526,,4531,17,,,0
7100,'4795',731,,1826,4,,,0
7100,'5102',731,,4532,4,,,0
7200,'4795',737,,2712,4,,,0
7200,'5102',737,,4533,4,,,0
7401,'5095',1537,,2714,14,,,0
7401,'5097',1437,,2713,14,,,0
7401,'5103',1537,,4536,14,,,0
7401,'5104',1437,,4537,14,,,0
7701,'4795',1543,,2716,17,,,0
7701,'5102',1543,,4540,17,,,0
