601,'4528',908,,5607,5,,,0,120,,5608,5,,,0,75,,5610,5,,,0,536,,5617,5,,,0,77,,5620,5,,,0,97,,5619,5,,,0
601,'4532',1303,,5638,5,,,0,200,,5642,5,,,0
601,'5221',1638,,5631,5,,,0
601,'5425',808,,5623,5,,,0,120,,5624,5,,,0,95,,5627,5,,,0,110,,5626,5,,,0,100,,5625,5,,,0,100,,5630,5,,,0,100,,5628,5,,,0,100,,5629,5,,,0,200,,5632,5,,,0,105,,5634,5,,,0,100,,5633,5,,,0
601,'5426',703,,5605,5,,,0,100,,5606,5,,,0,200,,5609,5,,,0,220,,5611,5,,,0,80,,5612,5,,,0,100,,5613,5,,,0,102,,5614,7,,,0,38,,5615,5,,,0,80,,5616,5,,,0,120,,5618,5,,,0,170,,5621,5,,,0,235,,5622,5,,,0
601,'5427',703,,7262,5,,,0,100,,7263,5,,,0,200,,7264,5,,,0,220,,7265,5,,,0,80,,7266,5,,,0,100,,7267,5,,,0,102,,7268,7,,,0,38,,7269,5,,,0,80,,7270,5,,,0,120,,7271,5,,,0,170,,7272,5,,,0,235,,7273,5,,,0
601,'5428',803,,7275,5,,,0,105,,7276,5,,,0,95,,7277,5,,,0,100,,7278,5,,,0,100,,7274,5,,,0,200,,7279,5,,,0,130,,7281,5,,,0,70,,7283,5,,,0,30,,7287,5,,,0,70,,7284,5,,,0,30,,7286,5,,,0,70,,7282,5,,,0,145,,7280,5,,,0,164,,7285,5,,,0
601,'5429',808,,7288,5,,,0,120,,7289,5,,,0,95,,7292,5,,,0,110,,7291,5,,,0,100,,7290,5,,,0,100,,7295,5,,,0,100,,7293,5,,,0,100,,7294,5,,,0,200,,7296,5,,,0,105,,7298,5,,,0,100,,7297,5,,,0
700,'5425',750,,5706,35,,,0,167,,5708,35,,,0,130,,5711,35,,,0,70,,5710,35,,,0,100,,5719,35,,,0,97,,5712,35,,,0,101,,5726,35,,,0,102,,5721,35,,,0,100,,5718,35,,,0,99,,5724,35,,,0,97,,5727,35,,,0,99,,5729,35,,,0,200,,5731,35,,,0,198,,5730,35,,,0
700,'5426',655,,5652,35,,,0,71,,5654,35,,,0,94,,5657,35,,,0,29,,5659,35,,,0,69,,5661,35,,,0,28,,5663,35,,,0,71,,5680,35,,,0,30,,5705,35,,,0,89,,5667,35,,,0,101,,5669,35,,,0,100,,5671,35,,,0,103,,5673,35,,,0,84,,5675,35,,,0,15,,5676,35,,,0,71,,5678,35,,,0,29,,5681,35,,,0,69,,5696,35,,,0,31,,5682,35,,,0,66,,5697,35,,,0,28,,5683,35,,,0,69,,5699,35,,,0,99,,5698,35,,,0,58,,5701,35,,,0,100,,5700,35,,,0,96,,5702,35,,,0,96,,5703,35,,,0,104,,5704,35,,,0
700,'5427',655,,7300,35,,,0,71,,7302,35,,,0,94,,7305,35,,,0,29,,7307,35,,,0,69,,7309,35,,,0,28,,7311,35,,,0,71,,7328,35,,,0,30,,7353,35,,,0,89,,7315,35,,,0,101,,7317,35,,,0,100,,7319,35,,,0,103,,7321,35,,,0,84,,7323,35,,,0,15,,7324,35,,,0,71,,7326,35,,,0,29,,7329,35,,,0,69,,7344,35,,,0,31,,7330,35,,,0,66,,7345,35,,,0,28,,7331,35,,,0,69,,7347,35,,,0,99,,7346,35,,,0,58,,7349,35,,,0,100,,7348,35,,,0,96,,7350,35,,,0,96,,7351,35,,,0,104,,7352,35,,,0
700,'5428',734,,7391,35,,,0,101,,7354,35,,,0,71,,7355,35,,,0,100,,7356,35,,,0,31,,7363,35,,,0,85,,7383,35,,,0,31,,7384,35,,,0,64,,7371,35,,,0,103,,7372,35,,,0,30,,7365,35,,,0,100,,7367,35,,,0,83,,7374,35,,,0,14,,7386,35,,,0,70,,7389,35,,,0,15,,7364,35,,,0,70,,7376,35,,,0,15,,7387,35,,,0,93,,7377,35,,,0,30,,7358,35,,,0,107,,7360,35,,,0,110,,7380,35,,,0,145,,7361,35,,,0,154,,7378,35,,,0,96,,7382,35,,,0,95,,7392,35,,,0
700,'5429',750,,7394,35,,,0,167,,7396,35,,,0,130,,7399,35,,,0,70,,7398,35,,,0,100,,7407,35,,,0,97,,7400,35,,,0,101,,7414,35,,,0,102,,7409,35,,,0,100,,7406,35,,,0,99,,7412,35,,,0,97,,7415,35,,,0,99,,7417,35,,,0,200,,7419,35,,,0,198,,7418,35,,,0
