7001,'4795',1532,,1825,22,,,0
7001,'5102',1532,,4531,22,,,0
7100,'4795',735,,1826,9,,,0
7100,'5102',735,,4532,9,,,0
7200,'4795',741,,2712,9,,,0
7200,'5102',741,,4533,9,,,0
7401,'5095',1541,,2714,19,,,0
7401,'5097',1441,,2713,19,,,0
7401,'5103',1541,,4536,19,,,0
7401,'5104',1441,,4537,19,,,0
7701,'4795',1547,,2716,22,,,0
7701,'5102',1547,,4540,22,,,0
7900,'4795',752,,2718,17,0,6,0
7900,'5102',752,,4543,17,0,6,0
7901,'5095',1516,,2720,17,0,6,0
7901,'5097',1516,,2719,17,0,6,0
7901,'5103',1516,,4544,17,0,6,0
7901,'5104',1516,,4545,17,0,6,0
