1700,'4528',714,,6418,29,,,0
1700,'5425',905,,6426,29,,,0,100,,6427,29,,,0,198,,6429,28,,,0
1700,'5426',648,,6410,29,,,0,166,,6416,29,,,0,89,,6422,29,,,0,99,,6409,29,,,0,100,,6413,29,,,0,100,,6408,29,,,0,726,,6423,29,,,0
1700,'5427',648,,7900,29,,,0,166,,7906,29,,,0,89,,7911,29,,,0,99,,7899,29,,,0,100,,7903,29,,,0,100,,7898,29,,,0,726,,7912,29,,,0
1700,'5428',756,,7915,29,,,0,103,,7916,29,,,0,90,,7917,29,,,0,172,,7918,29,,,0
1700,'5429',905,,7929,29,,,0,100,,7930,29,,,0,198,,7932,28,,,0
1701,'5425',1600,,6471,41,0,13 14,0,200,,6473,41,0,15 1 16,0,100,,6475,41,0,13 14,0,130,,6476,41,0,13 14,0
1701,'5426',1231,,6452,41,0,15 1 16,0,102,,6455,41,0,15 1 16,0,111,,6457,41,0,15 1 16,0,93,,6460,41,0,15 1 16,0,108,,6465,41,0,15 1 16,0,98,,6461,41,0,15 1 16,0,104,,6464,41,0,15 1 16,0,159,,6462,41,0,13 14,0,98,,6456,41,0,13 14,0,115,,6453,41,0,13 14,0,114,,6466,41,0,13 14,0
1701,'5427',1231,,7941,41,0,15 1 16,0,102,,7944,41,0,15 1 16,0,111,,7946,41,0,15 1 16,0,93,,7948,41,0,15 1 16,0,108,,7953,41,0,15 1 16,0,98,,7949,41,0,15 1 16,0,104,,7952,41,0,15 1 16,0,159,,7950,41,0,13 14,0,98,,7945,41,0,13 14,0,115,,7942,41,0,13 14,0,114,,7954,41,0,13 14,0
1701,'5428',1230,,7960,41,0,15 1 16,0,100,,7961,41,0,15 1 16,0,170,,7958,41,0,15 1 16,0,130,,7962,41,0,15 1 16,0,105,,7963,41,0,15 1 16,0,99,,7965,41,0,13 14,0,105,,7966,41,0,13 14,0,105,,7967,41,0,13 14,0,110,,7964,41,0,13 14,0,159,,7968,41,0,13 14,0
1701,'5429',1600,,7973,41,0,13 14,0,200,,7975,41,0,15 1 16,0,100,,7977,41,0,13 14,0,130,,7978,41,0,13 14,0
