1700,'4528',707,,6418,17,,,0
1700,'5425',858,,6426,17,,,0,100,,6427,17,,,0,198,,6429,16,,,0
1700,'5426',642,,6410,17,,,0,164,,6416,17,,,0,50,,6422,17,,,0,99,,6409,17,,,0,100,,6413,17,,,0,100,,6408,17,,,0,768,,6423,17,,,0
1700,'5427',642,,7900,17,,,0,164,,7906,17,,,0,50,,7911,17,,,0,99,,7899,17,,,0,100,,7903,17,,,0,100,,7898,17,,,0,768,,7912,17,,,0
1700,'5428',751,,7915,17,,,0,103,,7916,17,,,0,90,,7917,17,,,0,171,,7918,17,,,0
1700,'5429',858,,7929,17,,,0,100,,7930,17,,,0,198,,7932,16,,,0
1701,'5425',1554,,6471,29,0,13 14,0,200,,6473,29,0,15 1 16,0,100,,6475,29,0,13 14,0,170,,6476,29,0,13 14,0
1701,'5426',1225,,6452,29,0,15 1 16,0,102,,6455,29,0,15 1 16,0,110,,6457,29,0,15 1 16,0,93,,6460,29,0,15 1 16,0,109,,6465,29,0,15 1 16,0,98,,6461,29,0,15 1 16,0,104,,6464,29,0,15 1 16,0,159,,6462,29,0,13 14,0,58,,6456,29,0,13 14,0,155,,6453,29,0,13 14,0,114,,6466,29,0,13 14,0
1701,'5427',1225,,7941,29,0,15 1 16,0,102,,7944,29,0,15 1 16,0,110,,7946,29,0,15 1 16,0,93,,7948,29,0,15 1 16,0,109,,7953,29,0,15 1 16,0,98,,7949,29,0,15 1 16,0,104,,7952,29,0,15 1 16,0,159,,7950,29,0,13 14,0,58,,7945,29,0,13 14,0,155,,7942,29,0,13 14,0,114,,7954,29,0,13 14,0
1701,'5428',1224,,7960,29,0,15 1 16,0,100,,7961,29,0,15 1 16,0,130,,7958,29,0,15 1 16,0,170,,7962,29,0,15 1 16,0,105,,7963,29,0,15 1 16,0,99,,7965,29,0,13 14,0,105,,7966,29,0,13 14,0,105,,7967,29,0,13 14,0,110,,7964,29,0,13 14,0,159,,7968,29,0,13 14,0
1701,'5429',1554,,7973,29,0,13 14,0,200,,7975,29,0,15 1 16,0,100,,7977,29,0,13 14,0,170,,7978,29,0,13 14,0
