401,'4327',822,,3347,12,,,0,117,,3344,12,,,0,120,,3345,12,,,0,160,,3346,12,,,0,94,,3350,12,,,0,126,,3348,12,,,0,167,,3349,12,,,0,125,,3351,12,,,0,120,,3352,12,,,0
401,'4795',614,,634,12,,,0,25,,638,12,,,0,87,,636,12,,,0,31,,640,12,,,0,70,,637,12,,,0,30,,641,12,,,0,70,,662,12,,,0,30,,635,12,,,0,70,,644,12,,,0,30,,645,12,,,0,71,,643,12,,,0,30,,642,12,,,0,70,,651,12,,,0,30,,663,12,,,0,70,,650,12,,,0,30,,639,12,,,0,70,,660,12,,,0,30,,649,12,,,0,47,,664,12,,,0,24,,659,12,,,0,30,,656,12,,,0,52,,665,12,,,0,18,,647,12,,,0,30,,646,12,,,0,69,,655,12,,,0,30,,648,12,,,0,69,,657,12,,,0,97,,658,12,,,0,97,,653,12,,,0,99,,652,12,,,0,100,,2412,12,,,0,118,,2413,12,,,0
401,'4800',809,,2423,12,,,0,25,,2424,12,,,0,25,,2426,12,,,0,65,,2425,12,,,0,25,,2427,12,,,0,65,,2429,12,,,0,25,,2430,12,,,0,66,,2431,12,,,0,25,,2428,12,,,0,26,,2432,12,,,0,66,,678,12,,,0,28,,675,12,,,0,67,,677,12,,,0,28,,679,12,,,0,67,,681,12,,,0,30,,683,12,,,0,67,,684,12,,,0,29,,682,12,,,0,67,,686,12,,,0,26,,687,12,,,0,27,,685,12,,,0,67,,680,12,,,0,27,,688,12,,,0,67,,690,12,,,0,35,,689,12,,,0,100,,691,12,,,0,100,,692,12,,,0,99,,693,12,,,0,100,,2433,12,,,0
401,'5102',614,,3353,12,,,0,25,,3357,12,,,0,87,,3355,12,,,0,31,,3359,12,,,0,70,,3356,12,,,0,30,,3360,12,,,0,70,,3381,12,,,0,30,,3354,12,,,0,70,,3363,12,,,0,30,,3364,12,,,0,71,,3362,12,,,0,30,,3361,12,,,0,70,,3370,12,,,0,30,,3382,12,,,0,70,,3369,12,,,0,30,,3358,12,,,0,70,,3379,12,,,0,30,,3368,12,,,0,61,,3383,12,,,0,10,,3378,12,,,0,30,,3375,12,,,0,70,,3366,12,,,0,30,,3365,12,,,0,69,,3374,12,,,0,30,,3367,12,,,0,69,,3376,12,,,0,97,,3377,12,,,0,97,,3372,12,,,0,99,,3371,12,,,0,100,,3373,12,,,0,118,,3380,12,,,0
401,'5105',809,,3384,12,,,0,25,,3385,12,,,0,25,,3387,12,,,0,65,,3386,12,,,0,25,,3388,12,,,0,65,,3390,12,,,0,25,,3391,12,,,0,66,,3392,12,,,0,25,,3389,12,,,0,26,,3394,12,,,0,66,,3396,12,,,0,28,,3393,12,,,0,67,,3395,12,,,0,28,,3397,12,,,0,67,,3399,12,,,0,30,,3401,12,,,0,67,,3402,12,,,0,29,,3400,12,,,0,67,,3404,12,,,0,26,,3405,12,,,0,27,,3403,12,,,0,67,,3398,12,,,0,27,,3406,12,,,0,67,,3408,12,,,0,35,,3407,12,,,0,100,,3409,12,,,0,100,,3410,12,,,0,99,,3411,12,,,0,100,,3412,12,,,0
7001,'4795',1519,,1825,11,,,0
7001,'5102',1519,,4531,11,,,0
7301,'4795',1518,,1829,11,,,0
7301,'5102',1518,,4535,11,,,0
7401,'5095',1530,,2714,8,,,0
7401,'5097',1430,,2713,8,,,0
7401,'5103',1530,,4536,8,,,0
7401,'5104',1430,,4537,8,,,0
7701,'4795',1535,,2716,11,,,0
7701,'5102',1535,,4540,11,,,0
