100,'4528',604,,4803,13,,,0,30,,4804,21,,,0,72,,4805,21,,,0,31,,4806,21,,,0,74,,4815,21,,,0,15,,4814,21,,,0,15,,4842,21,,,0,99,,4837,21,,,0,81,,4847,21,,,0,223,,4834,21,,,0,70,,4833,21,,,0,192,,4816,21,,,0,106,,4838,21,,,0,15,,4844,21,,,0,114,,4829,21,,,0,83,,4827,21,,,0,119,,4835,21,,,0,97,,4826,21,,,0,99,,4820,21,,,0,100,,4817,21,,,0,98,,4841,21,,,0
100,'4532',941,,4891,21,,,0,102,,4896,21,,,0,102,,4898,21,,,0,100,,4901,21,,,0,100,,4902,21,,,0
100,'5221',732,,4856,21,,,0,100,,4859,21,,,0,204,,4861,21,,,0,101,,4864,21,,,0,102,,4866,21,,,0,370,,4872,21,,,0,99,,4883,21,,,0,100,,4886,21,,,0
100,'5425',713,,4855,21,,,0,89,,4857,21,,,0,100,,4858,21,,,0,32,,4860,21,,,0,72,,4863,21,,,0,100,,4862,21,,,0,103,,4876,21,,,0,100,,4865,21,,,0,30,,4869,21,,,0,70,,4867,21,,,0,30,,4870,21,,,0,71,,4871,21,,,0,30,,4868,21,,,0,99,,4873,21,,,0,99,,4874,21,,,0,103,,4877,21,,,0,65,,4875,21,,,0,29,,4878,21,,,0,70,,4887,21,,,0,29,,4880,21,,,0,70,,4879,21,,,0,29,,4881,21,,,0,69,,4882,21,,,0,30,,4884,21,,,0,70,,4888,21,,,0,37,,4885,21,,,0,62,,4889,21,,,0
100,'5426',754,,4807,21,,,0,101,,4843,21,,,0,55,,4818,21,,,0,15,,4810,21,,,0,75,,4836,21,,,0,41,,4846,21,,,0,71,,4845,21,,,0,30,,4850,21,,,0,72,,4849,21,,,0,130,,4824,21,,,0,70,,4813,21,,,0,32,,4812,21,,,0,79,,4811,21,,,0,18,,4839,21,,,0,15,,4821,21,,,0,84,,4840,21,,,0,15,,4853,21,,,0,54,,4852,21,,,0,15,,4832,21,,,0,28,,4854,21,,,0,55,,4830,21,,,0,30,,4848,21,,,0,20,,4851,21,,,0,59,,4828,21,,,0,92,,4831,21,,,0,99,,4822,21,,,0,100,,4819,21,,,0,99,,4825,21,,,0,97,,4823,21,,,0,29,,4808,21,,,0,70,,4809,21,,,0
100,'5427',754,,6581,21,,,0,101,,6602,21,,,0,55,,6588,21,,,0,15,,6584,21,,,0,75,,6599,21,,,0,41,,6604,21,,,0,71,,6603,21,,,0,30,,6607,21,,,0,72,,6606,21,,,0,130,,6593,21,,,0,70,,6587,21,,,0,32,,6586,21,,,0,79,,6585,21,,,0,18,,6600,21,,,0,15,,6590,21,,,0,84,,6601,21,,,0,15,,6610,21,,,0,54,,6609,21,,,0,15,,6598,21,,,0,28,,6611,21,,,0,55,,6596,21,,,0,30,,6605,21,,,0,20,,6608,21,,,0,59,,6595,21,,,0,92,,6597,21,,,0,99,,6591,21,,,0,100,,6589,21,,,0,99,,6594,21,,,0,97,,6592,21,,,0,29,,6582,21,,,0,70,,6583,21,,,0
100,'5428',643,,6634,21,,,0,9,,6636,21,,,0,70,,6637,21,,,0,30,,6612,21,,,0,66,,6639,21,,,0,20,,6613,21,,,0,15,,6640,21,,,0,57,,6614,21,,,0,16,,6641,21,,,0,87,,6616,21,,,0,100,,6615,21,,,0,102,,6618,21,,,0,100,,6617,21,,,0,100,,6620,21,,,0,31,,6619,21,,,0,70,,6621,21,,,0,30,,6623,21,,,0,69,,6624,21,,,0,13,,6642,21,,,0,15,,6625,21,,,0,15,,6643,21,,,0,55,,6622,21,,,0,15,,6644,21,,,0,14,,6626,21,,,0,15,,6645,21,,,0,55,,6627,21,,,0,15,,6646,21,,,0,15,,6628,21,,,0,70,,6629,21,,,0,45,,6633,21,,,0,99,,6632,21,,,0,144,,6631,21,,,0,104,,6630,21,,,0,103,,6635,21,,,0,98,,6638,21,,,0
100,'5429',713,,6647,21,,,0,89,,6648,21,,,0,100,,6649,21,,,0,32,,6650,21,,,0,72,,6652,21,,,0,100,,6651,21,,,0,103,,6662,21,,,0,100,,6653,21,,,0,30,,6656,21,,,0,70,,6654,21,,,0,30,,6657,21,,,0,71,,6658,21,,,0,30,,6655,21,,,0,99,,6659,21,,,0,99,,6660,21,,,0,103,,6663,21,,,0,65,,6661,21,,,0,29,,6664,21,,,0,70,,6671,21,,,0,29,,6666,21,,,0,70,,6665,21,,,0,29,,6667,21,,,0,69,,6668,21,,,0,30,,6669,21,,,0,70,,6672,21,,,0,37,,6670,21,,,0,62,,6673,21,,,0
200,'4528',726,,5068,28,,,0,102,,5070,28,,,0,112,,5074,28,,,0,100,,5078,28,,,0,100,,5077,28,,,0,101,,5080,28,,,0,100,,5082,28,,,0,100,,5083,28,,,0,103,,5086,28,,,0,109,,5056,28,,,0,97,,5059,28,,,0
200,'4532',909,,5103,28,,,0
200,'5425',813,,5088,28,,,0,41,,5087,28,,,0,152,,5090,28,,,0,100,,5089,28,,,0,101,,5091,28,,,0,105,,5092,28,,,0,96,,5094,28,,,0,100,,5093,28,,,0,99,,5097,28,,,0,106,,5099,28,,,0,99,,5098,28,,,0,124,,5095,28,,,0,99,,5096,28,,,0
200,'5426',621,,5067,28,,,0,37,,5066,28,,,0,83,,5071,28,,,0,71,,5069,28,,,0,32,,5072,28,,,0,66,,5075,28,,,0,100,,5073,28,,,0,100,,5076,28,,,0,101,,5079,28,,,0,100,,5081,28,,,0,100,,5084,28,,,0,105,,5085,28,,,0,107,,5062,28,,,0,99,,5058,28,,,0,98,,5065,28,,,0,34,,5057,28,,,0,80,,5061,28,,,0,69,,5055,28,,,0,34,,5060,28,,,0,65,,5054,28,,,0,30,,5063,28,,,0
200,'5427',621,,6776,28,,,0,37,,6775,28,,,0,83,,6778,28,,,0,71,,6777,28,,,0,32,,6779,28,,,0,66,,6781,28,,,0,100,,6780,28,,,0,100,,6782,28,,,0,101,,6783,28,,,0,100,,6784,28,,,0,100,,6785,28,,,0,105,,6786,28,,,0,107,,6771,28,,,0,99,,6768,28,,,0,98,,6774,28,,,0,34,,6767,28,,,0,80,,6770,28,,,0,69,,6766,28,,,0,34,,6769,28,,,0,65,,6765,28,,,0,30,,6772,28,,,0
200,'5428',756,,6788,28,,,0,254,,6787,28,,,0,101,,6790,28,,,0,100,,6789,28,,,0,101,,6791,28,,,0,100,,6792,28,,,0,100,,6795,28,,,0,30,,6796,28,,,0,70,,6794,28,,,0,30,,6793,28,,,0,70,,6797,28,,,0,30,,6798,28,,,0,70,,6799,28,,,0,88,,6804,28,,,0,40,,6802,28,,,0,91,,6800,28,,,0,93,,6801,28,,,0,100,,6803,28,,,0
200,'5429',813,,6806,28,,,0,41,,6805,28,,,0,152,,6808,28,,,0,100,,6807,28,,,0,101,,6809,28,,,0,105,,6810,28,,,0,96,,6812,28,,,0,100,,6811,28,,,0,99,,6815,28,,,0,106,,6817,28,,,0,99,,6816,28,,,0,124,,6813,28,,,0,99,,6814,28,,,0
1001,'4528',719,,6200,3,,,0,36,,6199,3,,,0,268,,6211,3,,,0,120,,6209,3,,,0,80,,6207,3,,,0,80,,6208,3,,,0,40,,6205,3,,,0,79,,6206,3,,,0,80,,6204,3,,,0,40,,6203,3,,,0,80,,6202,3,,,0,80,,6197,3,,,0,40,,6196,3,,,0,80,,6198,3,,,0,80,,6201,3,,,0
1001,'5426',737,,6194,3,,,0,77,,6195,3,,,0,94,,6210,3,,,0,1214,,6212,3,,,0
1001,'5427',737,,7790,3,,,0,77,,7791,3,,,0,94,,7792,3,,,0,1214,,7793,3,,,0
