401,'4327',820,,3347,9,,,0,117,,3344,9,,,0,120,,3345,9,,,0,160,,3346,9,,,0,94,,3350,9,,,0,126,,3348,9,,,0,167,,3349,9,,,0,125,,3351,9,,,0,120,,3352,9,,,0
401,'4795',613,,634,9,,,0,25,,638,9,,,0,87,,636,9,,,0,30,,640,9,,,0,70,,637,9,,,0,30,,641,9,,,0,70,,662,9,,,0,30,,635,9,,,0,70,,644,9,,,0,30,,645,9,,,0,71,,643,9,,,0,30,,642,9,,,0,70,,651,9,,,0,30,,663,9,,,0,70,,650,9,,,0,30,,639,9,,,0,70,,660,9,,,0,30,,649,9,,,0,47,,664,9,,,0,24,,659,9,,,0,30,,656,9,,,0,52,,665,9,,,0,18,,647,9,,,0,30,,646,9,,,0,69,,655,9,,,0,30,,648,9,,,0,69,,657,9,,,0,97,,658,9,,,0,97,,653,9,,,0,100,,652,9,,,0,100,,2412,9,,,0,118,,2413,9,,,0
401,'4800',807,,2423,9,,,0,25,,2424,9,,,0,25,,2426,9,,,0,65,,2425,9,,,0,25,,2427,9,,,0,65,,2429,9,,,0,25,,2430,9,,,0,66,,2431,9,,,0,25,,2428,9,,,0,26,,2432,9,,,0,66,,678,9,,,0,28,,675,9,,,0,67,,677,9,,,0,28,,679,9,,,0,67,,681,9,,,0,30,,683,9,,,0,67,,684,9,,,0,29,,682,9,,,0,67,,686,9,,,0,26,,687,9,,,0,27,,685,9,,,0,67,,680,9,,,0,27,,688,9,,,0,67,,690,9,,,0,35,,689,9,,,0,100,,691,9,,,0,100,,692,9,,,0,100,,693,9,,,0,100,,2433,9,,,0
401,'5102',613,,3353,9,,,0,25,,3357,9,,,0,87,,3355,9,,,0,30,,3359,9,,,0,70,,3356,9,,,0,30,,3360,9,,,0,70,,3381,9,,,0,30,,3354,9,,,0,70,,3363,9,,,0,30,,3364,9,,,0,71,,3362,9,,,0,30,,3361,9,,,0,70,,3370,9,,,0,30,,3382,9,,,0,70,,3369,9,,,0,30,,3358,9,,,0,70,,3379,9,,,0,30,,3368,9,,,0,61,,3383,9,,,0,10,,3378,9,,,0,30,,3375,9,,,0,70,,3366,9,,,0,30,,3365,9,,,0,69,,3374,9,,,0,30,,3367,9,,,0,69,,3376,9,,,0,97,,3377,9,,,0,97,,3372,9,,,0,100,,3371,9,,,0,100,,3373,9,,,0,118,,3380,9,,,0
401,'5105',807,,3384,9,,,0,25,,3385,9,,,0,25,,3387,9,,,0,65,,3386,9,,,0,25,,3388,9,,,0,65,,3390,9,,,0,25,,3391,9,,,0,66,,3392,9,,,0,25,,3389,9,,,0,26,,3394,9,,,0,66,,3396,9,,,0,28,,3393,9,,,0,67,,3395,9,,,0,28,,3397,9,,,0,67,,3399,9,,,0,30,,3401,9,,,0,67,,3402,9,,,0,29,,3400,9,,,0,67,,3404,9,,,0,26,,3405,9,,,0,27,,3403,9,,,0,67,,3398,9,,,0,27,,3406,9,,,0,67,,3408,9,,,0,35,,3407,9,,,0,100,,3409,9,,,0,100,,3410,9,,,0,100,,3411,9,,,0,100,,3412,9,,,0
7001,'4795',1517,,1825,8,,,0
7001,'5102',1517,,4531,8,,,0
7301,'4795',1517,,1829,8,,,0
7301,'5102',1517,,4535,8,,,0
7401,'5095',1528,,2714,5,,,0
7401,'5097',1428,,2713,5,,,0
7401,'5103',1528,,4536,5,,,0
7401,'5104',1428,,4537,5,,,0
7701,'4795',1534,,2716,8,,,0
7701,'5102',1534,,4540,8,,,0
