100,'4528',602,,4803,9,,,0,30,,4804,17,,,0,72,,4805,17,,,0,30,,4806,17,,,0,74,,4815,17,,,0,15,,4814,17,,,0,15,,4842,17,,,0,99,,4837,17,,,0,81,,4847,17,,,0,222,,4834,17,,,0,70,,4833,17,,,0,192,,4816,17,,,0,107,,4838,17,,,0,15,,4844,17,,,0,114,,4829,17,,,0,83,,4827,17,,,0,119,,4835,17,,,0,97,,4826,17,,,0,100,,4820,17,,,0,100,,4817,17,,,0,98,,4841,17,,,0
100,'4532',939,,4891,17,,,0,101,,4896,17,,,0,102,,4898,17,,,0,100,,4901,17,,,0,100,,4902,17,,,0
100,'5221',730,,4856,17,,,0,100,,4859,17,,,0,203,,4861,17,,,0,101,,4864,17,,,0,102,,4866,17,,,0,370,,4872,17,,,0,99,,4883,17,,,0,100,,4886,17,,,0
100,'5425',711,,4855,17,,,0,89,,4857,17,,,0,100,,4858,17,,,0,31,,4860,17,,,0,72,,4863,17,,,0,100,,4862,17,,,0,103,,4876,17,,,0,100,,4865,17,,,0,30,,4869,17,,,0,70,,4867,17,,,0,30,,4870,17,,,0,71,,4871,17,,,0,30,,4868,17,,,0,99,,4873,17,,,0,99,,4874,17,,,0,103,,4877,17,,,0,65,,4875,17,,,0,30,,4878,17,,,0,70,,4887,17,,,0,29,,4880,17,,,0,70,,4879,17,,,0,29,,4881,17,,,0,69,,4882,17,,,0,30,,4884,17,,,0,70,,4888,17,,,0,37,,4885,17,,,0,22,,4889,17,,,0
100,'5426',751,,4807,17,,,0,101,,4843,17,,,0,55,,4818,17,,,0,15,,4810,17,,,0,35,,4836,17,,,0,81,,4846,17,,,0,71,,4845,17,,,0,30,,4850,17,,,0,71,,4849,17,,,0,130,,4824,17,,,0,70,,4813,17,,,0,32,,4812,17,,,0,79,,4811,17,,,0,19,,4839,17,,,0,15,,4821,17,,,0,84,,4840,17,,,0,15,,4853,17,,,0,54,,4852,17,,,0,15,,4832,17,,,0,28,,4854,17,,,0,55,,4830,17,,,0,30,,4848,17,,,0,20,,4851,17,,,0,59,,4828,17,,,0,92,,4831,17,,,0,100,,4822,17,,,0,100,,4819,17,,,0,99,,4825,17,,,0,97,,4823,17,,,0,29,,4808,17,,,0,70,,4809,17,,,0
100,'5427',751,,6581,17,,,0,101,,6602,17,,,0,55,,6588,17,,,0,15,,6584,17,,,0,35,,6599,17,,,0,81,,6604,17,,,0,71,,6603,17,,,0,30,,6607,17,,,0,71,,6606,17,,,0,130,,6593,17,,,0,70,,6587,17,,,0,32,,6586,17,,,0,79,,6585,17,,,0,19,,6600,17,,,0,15,,6590,17,,,0,84,,6601,17,,,0,15,,6610,17,,,0,54,,6609,17,,,0,15,,6598,17,,,0,28,,6611,17,,,0,55,,6596,17,,,0,30,,6605,17,,,0,20,,6608,17,,,0,59,,6595,17,,,0,92,,6597,17,,,0,100,,6591,17,,,0,100,,6589,17,,,0,99,,6594,17,,,0,97,,6592,17,,,0,29,,6582,17,,,0,70,,6583,17,,,0
100,'5428',641,,6634,17,,,0,9,,6636,17,,,0,70,,6637,17,,,0,30,,6612,17,,,0,66,,6639,17,,,0,20,,6613,17,,,0,15,,6640,17,,,0,57,,6614,17,,,0,16,,6641,17,,,0,86,,6616,17,,,0,100,,6615,17,,,0,102,,6618,17,,,0,100,,6617,17,,,0,100,,6620,17,,,0,31,,6619,17,,,0,70,,6621,17,,,0,30,,6623,17,,,0,69,,6624,17,,,0,13,,6642,17,,,0,15,,6625,17,,,0,15,,6643,17,,,0,55,,6622,17,,,0,15,,6644,17,,,0,15,,6626,17,,,0,15,,6645,17,,,0,55,,6627,17,,,0,15,,6646,17,,,0,15,,6628,17,,,0,70,,6629,17,,,0,45,,6633,17,,,0,99,,6632,17,,,0,104,,6631,17,,,0,144,,6630,17,,,0,103,,6635,17,,,0,98,,6638,17,,,0
100,'5429',711,,6647,17,,,0,89,,6648,17,,,0,100,,6649,17,,,0,31,,6650,17,,,0,72,,6652,17,,,0,100,,6651,17,,,0,103,,6662,17,,,0,100,,6653,17,,,0,30,,6656,17,,,0,70,,6654,17,,,0,30,,6657,17,,,0,71,,6658,17,,,0,30,,6655,17,,,0,99,,6659,17,,,0,99,,6660,17,,,0,103,,6663,17,,,0,65,,6661,17,,,0,30,,6664,17,,,0,70,,6671,17,,,0,29,,6666,17,,,0,70,,6665,17,,,0,29,,6667,17,,,0,69,,6668,17,,,0,30,,6669,17,,,0,70,,6672,17,,,0,37,,6670,17,,,0,22,,6673,17,,,0
200,'5426',2200,,5064,23,4,,0
200,'5427',2200,,6773,23,4,,0
