700,'4783',1147,,908,13,,,0,400,,918,13,,,0,466,,930,13,,,0
700,'4795',619,,890,13,,,0,18,,891,13,,,0,17,,892,13,,,0,54,,893,13,,,0,16,,894,13,,,0,7,,895,13,,,0,10,,896,13,,,0,17,,897,13,,,0,60,,898,13,,,0,11,,899,13,,,0,19,,900,13,,,0,10,,901,13,,,0,56,,902,13,,,0,12,,903,13,,,0,18,,904,13,,,0,13,,920,13,,,0,57,,905,13,,,0,13,,945,13,,,0,17,,906,13,,,0,70,,907,13,,,0,101,,909,13,,,0,32,,910,13,,,0,68,,911,13,,,0,32,,912,13,,,0,69,,913,13,,,0,34,,914,13,,,0,51,,915,13,,,0,15,,916,13,,,0,18,,917,13,,,0,70,,919,13,,,0,12,,921,13,,,0,18,,924,13,,,0,11,,936,13,,,0,59,,925,13,,,0,11,,922,13,,,0,18,,926,13,,,0,11,,937,13,,,0,58,,927,13,,,0,10,,923,13,,,0,16,,2018,13,,,0,13,,939,13,,,0,72,,929,13,,,0,27,,2020,13,,,0,100,,941,13,,,0,71,,931,13,,,0,29,,940,13,,,0,70,,2019,13,,,0,28,,942,13,,,0,70,,933,13,,,0,28,,943,13,,,0,73,,934,13,,,0,31,,944,13,,,0,70,,935,13,,,0
700,'4800',647,,984,13,,,0,70,,983,13,,,0,31,,971,13,,,0,70,,946,13,,,0,31,,947,13,,,0,71,,949,13,,,0,29,,948,13,,,0,71,,955,13,,,0,31,,960,13,,,0,54,,975,13,,,0,16,,961,13,,,0,15,,976,13,,,0,22,,963,13,,,0,73,,958,13,,,0,28,,964,13,,,0,70,,957,13,,,0,72,,965,13,,,0,28,,959,13,,,0,30,,979,13,,,0,67,,977,13,,,0,16,,967,13,,,0,14,,981,13,,,0,55,,956,13,,,0,30,,968,13,,,0,15,,978,13,,,0,64,,962,13,,,0,29,,969,13,,,0,70,,950,13,,,0,36,,951,13,,,0,73,,952,13,,,0,76,,973,13,,,0,34,,972,13,,,0,105,,953,13,,,0,96,,954,13,,,0,100,,970,13,,,0,98,,974,13,,,0,66,,982,13,,,0,29,,985,13,,,0
700,'5125',1147,,2469,13,,,0,400,,2470,13,,,0,466,,2471,13,,,0
700,'5127',732,,2472,13,,,0,27,,2473,13,,,0,100,,2474,13,,,0,97,,2475,13,,,0,73,,2477,13,,,0,30,,2476,13,,,0,67,,2479,13,,,0,33,,2485,13,,,0,67,,2480,13,,,0,29,,2478,13,,,0,72,,2482,13,,,0,28,,2492,13,,,0,72,,2483,13,,,0,29,,2487,13,,,0,71,,2481,13,,,0,29,,2484,13,,,0,71,,2486,13,,,0,27,,2491,13,,,0,72,,2488,13,,,0,27,,2493,13,,,0,71,,2489,13,,,0,29,,2495,13,,,0,101,,2490,13,,,0,99,,2497,13,,,0,104,,2494,13,,,0,95,,2496,13,,,0,100,,2498,13,,,0
700,'5128',1512,,2499,13,,,0,115,,2500,13,,,0
7300,'4795',746,,1828,21,,,0
7901,'4783',1522,,1838,26,0,6,0
7901,'5097',1522,,2719,27,0,6,0
7901,'5126',1522,,2720,27,0,6,0
