301,'4327',848,,3189,35,,,0,100,,3190,35,,,0,101,,3195,35,,,0,103,,3191,35,,,0,100,,3196,35,,,0,100,,3192,35,,,0,100,,3193,35,,,0,100,,3198,35,,,0,100,,3194,35,,,0,98,,3200,35,,,0,98,,3197,35,,,0,106,,3199,35,,,0,99,,3201,35,,,0,100,,3202,35,,,0
301,'4795',619,,506,9,,,0,22,,501,9,,,0,60,,498,35,,,0,9,,2371,35,,,0,15,,486,9,,,0,18,,490,35,,,0,57,,499,35,,,0,16,,509,35,,,0,20,,493,35,,,0,19,,500,35,,,0,70,,508,35,,,0,30,,505,35,,,0,71,,523,35,,,0,30,,487,35,,,0,70,,484,35,,,0,31,,510,35,,,0,70,,494,35,,,0,30,,522,35,,,0,71,,516,35,,,0,30,,515,35,,,0,72,,521,35,,,0,15,,514,35,,,0,55,,519,35,,,0,10,,1957,35,,,0,20,,517,35,,,0,14,,512,35,,,0,15,,492,35,,,0,55,,491,35,,,0,15,,488,35,,,0,15,,520,35,,,0,15,,489,35,,,0,54,,503,35,,,0,14,,502,35,,,0,15,,495,35,,,0,15,,496,35,,,0,69,,518,35,,,0,29,,507,35,,,0,70,,525,35,,,0,30,,485,35,,,0,99,,1956,35,,,0,99,,504,35,,,0,100,,511,35,,,0,97,,483,35,,,0
301,'4800',710,,528,9,,,0,30,,2386,9,,,0,76,,529,9,,,0,36,,527,35,,,0,70,,531,35,,,0,31,,536,35,,,0,70,,533,35,,,0,30,,2387,35,,,0,70,,535,35,,,0,30,,534,35,,,0,71,,530,35,,,0,30,,537,35,,,0,70,,539,35,,,0,30,,2388,35,,,0,70,,541,35,,,0,31,,538,35,,,0,70,,542,35,,,0,30,,544,35,,,0,70,,545,35,,,0,30,,547,35,,,0,70,,543,35,,,0,30,,549,35,,,0,75,,546,35,,,0,24,,550,35,,,0,85,,2389,35,,,0,105,,551,35,,,0,105,,552,35,,,0,103,,553,35,,,0,99,,554,35,,,0
301,'5102',619,,3226,9,,,0,22,,3221,9,,,0,60,,3218,35,,,0,9,,3217,35,,,0,15,,3206,9,,,0,18,,3210,35,,,0,57,,3219,35,,,0,16,,3229,35,,,0,20,,3213,35,,,0,19,,3220,35,,,0,70,,3228,35,,,0,30,,3225,35,,,0,71,,3243,35,,,0,30,,3207,35,,,0,70,,3204,35,,,0,31,,3230,35,,,0,70,,3214,35,,,0,30,,3242,35,,,0,71,,3236,35,,,0,30,,3235,35,,,0,72,,3241,35,,,0,15,,3234,35,,,0,55,,3239,35,,,0,10,,3244,35,,,0,20,,3237,35,,,0,14,,3232,35,,,0,15,,3212,35,,,0,55,,3211,35,,,0,15,,3208,35,,,0,15,,3240,35,,,0,15,,3209,35,,,0,54,,3223,35,,,0,14,,3222,35,,,0,15,,3215,35,,,0,15,,3216,35,,,0,69,,3238,35,,,0,29,,3227,35,,,0,70,,3245,35,,,0,30,,3205,35,,,0,99,,3233,35,,,0,99,,3224,35,,,0,100,,3231,35,,,0,97,,3203,35,,,0
301,'5105',710,,3248,9,,,0,30,,3246,9,,,0,76,,3249,9,,,0,36,,3247,35,,,0,70,,3251,35,,,0,31,,3256,35,,,0,70,,3253,35,,,0,30,,3252,35,,,0,70,,3255,35,,,0,30,,3254,35,,,0,71,,3250,35,,,0,30,,3257,35,,,0,70,,3259,35,,,0,30,,3260,35,,,0,70,,3261,35,,,0,31,,3258,35,,,0,70,,3262,35,,,0,30,,3264,35,,,0,70,,3265,35,,,0,30,,3267,35,,,0,70,,3263,35,,,0,30,,3269,35,,,0,75,,3266,35,,,0,24,,3270,35,,,0,85,,3268,35,,,0,105,,3271,35,,,0,105,,3272,35,,,0,103,,3273,35,,,0,99,,3274,35,,,0
1400,'4795',813,,1517,31,0,7 8 2 9 2 10,0,690,,1519,31,0,9,0
1400,'5102',813,,4223,31,0,7 8 2 9 2 10,0,690,,4225,31,0,9,0
8100,'4795',807,,1842,41,,,0
8100,'5102',807,,4548,41,,,0
8101,'5095',1516,,1843,3,,,0
8101,'5097',1405,,1844,3,,,0
8101,'5103',1516,,4549,3,,,0
8101,'5104',1405,,4550,3,,,0
