1800,'5425',736,,6511,1,,,0,101,,6509,1,,,0,101,,6508,1,,,0,101,,6510,1,,,0,101,,6514,1,,,0,103,,6515,1,,,0,91,,6513,1,,,0,101,,6519,1,,,0,105,,6520,1,,,0,105,,6512,1,,,0,101,,6517,1,,,0,101,,6516,1,,,0,101,,6518,1,,,0
1800,'5426',534,,6491,1,,,0,101,,6492,1,,,0,101,,6493,1,,,0,102,,6494,1,,,0,100,,6495,1,,,0,101,,6496,1,,,0,101,,6497,1,,,0,103,,6498,1,,,0,90,,6499,1,,,0,102,,6500,1,,,0,105,,6501,1,,,0,105,,6502,1,,,0,102,,6503,1,,,0,100,,6504,1,,,0,101,,6505,1,,,0,101,,6506,1,,,0,101,,6507,1,,,0
1800,'5427',534,,7979,1,,,0,101,,7980,1,,,0,101,,7981,1,,,0,102,,7982,1,,,0,100,,7983,1,,,0,101,,7984,1,,,0,101,,7985,1,,,0,103,,7986,1,,,0,90,,7987,1,,,0,102,,7988,1,,,0,105,,7989,1,,,0,105,,7990,1,,,0,102,,7991,1,,,0,100,,7992,1,,,0,101,,7993,1,,,0,101,,7994,1,,,0,101,,7995,1,,,0
1800,'5428',736,,7996,1,,,0,101,,7997,1,,,0,101,,7998,1,,,0,101,,7999,1,,,0,101,,8000,1,,,0,103,,8001,1,,,0,91,,8002,1,,,0,101,,8003,1,,,0,105,,8004,1,,,0,105,,8005,1,,,0,101,,8006,1,,,0,101,,8007,1,,,0,101,,8008,1,,,0,101,,8009,1,,,0,101,,8010,1,,,0
1800,'5429',736,,8014,1,,,0,101,,8012,1,,,0,101,,8011,1,,,0,101,,8013,1,,,0,101,,8017,1,,,0,103,,8018,1,,,0,91,,8016,1,,,0,101,,8022,1,,,0,105,,8023,1,,,0,105,,8015,1,,,0,101,,8020,1,,,0,101,,8019,1,,,0,101,,8021,1,,,0
1801,'5425',825,,6559,18,4,,0,101,,6563,18,4,,0,101,,6558,18,4,,0,102,,6565,18,4,,0,101,,6557,18,4,,0,103,,6564,18,4,,0,92,,6554,18,4,,0,98,,6556,18,4,,0,105,,6560,18,4,,0,105,,6562,18,4,,0,101,,6553,18,4,,0,99,,6561,18,4,,0,101,,6555,18,4,,0
1801,'5426',623,,6536,18,4,,0,101,,6537,18,4,,0,106,,6538,18,4,,0,100,,6539,18,4,,0,100,,6540,18,4,,0,101,,6541,18,4,,0,101,,6542,18,4,,0,104,,6543,18,4,,0,90,,6544,18,4,,0,104,,6545,18,4,,0,106,,6546,18,4,,0,103,,6547,18,4,,0,98,,6548,18,4,,0,99,,6549,18,4,,0,101,,6550,18,4,,0,101,,6551,18,4,,0,101,,6552,18,4,,0
1801,'5427',623,,8024,18,4,,0,101,,8025,18,4,,0,106,,8026,18,4,,0,100,,8027,18,4,,0,100,,8028,18,4,,0,101,,8029,18,4,,0,101,,8030,18,4,,0,104,,8031,18,4,,0,90,,8032,18,4,,0,104,,8033,18,4,,0,106,,8034,18,4,,0,103,,8035,18,4,,0,98,,8036,18,4,,0,99,,8037,18,4,,0,101,,8038,18,4,,0,101,,8039,18,4,,0,101,,8040,18,4,,0
1801,'5428',827,,8041,18,4,,0,101,,8042,18,4,,0,100,,8043,18,4,,0,101,,8044,18,4,,0,101,,8045,18,4,,0,103,,8046,18,4,,0,91,,8047,18,4,,0,102,,8048,18,4,,0,106,,8049,18,4,,0,105,,8050,18,4,,0,98,,8051,18,4,,0,100,,8052,18,4,,0,101,,8053,18,4,,0,100,,8054,18,4,,0,101,,8055,18,4,,0
1801,'5429',825,,8062,18,4,,0,101,,8066,18,4,,0,101,,8061,18,4,,0,102,,8068,18,4,,0,101,,8060,18,4,,0,103,,8067,18,4,,0,92,,8057,18,4,,0,98,,8059,18,4,,0,105,,8063,18,4,,0,105,,8065,18,4,,0,101,,8056,18,4,,0,99,,8064,18,4,,0,101,,8058,18,4,,0
