700,'4528',643,,7300,20,,,0,71,,7302,20,,,0,90,,7305,20,,,0,32,,7307,20,,,0,69,,7309,20,,,0,99,,7328,20,,,0,30,,7353,20,,,0,87,,7315,20,,,0,101,,7317,20,,,0,100,,7319,20,,,0,102,,7321,20,,,0,85,,7323,20,,,0,143,,7344,20,,,0,70,,7330,20,,,0,29,,7345,20,,,0,68,,7331,20,,,0,29,,7347,20,,,0,396,,7350,20,,,0
700,'4532',653,,8357,20,,,0,70,,7391,20,,,0,31,,8348,20,,,0,70,,8333,20,,,0,31,,7355,20,,,0,71,,8335,20,,,0,29,,8334,20,,,0,71,,7363,20,,,0,31,,8340,20,,,0,54,,7383,20,,,0,16,,8341,20,,,0,15,,7384,20,,,0,63,,8343,20,,,0,33,,8339,20,,,0,68,,7372,20,,,0,30,,8338,20,,,0,72,,8344,20,,,0,28,,7367,20,,,0,70,,8351,20,,,0,13,,8345,20,,,0,14,,8352,20,,,0,16,,8346,20,,,0,54,,7389,20,,,0,15,,7364,20,,,0,16,,8354,20,,,0,14,,7376,20,,,0,55,,8353,20,,,0,24,,8342,20,,,0,29,,7377,20,,,0,70,,7358,20,,,0,76,,8336,20,,,0,32,,7360,20,,,0,76,,8349,20,,,0,34,,7380,20,,,0,105,,7361,20,,,0,96,,8337,20,,,0,100,,8347,20,,,0,97,,8350,20,,,0,66,,8355,20,,,0,29,,8356,20,,,0
700,'5221',738,,7394,20,,,0,67,,8358,20,,,0,100,,8359,20,,,0,97,,8360,20,,,0,33,,8361,20,,,0,70,,7398,20,,,0,27,,8363,20,,,0,73,,8369,20,,,0,28,,8364,20,,,0,69,,8362,20,,,0,32,,8365,20,,,0,68,,8376,20,,,0,32,,8367,20,,,0,70,,8371,20,,,0,31,,8366,20,,,0,69,,8368,20,,,0,31,,8370,20,,,0,67,,8374,20,,,0,32,,8372,20,,,0,67,,8377,20,,,0,31,,8373,20,,,0,68,,7417,20,,,0,101,,8375,20,,,0,99,,8380,20,,,0,103,,8378,20,,,0,55,,8379,20,,,0,100,,8381,20,,,0
700,'5434',625,,8382,20,,,0,75,,8383,20,,,0,30,,8384,20,,,0,17,,8385,20,,,0,78,,8386,20,,,0,29,,8387,20,,,0,66,,8388,20,,,0,13,,8389,20,,,0,17,,8390,20,,,0,71,,8391,20,,,0,30,,8392,20,,,0,103,,8393,20,,,0,100,,8394,20,,,0,100,,8395,20,,,0,104,,8396,20,,,0,66,,8397,20,,,0,17,,8398,20,,,0,14,,8399,20,,,0,56,,8400,20,,,0,13,,8401,20,,,0,17,,8402,20,,,0,70,,8403,20,,,0,29,,8404,20,,,0,69,,8405,20,,,0,26,,8406,20,,,0,85,,8407,20,,,0,27,,8414,20,,,0,73,,8408,20,,,0,26,,8416,20,,,0,72,,8409,20,,,0,28,,8415,20,,,0,70,,8410,20,,,0,98,,8411,20,,,0,27,,8417,20,,,0,73,,8412,20,,,0,31,,8418,20,,,0,70,,8413,20,,,0
900,'4528',711,,7545,27,,,0,33,,5898,27,,,0,56,,7546,27,,,0,33,,7548,27,,,0,67,,5903,27,,,0,16,,7550,27,,,0,13,,7551,27,,,0,85,,5908,27,,,0,15,,7554,27,,,0,15,,7555,27,,,0,86,,5913,27,,,0,71,,7559,27,,,0,46,,7562,27,,,0,100,,7566,27,,,0,158,,5927,27,,,0,29,,7572,27,,,0,17,,7573,27,,,0,55,,7574,27,,,0,16,,7575,27,,,0,14,,7576,27,,,0,100,,7580,27,,,0,81,,7583,27,,,0,110,,7588,27,,,0,85,,7591,27,,,0,14,,7592,27,,,0,222,,7598,27,,,0,98,,7600,27,,,0,96,,7602,27,,,0
900,'4532',637,,7630,27,,,0,70,,6034,27,,,0,33,,7624,27,,,0,70,,5995,27,,,0,31,,7604,27,,,0,70,,8506,27,,,0,32,,8505,27,,,0,72,,5999,27,,,0,29,,8509,27,,,0,69,,8507,27,,,0,15,,6026,27,,,0,15,,7609,27,,,0,15,,8516,27,,,0,55,,8508,27,,,0,32,,6004,27,,,0,71,,7611,27,,,0,30,,8510,27,,,0,72,,6006,27,,,0,30,,6007,27,,,0,52,,6024,27,,,0,15,,8512,27,,,0,15,,6028,27,,,0,15,,7614,27,,,0,55,,6025,27,,,0,15,,8511,27,,,0,15,,6027,27,,,0,15,,6012,27,,,0,55,,7628,27,,,0,15,,7616,27,,,0,15,,7626,27,,,0,15,,6014,27,,,0,70,,7615,27,,,0,35,,7618,27,,,0,79,,7622,27,,,0,30,,8514,27,,,0,100,,8515,27,,,0,100,,8513,27,,,0,99,,7621,27,,,0,101,,7623,27,,,0,142,,7625,27,,,0,103,,7629,27,,,0
900,'5221',737,,7631,27,,,0,70,,7633,27,,,0,31,,7632,27,,,0,70,,7634,27,,,0,30,,5965,27,,,0,71,,8517,27,,,0,31,,7636,27,,,0,70,,8519,27,,,0,30,,8520,27,,,0,71,,8518,27,,,0,30,,8521,27,,,0,71,,8522,27,,,0,30,,8525,27,,,0,71,,8524,27,,,0,30,,8526,27,,,0,70,,8523,27,,,0,31,,8532,27,,,0,70,,8527,27,,,0,30,,7648,27,,,0,69,,8528,27,,,0,30,,7649,27,,,0,70,,8529,27,,,0,30,,8537,27,,,0,70,,7655,27,,,0,29,,8530,27,,,0,68,,7652,27,,,0,30,,7653,27,,,0,70,,8531,27,,,0,29,,8536,27,,,0,70,,8533,27,,,0,29,,8534,27,,,0,68,,8535,27,,,0,30,,8538,27,,,0,70,,8539,27,,,0
900,'5434',639,,8541,27,,,0,177,,8542,27,,,0,31,,8543,27,,,0,97,,8544,27,,,0,15,,8545,27,,,0,100,,8546,27,,,0,55,,8547,27,,,0,32,,8548,27,,,0,70,,8549,27,,,0,15,,8550,27,,,0,70,,8551,27,,,0,15,,8552,27,,,0,16,,8553,27,,,0,70,,8554,27,,,0,15,,8555,27,,,0,15,,8556,27,,,0,14,,8557,27,,,0,73,,8558,27,,,0,132,,8559,27,,,0,57,,8560,27,,,0,15,,8561,27,,,0,26,,8562,27,,,0,53,,8563,27,,,0,28,,8564,27,,,0,12,,8565,27,,,0,15,,8566,27,,,0,55,,8567,27,,,0,29,,8568,27,,,0,15,,8569,27,,,0,85,,8570,27,,,0,60,,8571,27,,,0,20,,8572,27,,,0,34,,8573,27,,,0,70,,8574,27,,,0,96,,8575,27,,,0,96,,8576,27,,,0,95,,8540,27,,,0
1001,'4528',731,,6200,7,,,0,76,,6199,7,,,0,227,,6211,7,,,0,120,,6209,7,,,0,80,,6207,7,,,0,80,,6208,7,,,0,40,,6205,7,,,0,79,,6206,7,,,0,80,,6204,7,,,0,40,,6203,7,,,0,80,,6202,7,,,0,80,,6197,7,,,0,40,,6196,7,,,0,80,,6198,7,,,0,80,,6201,7,,,0
1001,'5434',749,,8654,7,,,0,77,,8655,7,,,0,93,,8656,7,,,0,1213,,8657,7,,,0
