100,'4528',613,,4803,21,,,0,30,,4804,29,,,0,72,,4805,29,,,0,31,,4806,29,,,0,75,,4815,29,,,0,15,,4814,29,,,0,15,,4842,29,,,0,100,,4837,29,,,0,81,,4847,29,,,0,223,,4834,29,,,0,70,,4833,29,,,0,192,,4816,29,,,0,106,,4838,29,,,0,15,,4844,29,,,0,113,,4829,29,,,0,81,,4827,29,,,0,119,,4835,29,,,0,97,,4826,29,,,0,99,,4820,29,,,0,100,,4817,29,,,0,97,,4841,29,,,0
100,'4532',951,,4891,29,,,0,102,,4896,29,,,0,102,,4898,29,,,0,100,,4901,29,,,0,100,,4902,29,,,0
100,'5221',740,,4856,29,,,0,100,,4859,29,,,0,204,,4861,29,,,0,101,,4864,29,,,0,103,,4866,29,,,0,369,,4872,29,,,0,99,,4883,29,,,0,100,,4886,29,,,0
100,'5425',721,,4855,29,,,0,89,,4857,29,,,0,100,,4858,29,,,0,32,,4860,29,,,0,72,,4863,29,,,0,100,,4862,29,,,0,104,,4876,29,,,0,100,,4865,29,,,0,30,,4869,29,,,0,70,,4867,29,,,0,30,,4870,29,,,0,71,,4871,29,,,0,30,,4868,29,,,0,98,,4873,29,,,0,99,,4874,29,,,0,103,,4877,29,,,0,65,,4875,29,,,0,29,,4878,29,,,0,70,,4887,29,,,0,29,,4880,29,,,0,70,,4879,29,,,0,29,,4881,29,,,0,68,,4882,29,,,0,30,,4884,29,,,0,70,,4888,29,,,0,37,,4885,29,,,0,62,,4889,29,,,0
100,'5426',804,,4807,29,,,0,101,,4843,29,,,0,15,,4818,29,,,0,16,,4810,29,,,0,75,,4836,29,,,0,41,,4846,29,,,0,71,,4845,29,,,0,30,,4850,29,,,0,72,,4849,29,,,0,130,,4824,29,,,0,70,,4813,29,,,0,32,,4812,29,,,0,79,,4811,29,,,0,18,,4839,29,,,0,55,,4821,29,,,0,44,,4840,29,,,0,55,,4853,29,,,0,14,,4852,29,,,0,14,,4832,29,,,0,67,,4854,29,,,0,14,,4830,29,,,0,30,,4848,29,,,0,60,,4851,29,,,0,19,,4828,29,,,0,92,,4831,29,,,0,99,,4822,29,,,0,100,,4819,29,,,0,99,,4825,29,,,0,95,,4823,29,,,0,29,,4808,29,,,0,70,,4809,29,,,0
100,'5427',804,,6581,29,,,0,101,,6602,29,,,0,15,,6588,29,,,0,16,,6584,29,,,0,75,,6599,29,,,0,41,,6604,29,,,0,71,,6603,29,,,0,30,,6607,29,,,0,72,,6606,29,,,0,130,,6593,29,,,0,70,,6587,29,,,0,32,,6586,29,,,0,79,,6585,29,,,0,18,,6600,29,,,0,55,,6590,29,,,0,44,,6601,29,,,0,55,,6610,29,,,0,14,,6609,29,,,0,14,,6598,29,,,0,67,,6611,29,,,0,14,,6596,29,,,0,30,,6605,29,,,0,60,,6608,29,,,0,19,,6595,29,,,0,92,,6597,29,,,0,99,,6591,29,,,0,100,,6589,29,,,0,99,,6594,29,,,0,95,,6592,29,,,0,29,,6582,29,,,0,70,,6583,29,,,0
100,'5428',650,,6634,29,,,0,9,,6636,29,,,0,70,,6637,29,,,0,71,,6612,29,,,0,27,,6639,29,,,0,20,,6613,29,,,0,55,,6640,29,,,0,17,,6614,29,,,0,16,,6641,29,,,0,88,,6616,29,,,0,100,,6615,29,,,0,102,,6618,29,,,0,100,,6617,29,,,0,100,,6620,29,,,0,31,,6619,29,,,0,70,,6621,29,,,0,30,,6623,29,,,0,68,,6624,29,,,0,13,,6642,29,,,0,15,,6625,29,,,0,55,,6643,29,,,0,15,,6622,29,,,0,14,,6644,29,,,0,14,,6626,29,,,0,55,,6645,29,,,0,15,,6627,29,,,0,15,,6646,29,,,0,15,,6628,29,,,0,70,,6629,29,,,0,85,,6633,29,,,0,99,,6632,29,,,0,104,,6631,29,,,0,104,,6630,29,,,0,103,,6635,29,,,0,97,,6638,29,,,0
100,'5429',721,,6647,29,,,0,89,,6648,29,,,0,100,,6649,29,,,0,32,,6650,29,,,0,72,,6652,29,,,0,100,,6651,29,,,0,104,,6662,29,,,0,100,,6653,29,,,0,30,,6656,29,,,0,70,,6654,29,,,0,30,,6657,29,,,0,71,,6658,29,,,0,30,,6655,29,,,0,98,,6659,29,,,0,99,,6660,29,,,0,103,,6663,29,,,0,65,,6661,29,,,0,29,,6664,29,,,0,70,,6671,29,,,0,29,,6666,29,,,0,70,,6665,29,,,0,29,,6667,29,,,0,68,,6668,29,,,0,30,,6669,29,,,0,70,,6672,29,,,0,37,,6670,29,,,0,62,,6673,29,,,0
200,'4528',735,,5068,36,,,0,103,,5070,36,,,0,111,,5074,36,,,0,100,,5078,36,,,0,99,,5077,36,,,0,101,,5080,36,,,0,100,,5082,36,,,0,101,,5083,36,,,0,103,,5086,36,,,0,148,,5056,36,,,0,57,,5059,36,,,0
200,'4532',916,,5103,36,,,0
200,'5425',820,,5088,36,,,0,81,,5087,36,,,0,112,,5090,36,,,0,100,,5089,36,,,0,101,,5091,36,,,0,105,,5092,36,,,0,96,,5094,36,,,0,100,,5093,36,,,0,99,,5097,36,,,0,106,,5099,36,,,0,99,,5098,36,,,0,124,,5095,36,,,0,99,,5096,36,,,0
200,'5426',628,,5067,36,,,0,79,,5066,36,,,0,43,,5071,36,,,0,72,,5069,36,,,0,31,,5072,36,,,0,66,,5075,36,,,0,100,,5073,36,,,0,99,,5076,36,,,0,101,,5079,36,,,0,100,,5081,36,,,0,101,,5084,36,,,0,107,,5085,36,,,0,104,,5062,36,,,0,99,,5058,36,,,0,98,,5065,36,,,0,74,,5057,36,,,0,39,,5061,36,,,0,69,,5055,36,,,0,34,,5060,36,,,0,65,,5054,36,,,0,30,,5063,36,,,0
200,'5427',628,,6776,36,,,0,79,,6775,36,,,0,43,,6778,36,,,0,72,,6777,36,,,0,31,,6779,36,,,0,66,,6781,36,,,0,100,,6780,36,,,0,99,,6782,36,,,0,101,,6783,36,,,0,100,,6784,36,,,0,101,,6785,36,,,0,107,,6786,36,,,0,104,,6771,36,,,0,99,,6768,36,,,0,98,,6774,36,,,0,74,,6767,36,,,0,39,,6770,36,,,0,69,,6766,36,,,0,34,,6769,36,,,0,65,,6765,36,,,0,30,,6772,36,,,0
200,'5428',803,,6788,36,,,0,215,,6787,36,,,0,101,,6790,36,,,0,100,,6789,36,,,0,101,,6791,36,,,0,100,,6792,36,,,0,100,,6795,36,,,0,30,,6796,36,,,0,70,,6794,36,,,0,30,,6793,36,,,0,69,,6797,36,,,0,30,,6798,36,,,0,70,,6799,36,,,0,88,,6804,36,,,0,40,,6802,36,,,0,91,,6800,36,,,0,93,,6801,36,,,0,100,,6803,36,,,0
200,'5429',820,,6806,36,,,0,81,,6805,36,,,0,112,,6808,36,,,0,100,,6807,36,,,0,101,,6809,36,,,0,105,,6810,36,,,0,96,,6812,36,,,0,100,,6811,36,,,0,99,,6815,36,,,0,106,,6817,36,,,0,99,,6816,36,,,0,124,,6813,36,,,0,99,,6814,36,,,0
300,'4528',648,,5210,40,,,0,200,,5202,40,,,0,108,,5196,40,,,0,445,,5204,40,,,0,228,,5211,40,,,0,112,,5183,40,,,0,112,,5217,40,,,0
300,'4532',844,,5240,40,,,0,509,,5252,40,,,0,171,,5255,40,,,0,100,,5257,40,,,0,99,,5258,40,,,0
300,'5221',1622,,5233,40,,,0,293,,5231,40,,,0,105,,5234,40,,,0
300,'5425',823,,5223,40,,,0,93,,5225,40,,,0,100,,5224,40,,,0,101,,5230,40,,,0,105,,5226,40,,,0,100,,5232,40,,,0,100,,5227,40,,,0,100,,5228,40,,,0,199,,5229,40,,,0,97,,5235,40,,,0,300,,5236,40,,,0
300,'5426',710,,5197,40,,,0,18,,5194,12,,,0,12,,5192,40,,,0,76,,5213,40,,,0,18,,5199,40,,,0,72,,5203,40,,,0,19,,5195,40,,,0,101,,5198,40,,,0,31,,5220,40,,,0,70,,5205,40,,,0,30,,5193,40,,,0,71,,5207,40,,,0,30,,5219,40,,,0,70,,5184,40,,,0,105,,5185,40,,,0,73,,5214,40,,,0,32,,5200,40,,,0,12,,5222,40,,,0,52,,5187,40,,,0,12,,5186,40,,,0,30,,5189,40,,,0,15,,5191,40,,,0,55,,5218,40,,,0,14,,5201,40,,,0,27,,5188,40,,,0,55,,5209,40,,,0,15,,5190,40,,,0,97,,5208,40,,,0,30,,5221,40,,,0,70,,5206,40,,,0,99,,5216,40,,,0,98,,5212,40,,,0,98,,5215,40,,,0
300,'5427',710,,6882,40,,,0,18,,6880,12,,,0,12,,6878,40,,,0,76,,6894,40,,,0,18,,6884,40,,,0,72,,6887,40,,,0,19,,6881,40,,,0,101,,6883,40,,,0,31,,6900,40,,,0,70,,6888,40,,,0,30,,6879,40,,,0,71,,6890,40,,,0,30,,6899,40,,,0,70,,6870,40,,,0,105,,6871,40,,,0,73,,6895,40,,,0,32,,6885,40,,,0,12,,6902,40,,,0,52,,6873,40,,,0,12,,6872,40,,,0,30,,6875,40,,,0,15,,6877,40,,,0,55,,6898,40,,,0,14,,6886,40,,,0,27,,6874,40,,,0,55,,6892,40,,,0,15,,6876,40,,,0,97,,6891,40,,,0,30,,6901,40,,,0,70,,6889,40,,,0,99,,6897,40,,,0,98,,6893,40,,,0,98,,6896,40,,,0
300,'5428',737,,6904,40,,,0,70,,6903,40,,,0,113,,6907,40,,,0,30,,6908,40,,,0,72,,6906,40,,,0,30,,6905,40,,,0,70,,6909,40,,,0,30,,6910,40,,,0,70,,6912,40,,,0,31,,6911,40,,,0,70,,6915,40,,,0,100,,6914,40,,,0,30,,6917,40,,,0,101,,6916,40,,,0,100,,6913,40,,,0,99,,6918,40,,,0,70,,6920,40,,,0,33,,6921,40,,,0,64,,6922,40,,,0,85,,6923,40,,,0,105,,6925,40,,,0,105,,6926,40,,,0,102,,6919,40,,,0,97,,6924,40,,,0
300,'5429',823,,6927,40,,,0,93,,6929,40,,,0,100,,6928,40,,,0,101,,6934,40,,,0,105,,6930,40,,,0,100,,6935,40,,,0,100,,6931,40,,,0,100,,6932,40,,,0,199,,6933,40,,,0,97,,6936,40,,,0,300,,6937,40,,,0
601,'4528',926,,5607,30,,,0,122,,5608,30,,,0,75,,5610,30,,,0,578,,5617,30,,,0,35,,5620,30,,,0,94,,5619,30,,,0
601,'4532',1320,,5638,30,,,0,200,,5642,30,,,0
601,'5221',1655,,5631,30,,,0
601,'5425',821,,5623,28,,,0,120,,5624,28,,,0,95,,5627,28,,,0,113,,5626,30,,,0,100,,5625,30,,,0,100,,5630,30,,,0,101,,5628,30,,,0,100,,5629,30,,,0,196,,5632,28,,,0,105,,5634,28,,,0,100,,5633,28,,,0
601,'5426',721,,5605,30,,,0,105,,5606,30,,,0,197,,5609,30,,,0,220,,5611,30,,,0,80,,5612,30,,,0,100,,5613,30,,,0,100,,5614,30,,,0,81,,5615,30,,,0,41,,5616,30,,,0,157,,5618,30,,,0,128,,5621,30,,,0,272,,5622,28,,,0
601,'5427',721,,7262,30,,,0,105,,7263,30,,,0,197,,7264,30,,,0,220,,7265,30,,,0,80,,7266,30,,,0,100,,7267,30,,,0,100,,7268,30,,,0,81,,7269,30,,,0,41,,7270,30,,,0,157,,7271,30,,,0,128,,7272,30,,,0,272,,7273,28,,,0
601,'5428',820,,7275,30,,,0,104,,7276,30,,,0,96,,7277,30,,,0,100,,7278,30,,,0,100,,7274,30,,,0,200,,7279,30,,,0,130,,7281,30,,,0,70,,7283,30,,,0,30,,7287,30,,,0,70,,7284,30,,,0,30,,7286,30,,,0,70,,7282,30,,,0,184,,7280,30,,,0,121,,7285,28,,,0
601,'5429',821,,7288,28,,,0,120,,7289,28,,,0,95,,7292,28,,,0,113,,7291,30,,,0,100,,7290,30,,,0,100,,7295,30,,,0,101,,7293,30,,,0,100,,7294,30,,,0,196,,7296,28,,,0,105,,7298,28,,,0,100,,7297,28,,,0
700,'5425',819,,5707,36,,,0,198,,5709,36,,,0,130,,5713,36,,,0,102,,5714,36,,,0,101,,5715,36,,,0,100,,5717,36,,,0,101,,5716,36,,,0,101,,5720,36,,,0,99,,5722,36,,,0,96,,5723,36,,,0,169,,5725,36,,,0,202,,5728,36,,,0,193,,5732,36,,,0
700,'5426',639,,5651,36,,,0,77,,5653,36,,,0,30,,5655,36,,,0,57,,5656,36,,,0,38,,5658,36,,,0,69,,5660,36,,,0,26,,5662,36,,,0,70,,5664,36,,,0,31,,5665,36,,,0,70,,5666,36,,,0,103,,5668,36,,,0,101,,5670,36,,,0,100,,5672,36,,,0,104,,5674,36,,,0,43,,5677,36,,,0,70,,5679,36,,,0,30,,5684,36,,,0,70,,5685,36,,,0,29,,5686,36,,,0,67,,5687,36,,,0,26,,5688,36,,,0,85,,5689,36,,,0,100,,5690,36,,,0,98,,5691,36,,,0,97,,5692,36,,,0,98,,5693,36,,,0,98,,5694,36,,,0,101,,5695,36,,,0
700,'5427',639,,7299,36,,,0,77,,7301,36,,,0,30,,7303,36,,,0,57,,7304,36,,,0,38,,7306,36,,,0,69,,7308,36,,,0,26,,7310,36,,,0,70,,7312,36,,,0,31,,7313,36,,,0,70,,7314,36,,,0,103,,7316,36,,,0,101,,7318,36,,,0,100,,7320,36,,,0,104,,7322,36,,,0,43,,7325,36,,,0,70,,7327,36,,,0,30,,7332,36,,,0,70,,7333,36,,,0,29,,7334,36,,,0,67,,7335,36,,,0,26,,7336,36,,,0,85,,7337,36,,,0,100,,7338,36,,,0,98,,7339,36,,,0,97,,7340,36,,,0,98,,7341,36,,,0,98,,7342,36,,,0,101,,7343,36,,,0
700,'5428',708,,7393,36,,,0,101,,7379,36,,,0,132,,7357,36,,,0,171,,7368,36,,,0,30,,7369,36,,,0,112,,7366,36,,,0,170,,7373,36,,,0,98,,7385,36,,,0,83,,7375,36,,,0,45,,7388,36,,,0,93,,7370,36,,,0,175,,7359,36,,,0,108,,7381,36,,,0,274,,7362,36,,,0,222,,7390,36,,,0
700,'5429',819,,7395,36,,,0,198,,7397,36,,,0,130,,7401,36,,,0,102,,7402,36,,,0,101,,7403,36,,,0,100,,7405,36,,,0,101,,7404,36,,,0,101,,7408,36,,,0,99,,7410,36,,,0,96,,7411,36,,,0,169,,7413,36,,,0,202,,7416,36,,,0,193,,7420,36,,,0
900,'4528',758,,5898,36,,,0,154,,5903,36,,,0,116,,5908,36,,,0,118,,5913,36,,,0,375,,5927,36,,,0
900,'4532',718,,6034,36,,,0,103,,5995,36,,,0,207,,5999,36,,,0,113,,6026,36,,,0,118,,6004,36,,,0,173,,6006,36,,,0,70,,6007,36,,,0,11,,6024,36,,,0,30,,6028,36,,,0,70,,6025,36,,,0,30,,6027,36,,,0,15,,6012,36,,,0,100,,6014,36,,,0
900,'5221',950,,5965,36,,,0
900,'5425',749,,5960,36,,,0,70,,5962,36,,,0,31,,5961,36,,,0,70,,5963,36,,,0,101,,5964,36,,,0,31,,5966,36,,,0,70,,5968,36,,,0,30,,5969,36,,,0,71,,5967,36,,,0,31,,5970,36,,,0,71,,5971,36,,,0,30,,5974,36,,,0,71,,5973,36,,,0,30,,5975,36,,,0,70,,5972,36,,,0,31,,5986,36,,,0,70,,5976,36,,,0,30,,5978,36,,,0,69,,5977,36,,,0,30,,5979,36,,,0,68,,5980,36,,,0,30,,5991,36,,,0,70,,5985,36,,,0,29,,5981,36,,,0,68,,5982,36,,,0,30,,5983,36,,,0,70,,5984,36,,,0,29,,5990,36,,,0,70,,5987,36,,,0,29,,5988,36,,,0,68,,5989,36,,,0,30,,5992,36,,,0,70,,5993,36,,,0
900,'5426',651,,5896,36,,,0,73,,5897,36,,,0,93,,5899,36,,,0,16,,5900,36,,,0,16,,5901,36,,,0,53,,5902,36,,,0,27,,5904,36,,,0,14,,5905,36,,,0,15,,5906,36,,,0,55,,5907,36,,,0,30,,5909,36,,,0,16,,5910,36,,,0,55,,5911,36,,,0,16,,5912,36,,,0,72,,5914,36,,,0,14,,5915,36,,,0,15,,5916,36,,,0,15,,5917,36,,,0,56,,5918,36,,,0,14,,5919,36,,,0,15,,5920,36,,,0,16,,5921,36,,,0,55,,5922,36,,,0,15,,5923,36,,,0,16,,5924,36,,,0,16,,5925,36,,,0,54,,5926,36,,,0,32,,5928,36,,,0,15,,5929,36,,,0,57,,5930,36,,,0,15,,5931,36,,,0,16,,5932,36,,,0,14,,5933,36,,,0,55,,5934,36,,,0,17,,5935,36,,,0,15,,5936,36,,,0,11,,5937,36,,,0,53,,5938,36,,,0,13,,5939,36,,,0,15,,5940,36,,,0,12,,5941,36,,,0,12,,5942,36,,,0,55,,5943,36,,,0,15,,5944,36,,,0,15,,5945,36,,,0,14,,5946,36,,,0,55,,5947,36,,,0,15,,5948,36,,,0,14,,5949,36,,,0,15,,5950,36,,,0,60,,5951,36,,,0,20,,5952,36,,,0,73,,5953,36,,,0,30,,5954,36,,,0,23,,5955,36,,,0,72,,5956,36,,,0,25,,5957,36,,,0,71,,5958,36,,,0,25,,5959,36,,,0,70,,5895,36,,,0
900,'5427',651,,7544,36,,,0,73,,7545,36,,,0,93,,7546,36,,,0,16,,7547,36,,,0,16,,7548,36,,,0,53,,7549,36,,,0,27,,7550,36,,,0,14,,7551,36,,,0,15,,7552,36,,,0,55,,7553,36,,,0,30,,7554,36,,,0,16,,7555,36,,,0,55,,7556,36,,,0,16,,7557,36,,,0,72,,7558,36,,,0,14,,7559,36,,,0,15,,7560,36,,,0,15,,7561,36,,,0,56,,7562,36,,,0,14,,7563,36,,,0,15,,7564,36,,,0,16,,7565,36,,,0,55,,7566,36,,,0,15,,7567,36,,,0,16,,7568,36,,,0,16,,7569,36,,,0,54,,7570,36,,,0,32,,7571,36,,,0,15,,7572,36,,,0,57,,7573,36,,,0,15,,7574,36,,,0,16,,7575,36,,,0,14,,7576,36,,,0,55,,7577,36,,,0,17,,7578,36,,,0,15,,7579,36,,,0,11,,7580,36,,,0,53,,7581,36,,,0,13,,7582,36,,,0,15,,7583,36,,,0,12,,7584,36,,,0,12,,7585,36,,,0,55,,7586,36,,,0,15,,7587,36,,,0,15,,7588,36,,,0,14,,7589,36,,,0,55,,7590,36,,,0,15,,7591,36,,,0,14,,7592,36,,,0,15,,7593,36,,,0,60,,7594,36,,,0,20,,7595,36,,,0,73,,7596,36,,,0,30,,7597,36,,,0,23,,7598,36,,,0,72,,7599,36,,,0,25,,7600,36,,,0,71,,7601,36,,,0,25,,7602,36,,,0,70,,7543,36,,,0
900,'5428',648,,7630,36,,,0,103,,7624,36,,,0,103,,7604,36,,,0,70,,7605,36,,,0,32,,7603,36,,,0,101,,7608,36,,,0,69,,7606,36,,,0,30,,7609,36,,,0,55,,7627,36,,,0,15,,7607,36,,,0,104,,7611,36,,,0,70,,7610,36,,,0,128,,7613,36,,,0,30,,7614,36,,,0,70,,7612,36,,,0,85,,7628,36,,,0,15,,7616,36,,,0,15,,7626,36,,,0,85,,7615,36,,,0,75,,7618,36,,,0,39,,7622,36,,,0,70,,7619,36,,,0,100,,7620,36,,,0,100,,7617,36,,,0,97,,7621,36,,,0,100,,7623,36,,,0,102,,7625,36,,,0,103,,7629,36,,,0
900,'5429',749,,7631,36,,,0,70,,7633,36,,,0,31,,7632,36,,,0,70,,7634,36,,,0,101,,7635,36,,,0,31,,7636,36,,,0,70,,7638,36,,,0,30,,7639,36,,,0,71,,7637,36,,,0,31,,7640,36,,,0,71,,7641,36,,,0,30,,7644,36,,,0,71,,7643,36,,,0,30,,7645,36,,,0,70,,7642,36,,,0,31,,7656,36,,,0,70,,7646,36,,,0,30,,7648,36,,,0,69,,7647,36,,,0,30,,7649,36,,,0,68,,7650,36,,,0,30,,7661,36,,,0,70,,7655,36,,,0,29,,7651,36,,,0,68,,7652,36,,,0,30,,7653,36,,,0,70,,7654,36,,,0,29,,7660,36,,,0,70,,7657,36,,,0,29,,7658,36,,,0,68,,7659,36,,,0,30,,7662,36,,,0,70,,7663,36,,,0
1601,'4528',731,,6374,2,,,0,100,,6370,2,,,0,100,,6371,2,,,0,200,,6378,2,,,0
1601,'4532',1531,,6404,2,,,0,105,,6402,2,,,0
1601,'5425',836,,6384,2,,,0,100,,6387,2,,,0,100,,6385,2,,,0,100,,6386,2,,,0,100,,6388,2,,,0,100,,6390,2,,,0,100,,6395,2,,,0,100,,6392,2,,,0,105,,6389,2,,,0,100,,6391,2,,,0,100,,6393,2,,,0,100,,6394,2,,,0
1601,'5426',1031,,6369,2,,,0,200,,6372,2,,,0,100,,6373,2,,,0,100,,6376,2,,,0,111,,6377,2,,,0,100,,6380,2,,,0,99,,6382,2,,,0,100,,6381,2,,,0,100,,6379,2,,,0
1601,'5427',1031,,7867,2,,,0,200,,7868,2,,,0,100,,7869,2,,,0,100,,7870,2,,,0,111,,7871,2,,,0,100,,7873,2,,,0,99,,7875,2,,,0,100,,7874,2,,,0,100,,7872,2,,,0
1601,'5428',817,,7877,2,,,0,114,,7876,2,,,0,95,,7878,2,,,0,110,,7880,2,,,0,95,,7881,2,,,0,100,,7879,2,,,0,100,,7882,2,,,0,300,,7883,2,,,0,100,,7884,2,,,0,100,,7885,2,,,0
1601,'5429',836,,7886,2,,,0,100,,7889,2,,,0,100,,7887,2,,,0,100,,7888,2,,,0,100,,7890,2,,,0,100,,7892,2,,,0,100,,7897,2,,,0,100,,7894,2,,,0,105,,7891,2,,,0,100,,7893,2,,,0,100,,7895,2,,,0,100,,7896,2,,,0
1701,'5425',811,,6467,2,0,11 12,0,100,,6468,2,0,11 12,0,115,,6469,2,0,11 12,0,95,,6470,2,0,13 14,0,200,,6472,2,0,11 12,0,210,,6471,2,0,13 14,0,100,,6474,2,0,11 12,0,100,,6473,2,0,15 1 16,0,100,,6475,2,0,13 14,0,170,,6476,2,0,13 14,0
1701,'5426',716,,6458,2,0,11 12,0,85,,6463,2,0,11 12,0,100,,6451,2,0,11 12,0,100,,6454,2,0,11 12,0,100,,6450,2,0,11 12,0,100,,6452,2,0,15 1 16,0,100,,6455,2,0,15 1 16,0,110,,6457,2,0,15 1 16,0,91,,6460,2,0,15 1 16,0,110,,6465,2,0,15 1 16,0,100,,6461,2,0,15 1 16,0,104,,6464,2,0,15 1 16,0,120,,6462,2,0,13 14,0,100,,6456,2,0,13 14,0,115,,6453,2,0,13 14,0,155,,6466,2,0,13 14,0
1701,'5427',716,,7947,2,0,11 12,0,85,,7951,2,0,11 12,0,100,,7940,2,0,11 12,0,100,,7943,2,0,11 12,0,100,,7939,2,0,11 12,0,100,,7941,2,0,15 1 16,0,100,,7944,2,0,15 1 16,0,110,,7946,2,0,15 1 16,0,91,,7948,2,0,15 1 16,0,110,,7953,2,0,15 1 16,0,100,,7949,2,0,15 1 16,0,104,,7952,2,0,15 1 16,0,120,,7950,2,0,13 14,0,100,,7945,2,0,13 14,0,115,,7942,2,0,13 14,0,155,,7954,2,0,13 14,0
1701,'5428',711,,7959,2,0,11 12,0,100,,7956,2,0,11 12,0,90,,7955,2,0,11 12,0,130,,7957,2,0,11 12,0,170,,7960,2,0,15 1 16,0,100,,7961,2,0,15 1 16,0,130,,7958,2,0,15 1 16,0,170,,7962,2,0,15 1 16,0,105,,7963,2,0,15 1 16,0,100,,7965,2,0,13 14,0,105,,7966,2,0,13 14,0,105,,7967,2,0,13 14,0,110,,7964,2,0,13 14,0,120,,7968,2,0,13 14,0
1701,'5429',811,,7969,2,0,11 12,0,100,,7970,2,0,11 12,0,115,,7971,2,0,11 12,0,95,,7972,2,0,13 14,0,200,,7974,2,0,11 12,0,210,,7973,2,0,13 14,0,100,,7976,2,0,11 12,0,100,,7975,2,0,15 1 16,0,100,,7977,2,0,13 14,0,170,,7978,2,0,13 14,0
