100,'4528',615,,4803,23,4,,0,30,,4804,31,4,,0,72,,4805,31,4,,0,31,,4806,31,4,,0,75,,4815,31,4,,0,15,,4814,31,4,,0,15,,4842,31,4,,0,100,,4837,31,4,,0,81,,4847,31,4,,0,223,,4834,31,4,,0,70,,4833,31,4,,0,193,,4816,31,4,,0,105,,4838,31,4,,0,15,,4844,31,4,,0,113,,4829,31,4,,0,81,,4827,31,4,,0,119,,4835,31,4,,0,97,,4826,31,4,,0,99,,4820,31,4,,0,100,,4817,31,4,,0,97,,4841,31,4,,0
100,'4532',953,,4891,31,4,,0,102,,4896,31,4,,0,102,,4898,31,4,,0,100,,4901,31,4,,0,100,,4902,31,4,,0
100,'5221',742,,4856,31,4,,0,100,,4859,31,4,,0,204,,4861,31,4,,0,101,,4864,31,4,,0,103,,4866,31,4,,0,369,,4872,31,4,,0,99,,4883,31,4,,0,100,,4886,31,4,,0
100,'5425',723,,4855,31,4,,0,89,,4857,31,4,,0,100,,4858,31,4,,0,32,,4860,31,4,,0,72,,4863,31,4,,0,100,,4862,31,4,,0,104,,4876,31,4,,0,100,,4865,31,4,,0,30,,4869,31,4,,0,70,,4867,31,4,,0,30,,4870,31,4,,0,71,,4871,31,4,,0,30,,4868,31,4,,0,98,,4873,31,4,,0,99,,4874,31,4,,0,103,,4877,31,4,,0,65,,4875,31,4,,0,29,,4878,31,4,,0,70,,4887,31,4,,0,29,,4880,31,4,,0,70,,4879,31,4,,0,29,,4881,31,4,,0,68,,4882,31,4,,0,30,,4884,31,4,,0,70,,4888,31,4,,0,37,,4885,31,4,,0,62,,4889,31,4,,0
100,'5426',806,,4807,31,4,,0,101,,4843,31,4,,0,15,,4818,31,4,,0,16,,4810,31,4,,0,75,,4836,31,4,,0,41,,4846,31,4,,0,71,,4845,31,4,,0,30,,4850,31,4,,0,72,,4849,31,4,,0,130,,4824,31,4,,0,70,,4813,31,4,,0,73,,4812,31,4,,0,39,,4811,31,4,,0,17,,4839,31,4,,0,55,,4821,31,4,,0,44,,4840,31,4,,0,55,,4853,31,4,,0,14,,4852,31,4,,0,14,,4832,31,4,,0,67,,4854,31,4,,0,14,,4830,31,4,,0,30,,4848,31,4,,0,60,,4851,31,4,,0,19,,4828,31,4,,0,92,,4831,31,4,,0,99,,4822,31,4,,0,100,,4819,31,4,,0,99,,4825,31,4,,0,94,,4823,31,4,,0,29,,4808,31,4,,0,70,,4809,31,4,,0
100,'5427',806,,6581,31,4,,0,101,,6602,31,4,,0,15,,6588,31,4,,0,16,,6584,31,4,,0,75,,6599,31,4,,0,41,,6604,31,4,,0,71,,6603,31,4,,0,30,,6607,31,4,,0,72,,6606,31,4,,0,130,,6593,31,4,,0,70,,6587,31,4,,0,73,,6586,31,4,,0,39,,6585,31,4,,0,17,,6600,31,4,,0,55,,6590,31,4,,0,44,,6601,31,4,,0,55,,6610,31,4,,0,14,,6609,31,4,,0,14,,6598,31,4,,0,67,,6611,31,4,,0,14,,6596,31,4,,0,30,,6605,31,4,,0,60,,6608,31,4,,0,19,,6595,31,4,,0,92,,6597,31,4,,0,99,,6591,31,4,,0,100,,6589,31,4,,0,99,,6594,31,4,,0,94,,6592,31,4,,0,29,,6582,31,4,,0,70,,6583,31,4,,0
100,'5428',652,,6634,31,4,,0,49,,6636,31,4,,0,30,,6637,31,4,,0,71,,6612,31,4,,0,27,,6639,31,4,,0,20,,6613,31,4,,0,55,,6640,31,4,,0,17,,6614,31,4,,0,16,,6641,31,4,,0,88,,6616,31,4,,0,100,,6615,31,4,,0,102,,6618,31,4,,0,100,,6617,31,4,,0,100,,6620,31,4,,0,31,,6619,31,4,,0,70,,6621,31,4,,0,30,,6623,31,4,,0,68,,6624,31,4,,0,13,,6642,31,4,,0,15,,6625,31,4,,0,55,,6643,31,4,,0,15,,6622,31,4,,0,14,,6644,31,4,,0,14,,6626,31,4,,0,55,,6645,31,4,,0,15,,6627,31,4,,0,15,,6646,31,4,,0,15,,6628,31,4,,0,70,,6629,31,4,,0,85,,6633,31,4,,0,99,,6632,31,4,,0,104,,6631,31,4,,0,104,,6630,31,4,,0,103,,6635,31,4,,0,97,,6638,31,4,,0
100,'5429',723,,6647,31,4,,0,89,,6648,31,4,,0,100,,6649,31,4,,0,32,,6650,31,4,,0,72,,6652,31,4,,0,100,,6651,31,4,,0,104,,6662,31,4,,0,100,,6653,31,4,,0,30,,6656,31,4,,0,70,,6654,31,4,,0,30,,6657,31,4,,0,71,,6658,31,4,,0,30,,6655,31,4,,0,98,,6659,31,4,,0,99,,6660,31,4,,0,103,,6663,31,4,,0,65,,6661,31,4,,0,29,,6664,31,4,,0,70,,6671,31,4,,0,29,,6666,31,4,,0,70,,6665,31,4,,0,29,,6667,31,4,,0,68,,6668,31,4,,0,30,,6669,31,4,,0,70,,6672,31,4,,0,37,,6670,31,4,,0,62,,6673,31,4,,0
101,'4528',600,,4930,1,,,0,30,,4931,1,,,0,70,,4932,1,,,0,30,,4934,1,,,0,15,,4933,1,,,0,55,,4936,1,,,0,100,,4976,1,,,0,40,,4980,1,,,0,260,,4942,1,,,0,30,,4944,1,,,0,190,,4948,1,,,0,110,,4952,1,,,0,15,,4950,1,,,0,155,,4953,1,,,0,45,,4958,1,,,0,160,,4979,1,,,0,100,,4962,1,,,0,100,,4964,1,,,0,100,,4967,1,,,0,100,,4968,1,,,0
101,'4532',905,,5016,1,,,0,100,,5018,1,,,0,100,,5020,1,,,0,100,,5022,1,,,0,100,,5024,1,,,0
101,'5221',700,,4981,1,,,0,100,,4985,1,,,0,200,,4986,1,,,0,100,,4987,1,,,0,100,,4990,1,,,0,330,,4996,1,,,0,100,,5009,1,,,0,100,,5011,1,,,0
101,'5425',730,,4982,1,,,0,100,,4984,1,,,0,70,,4983,1,,,0,30,,4989,1,,,0,100,,4988,1,,,0,100,,5000,1,,,0,100,,4991,1,,,0,70,,4992,1,,,0,30,,4993,1,,,0,70,,4994,1,,,0,30,,4999,1,,,0,70,,4995,1,,,0,100,,4998,1,,,0,100,,4997,1,,,0,105,,5002,1,,,0,25,,5001,1,,,0,70,,5003,1,,,0,30,,5012,1,,,0,70,,5007,1,,,0,30,,5004,1,,,0,70,,5006,1,,,0,30,,5005,1,,,0,70,,5008,1,,,0,30,,5013,1,,,0,78,,5010,1,,,0,22,,5014,1,,,0
101,'5426',715,,4938,1,,,0,100,,4935,1,,,0,15,,4937,1,,,0,15,,4939,1,,,0,75,,4940,1,,,0,80,,4974,1,,,0,30,,4943,1,,,0,70,,4973,1,,,0,30,,4941,1,,,0,170,,4946,1,,,0,30,,4947,1,,,0,70,,4972,1,,,0,40,,4975,1,,,0,60,,4945,1,,,0,15,,4951,1,,,0,85,,4977,1,,,0,15,,4949,1,,,0,15,,4954,1,,,0,15,,4955,1,,,0,70,,4957,1,,,0,15,,4978,1,,,0,70,,4956,1,,,0,20,,4959,1,,,0,20,,4960,1,,,0,95,,4961,1,,,0,100,,4963,1,,,0,100,,4965,1,,,0,100,,4966,1,,,0,100,,4969,1,,,0,70,,4970,1,,,0,30,,4971,1,,,0
101,'5427',715,,6676,1,,,0,100,,6674,1,,,0,15,,6675,1,,,0,15,,6677,1,,,0,75,,6678,1,,,0,80,,6701,1,,,0,30,,6680,1,,,0,70,,6700,1,,,0,30,,6679,1,,,0,170,,6682,1,,,0,30,,6683,1,,,0,70,,6699,1,,,0,40,,6702,1,,,0,60,,6681,1,,,0,15,,6685,1,,,0,85,,6703,1,,,0,15,,6684,1,,,0,15,,6686,1,,,0,15,,6687,1,,,0,70,,6689,1,,,0,15,,6704,1,,,0,70,,6688,1,,,0,20,,6690,1,,,0,20,,6691,1,,,0,95,,6692,1,,,0,100,,6693,1,,,0,100,,6694,1,,,0,100,,6695,1,,,0,100,,6696,1,,,0,70,,6697,1,,,0,30,,6698,1,,,0
101,'5428',620,,6728,1,,,0,30,,6729,1,,,0,70,,6726,1,,,0,25,,6731,1,,,0,60,,6725,1,,,0,15,,6732,1,,,0,15,,6705,1,,,0,15,,6733,1,,,0,85,,6706,1,,,0,100,,6707,1,,,0,100,,6708,1,,,0,100,,6709,1,,,0,100,,6710,1,,,0,70,,6711,1,,,0,30,,6712,1,,,0,70,,6713,1,,,0,30,,6715,1,,,0,15,,6734,1,,,0,55,,6716,1,,,0,15,,6735,1,,,0,15,,6717,1,,,0,15,,6736,1,,,0,55,,6718,1,,,0,15,,6737,1,,,0,15,,6719,1,,,0,15,,6738,1,,,0,55,,6720,1,,,0,30,,6714,1,,,0,85,,6721,1,,,0,100,,6722,1,,,0,105,,6723,1,,,0,105,,6724,1,,,0,105,,6727,1,,,0,100,,6730,1,,,0
101,'5429',730,,6739,1,,,0,100,,6741,1,,,0,70,,6740,1,,,0,30,,6743,1,,,0,100,,6742,1,,,0,100,,6752,1,,,0,100,,6744,1,,,0,70,,6745,1,,,0,30,,6746,1,,,0,70,,6747,1,,,0,30,,6751,1,,,0,70,,6748,1,,,0,100,,6750,1,,,0,100,,6749,1,,,0,105,,6754,1,,,0,25,,6753,1,,,0,70,,6755,1,,,0,30,,6762,1,,,0,70,,6759,1,,,0,30,,6756,1,,,0,70,,6758,1,,,0,30,,6757,1,,,0,70,,6760,1,,,0,30,,6763,1,,,0,78,,6761,1,,,0,22,,6764,1,,,0
