400,'4327',837,,3277,8,,,0,119,,3278,8,,,0,160,,3275,8,,,0,120,,3276,8,,,0,95,,3282,8,,,0,126,,3280,8,,,0,167,,3281,8,,,0,124,,3279,8,,,0,160,,3283,8,,,0
400,'4795',629,,564,8,,,0,26,,569,8,,,0,88,,566,8,,,0,73,,571,8,,,0,29,,568,8,,,0,69,,574,8,,,0,30,,567,8,,,0,70,,565,8,,,0,31,,575,8,,,0,70,,580,8,,,0,32,,577,8,,,0,70,,570,8,,,0,30,,582,8,,,0,70,,591,8,,,0,30,,581,8,,,0,70,,593,8,,,0,30,,572,8,,,0,70,,592,8,,,0,7,,594,8,,,0,25,,589,8,,,0,70,,578,8,,,0,12,,595,8,,,0,18,,579,8,,,0,70,,576,8,,,0,28,,586,8,,,0,69,,573,8,,,0,28,,587,8,,,0,97,,588,8,,,0,96,,584,8,,,0,98,,583,8,,,0,100,,2390,8,,,0,117,,2391,8,,,0
400,'4800',824,,2402,8,,,0,25,,2403,8,,,0,65,,2401,8,,,0,25,,2404,8,,,0,67,,2405,8,,,0,25,,2406,8,,,0,25,,2407,8,,,0,66,,2408,8,,,0,25,,2409,8,,,0,67,,2410,8,,,0,27,,606,8,,,0,68,,607,8,,,0,27,,608,8,,,0,68,,609,8,,,0,27,,611,8,,,0,69,,613,8,,,0,27,,610,8,,,0,29,,616,8,,,0,67,,614,8,,,0,26,,612,8,,,0,67,,615,8,,,0,27,,617,8,,,0,67,,618,8,,,0,26,,619,8,,,0,74,,621,8,,,0,100,,620,8,,,0,100,,622,8,,,0,99,,623,8,,,0,99,,2411,8,,,0
400,'5102',629,,3284,8,,,0,26,,3289,8,,,0,88,,3286,8,,,0,73,,3291,8,,,0,29,,3288,8,,,0,69,,3294,8,,,0,30,,3287,8,,,0,70,,3285,8,,,0,31,,3295,8,,,0,70,,3300,8,,,0,32,,3297,8,,,0,70,,3290,8,,,0,30,,3302,8,,,0,70,,3311,8,,,0,30,,3301,8,,,0,70,,3313,8,,,0,30,,3292,8,,,0,70,,3312,8,,,0,22,,3314,8,,,0,10,,3309,8,,,0,70,,3298,8,,,0,30,,3299,8,,,0,70,,3296,8,,,0,28,,3306,8,,,0,69,,3293,8,,,0,28,,3307,8,,,0,97,,3308,8,,,0,96,,3304,8,,,0,98,,3303,8,,,0,100,,3305,8,,,0,117,,3310,8,,,0
400,'5105',824,,3316,8,,,0,25,,3317,8,,,0,65,,3315,8,,,0,25,,3318,8,,,0,67,,3319,8,,,0,25,,3320,8,,,0,25,,3321,8,,,0,66,,3322,8,,,0,25,,3323,8,,,0,67,,3324,8,,,0,27,,3325,8,,,0,68,,3326,8,,,0,27,,3327,8,,,0,68,,3328,8,,,0,27,,3330,8,,,0,69,,3332,8,,,0,27,,3329,8,,,0,29,,3335,8,,,0,67,,3333,8,,,0,26,,3331,8,,,0,67,,3334,8,,,0,27,,3336,8,,,0,67,,3337,8,,,0,26,,3338,8,,,0,74,,3340,8,,,0,100,,3339,8,,,0,100,,3341,8,,,0,99,,3342,8,,,0,99,,3343,8,,,0
7001,'4795',1537,,1825,29,4,,0
7001,'5102',1537,,4531,29,4,,0
7200,'4795',745,,2712,16,,,0
7200,'5102',745,,4533,16,,,0
7401,'5095',1546,,2714,26,4,,0
7401,'5097',1446,,2713,26,4,,0
7401,'5103',1546,,4536,26,4,,0
7401,'5104',1446,,4537,26,4,,0
