500,'5425',920,,5513,18,,,0,120,,5512,18,,,0,160,,5511,18,,,0,122,,5514,18,,,0,97,,5515,18,,,0,127,,5516,18,,,0,166,,5517,18,,,0,120,,5518,18,,,0
500,'5426',716,,5485,18,,,0,31,,5487,15,,,0,74,,5488,18,,,0,33,,5486,15,,,0,73,,5494,18,,,0,73,,5495,15,,,0,33,,5496,15,,,0,73,,5489,18,,,0,33,,5490,15,,,0,73,,5497,18,,,0,36,,5492,15,,,0,75,,5493,18,,,0,77,,5491,15,,,0,35,,5498,18,,,0,77,,5508,15,,,0,36,,5501,18,,,0,76,,5503,18,,,0,77,,5509,15,,,0,34,,5504,18,,,0,76,,5505,15,,,0,31,,5502,18,,,0,76,,5506,15,,,0,85,,5507,15,,,0,100,,5499,15,,,0,99,,5500,15,,,0,115,,5510,18,,,0
500,'5427',716,,7142,18,,,0,31,,7144,15,,,0,74,,7145,18,,,0,33,,7143,15,,,0,73,,7151,18,,,0,73,,7152,15,,,0,33,,7153,15,,,0,73,,7146,18,,,0,33,,7147,15,,,0,73,,7154,18,,,0,36,,7149,15,,,0,75,,7150,18,,,0,77,,7148,15,,,0,35,,7155,18,,,0,77,,7165,15,,,0,36,,7158,18,,,0,76,,7160,18,,,0,77,,7166,15,,,0,34,,7161,18,,,0,76,,7162,15,,,0,31,,7159,18,,,0,76,,7163,15,,,0,85,,7164,15,,,0,100,,7156,15,,,0,99,,7157,15,,,0,115,,7167,18,,,0
500,'5428',805,,7169,15,,,0,30,,7170,18,,,0,70,,7171,18,,,0,30,,7192,15,,,0,71,,7168,18,,,0,29,,7173,15,,,0,71,,7174,18,,,0,29,,7172,15,,,0,72,,7177,18,,,0,29,,7178,15,,,0,72,,7176,18,,,0,30,,7175,15,,,0,71,,7179,18,,,0,29,,7180,15,,,0,71,,7181,18,,,0,30,,7184,15,,,0,71,,7185,18,,,0,28,,7182,15,,,0,70,,7183,18,,,0,29,,7186,15,,,0,71,,7187,18,,,0,29,,7190,15,,,0,120,,7191,18,,,0,94,,7188,15,,,0,103,,7189,18,,,0,99,,7193,18,,,0
500,'5429',920,,7196,18,,,0,120,,7195,18,,,0,160,,7194,18,,,0,122,,7197,18,,,0,97,,7198,18,,,0,127,,7199,18,,,0,166,,7200,18,,,0,120,,7201,18,,,0
700,'5425',737,,5706,19,,,0,67,,5707,19,,,0,100,,5708,19,,,0,97,,5709,19,,,0,33,,5711,19,,,0,70,,5710,19,,,0,27,,5713,19,,,0,73,,5719,19,,,0,28,,5714,19,,,0,69,,5712,19,,,0,32,,5715,19,,,0,68,,5726,19,,,0,32,,5717,19,,,0,69,,5721,19,,,0,31,,5716,19,,,0,69,,5718,19,,,0,31,,5720,19,,,0,67,,5724,19,,,0,32,,5722,19,,,0,27,,5727,19,,,0,71,,5723,19,,,0,29,,5729,19,,,0,141,,5725,19,,,0,59,,5731,19,,,0,143,,5728,19,,,0,55,,5730,19,,,0,100,,5732,19,,,0
700,'5426',624,,5651,19,,,0,18,,5652,19,,,0,17,,5653,19,,,0,54,,5654,19,,,0,16,,5655,19,,,0,17,,5656,19,,,0,57,,5657,19,,,0,21,,5658,19,,,0,11,,5659,19,,,0,18,,5660,19,,,0,51,,5661,19,,,0,15,,5662,19,,,0,13,,5663,19,,,0,17,,5664,19,,,0,54,,5680,19,,,0,17,,5665,19,,,0,13,,5705,19,,,0,17,,5666,19,,,0,70,,5667,19,,,0,33,,5668,19,,,0,68,,5669,19,,,0,32,,5670,19,,,0,68,,5671,19,,,0,32,,5672,19,,,0,69,,5673,19,,,0,34,,5674,19,,,0,51,,5675,19,,,0,15,,5676,19,,,0,18,,5677,19,,,0,13,,5678,19,,,0,57,,5679,19,,,0,12,,5681,19,,,0,18,,5684,19,,,0,11,,5696,19,,,0,59,,5685,19,,,0,11,,5682,19,,,0,18,,5686,19,,,0,11,,5697,19,,,0,58,,5687,19,,,0,10,,5683,19,,,0,16,,5688,19,,,0,13,,5699,19,,,0,72,,5689,19,,,0,27,,5698,19,,,0,73,,5690,19,,,0,26,,5701,19,,,0,72,,5691,19,,,0,28,,5700,19,,,0,70,,5692,19,,,0,28,,5702,19,,,0,70,,5693,19,,,0,27,,5703,19,,,0,73,,5694,19,,,0,31,,5704,19,,,0,70,,5695,19,,,0
700,'5427',624,,7299,19,,,0,18,,7300,19,,,0,17,,7301,19,,,0,54,,7302,19,,,0,16,,7303,19,,,0,17,,7304,19,,,0,57,,7305,19,,,0,21,,7306,19,,,0,11,,7307,19,,,0,18,,7308,19,,,0,51,,7309,19,,,0,15,,7310,19,,,0,13,,7311,19,,,0,17,,7312,19,,,0,54,,7328,19,,,0,17,,7313,19,,,0,13,,7353,19,,,0,17,,7314,19,,,0,70,,7315,19,,,0,33,,7316,19,,,0,68,,7317,19,,,0,32,,7318,19,,,0,68,,7319,19,,,0,32,,7320,19,,,0,69,,7321,19,,,0,34,,7322,19,,,0,51,,7323,19,,,0,15,,7324,19,,,0,18,,7325,19,,,0,13,,7326,19,,,0,57,,7327,19,,,0,12,,7329,19,,,0,18,,7332,19,,,0,11,,7344,19,,,0,59,,7333,19,,,0,11,,7330,19,,,0,18,,7334,19,,,0,11,,7345,19,,,0,58,,7335,19,,,0,10,,7331,19,,,0,16,,7336,19,,,0,13,,7347,19,,,0,72,,7337,19,,,0,27,,7346,19,,,0,73,,7338,19,,,0,26,,7349,19,,,0,72,,7339,19,,,0,28,,7348,19,,,0,70,,7340,19,,,0,28,,7350,19,,,0,70,,7341,19,,,0,27,,7351,19,,,0,73,,7342,19,,,0,31,,7352,19,,,0,70,,7343,19,,,0
700,'5428',652,,7393,19,,,0,70,,7391,19,,,0,31,,7379,19,,,0,70,,7354,19,,,0,31,,7355,19,,,0,71,,7357,19,,,0,29,,7356,19,,,0,71,,7363,19,,,0,31,,7368,19,,,0,54,,7383,19,,,0,16,,7369,19,,,0,15,,7384,19,,,0,63,,7371,19,,,0,33,,7366,19,,,0,68,,7372,19,,,0,30,,7365,19,,,0,72,,7373,19,,,0,28,,7367,19,,,0,70,,7385,19,,,0,13,,7374,19,,,0,14,,7386,19,,,0,16,,7375,19,,,0,54,,7389,19,,,0,15,,7364,19,,,0,16,,7388,19,,,0,14,,7376,19,,,0,55,,7387,19,,,0,24,,7370,19,,,0,29,,7377,19,,,0,70,,7358,19,,,0,76,,7359,19,,,0,32,,7360,19,,,0,76,,7381,19,,,0,34,,7380,19,,,0,105,,7361,19,,,0,96,,7362,19,,,0,100,,7378,19,,,0,97,,7382,19,,,0,66,,7390,19,,,0,29,,7392,19,,,0
700,'5429',737,,7394,19,,,0,67,,7395,19,,,0,100,,7396,19,,,0,97,,7397,19,,,0,33,,7399,19,,,0,70,,7398,19,,,0,27,,7401,19,,,0,73,,7407,19,,,0,28,,7402,19,,,0,69,,7400,19,,,0,32,,7403,19,,,0,68,,7414,19,,,0,32,,7405,19,,,0,69,,7409,19,,,0,31,,7404,19,,,0,69,,7406,19,,,0,31,,7408,19,,,0,67,,7412,19,,,0,32,,7410,19,,,0,27,,7415,19,,,0,71,,7411,19,,,0,29,,7417,19,,,0,141,,7413,19,,,0,59,,7419,19,,,0,143,,7416,19,,,0,55,,7418,19,,,0,100,,7420,19,,,0
