400,'5425',851,,5381,22,,,0,159,,5382,22,,,0,120,,5379,22,,,0,121,,5380,22,,,0,95,,5386,22,,,0,167,,5384,22,,,0,127,,5385,22,,,0,162,,5383,22,,,0,120,,5387,22,,,0
400,'5426',643,,5349,22,,,0,66,,5354,22,,,0,50,,5351,22,,,0,74,,5356,22,,,0,68,,5353,22,,,0,28,,5359,22,,,0,30,,5352,22,,,0,70,,5350,22,,,0,72,,5360,22,,,0,30,,5365,22,,,0,72,,5362,22,,,0,30,,5355,22,,,0,70,,5367,22,,,0,30,,5376,22,,,0,71,,5366,22,,,0,30,,5378,22,,,0,70,,5357,22,,,0,30,,5377,22,,,0,72,,5374,22,,,0,30,,5363,22,,,0,70,,5364,22,,,0,29,,5361,22,,,0,68,,5371,22,,,0,29,,5358,22,,,0,27,,5372,22,,,0,96,,5373,22,,,0,96,,5369,22,,,0,97,,5368,22,,,0,100,,5370,22,,,0,157,,5375,22,,,0
400,'5427',643,,7006,22,,,0,66,,7011,22,,,0,50,,7008,22,,,0,74,,7013,22,,,0,68,,7010,22,,,0,28,,7016,22,,,0,30,,7009,22,,,0,70,,7007,22,,,0,72,,7017,22,,,0,30,,7022,22,,,0,72,,7019,22,,,0,30,,7012,22,,,0,70,,7024,22,,,0,30,,7033,22,,,0,71,,7023,22,,,0,30,,7035,22,,,0,70,,7014,22,,,0,30,,7034,22,,,0,72,,7031,22,,,0,30,,7020,22,,,0,70,,7021,22,,,0,29,,7018,22,,,0,68,,7028,22,,,0,29,,7015,22,,,0,27,,7029,22,,,0,96,,7030,22,,,0,96,,7026,22,,,0,97,,7025,22,,,0,100,,7027,22,,,0,157,,7032,22,,,0
400,'5428',837,,7037,22,,,0,66,,7038,22,,,0,25,,7036,22,,,0,25,,7039,22,,,0,67,,7040,22,,,0,26,,7041,22,,,0,65,,7042,22,,,0,26,,7043,22,,,0,66,,7044,22,,,0,27,,7045,22,,,0,27,,7046,22,,,0,68,,7047,22,,,0,27,,7048,22,,,0,69,,7049,22,,,0,27,,7052,22,,,0,69,,7054,22,,,0,27,,7050,22,,,0,68,,7056,22,,,0,27,,7051,22,,,0,66,,7053,22,,,0,27,,7055,22,,,0,27,,7057,22,,,0,67,,7058,22,,,0,25,,7059,22,,,0,74,,7061,22,,,0,99,,7060,22,,,0,100,,7062,22,,,0,99,,7063,22,,,0,99,,7064,22,,,0
400,'5429',851,,7067,22,,,0,159,,7068,22,,,0,120,,7065,22,,,0,121,,7066,22,,,0,95,,7072,22,,,0,167,,7070,22,,,0,127,,7071,22,,,0,162,,7069,22,,,0,120,,7073,22,,,0
701,'5425',711,,5828,15,,,0,27,,5829,18,,,0,99,,5830,15,,,0,97,,5831,18,,,0,73,,5834,15,,,0,30,,5832,15,,,0,67,,5833,18,,,0,33,,5841,15,,,0,67,,5836,18,,,0,28,,5835,15,,,0,72,,5838,18,,,0,28,,5848,15,,,0,72,,5840,18,,,0,29,,5844,15,,,0,71,,5839,18,,,0,29,,5837,15,,,0,71,,5843,18,,,0,28,,5847,15,,,0,72,,5842,18,,,0,28,,5849,15,,,0,71,,5845,18,,,0,29,,5851,15,,,0,101,,5846,18,,,0,99,,5854,15,,,0,104,,5850,18,,,0,96,,5852,15,,,0,101,,5853,18,,,0
701,'5426',616,,5774,15,,,0,17,,5775,18,,,0,14,,5776,15,,,0,56,,5777,18,,,0,16,,5778,18,,,0,15,,5779,15,,,0,18,,5780,18,,,0,53,,5781,15,,,0,18,,5782,18,,,0,12,,5783,15,,,0,16,,5784,18,,,0,52,,5785,15,,,0,18,,5786,18,,,0,13,,5822,15,,,0,17,,5787,18,,,0,53,,5827,15,,,0,17,,5788,18,,,0,29,,5789,15,,,0,72,,5790,18,,,0,28,,5791,15,,,0,71,,5792,18,,,0,29,,5793,15,,,0,71,,5794,18,,,0,29,,5795,15,,,0,73,,5796,18,,,0,12,,5797,15,,,0,15,,5798,15,,,0,57,,5799,18,,,0,14,,5800,15,,,0,16,,5801,18,,,0,13,,5802,15,,,0,57,,5803,18,,,0,13,,5804,15,,,0,17,,5805,18,,,0,13,,5806,15,,,0,57,,5807,18,,,0,13,,5808,15,,,0,17,,5809,18,,,0,12,,5823,15,,,0,56,,5824,18,,,0,13,,5810,15,,,0,32,,5811,18,,,0,67,,5812,15,,,0,33,,5813,18,,,0,67,,5814,15,,,0,31,,5815,18,,,0,69,,5816,15,,,0,31,,5817,18,,,0,69,,5818,15,,,0,30,,5819,18,,,0,69,,5820,15,,,0,33,,5821,18,,,0,72,,5825,15,,,0,30,,5826,18,,,0
701,'5427',616,,7422,15,,,0,17,,7423,18,0,5,0,14,,7424,15,,,0,56,,7425,18,0,5,0,16,,7426,18,0,5,0,15,,7427,15,,,0,18,,7428,18,0,5,0,53,,7429,15,,,0,18,,7430,18,0,5,0,12,,7431,15,,,0,16,,7432,18,0,5,0,52,,7433,15,,,0,18,,7434,18,0,5,0,13,,7470,15,,,0,17,,7435,18,0,5,0,53,,7475,15,,,0,17,,7436,18,0,5,0,29,,7437,15,,,0,72,,7438,18,0,5,0,28,,7439,15,,,0,71,,7440,18,0,5,0,29,,7441,15,,,0,71,,7442,18,0,5,0,29,,7443,15,,,0,73,,7444,18,0,5,0,12,,7445,15,,,0,15,,7446,15,,,0,57,,7447,18,0,5,0,14,,7448,15,,,0,16,,7449,18,0,5,0,13,,7450,15,,,0,57,,7451,18,0,5,0,13,,7452,15,,,0,17,,7453,18,0,5,0,13,,7454,15,,,0,57,,7455,18,0,5,0,13,,7456,15,,,0,17,,7457,18,0,5,0,12,,7471,15,,,0,56,,7472,18,0,5,0,13,,7458,15,,,0,32,,7459,18,0,5,0,67,,7460,15,,,0,33,,7461,18,0,5,0,67,,7462,15,,,0,31,,7463,18,0,5,0,69,,7464,15,,,0,31,,7465,18,0,5,0,69,,7466,15,,,0,30,,7467,18,0,5,0,69,,7468,15,,,0,33,,7469,18,0,5,0,72,,7473,15,,,0,30,,7474,18,0,5,0
701,'5428',626,,7514,18,0,5,0,30,,7513,15,,,0,71,,7501,18,0,5,0,30,,7476,15,,,0,70,,7477,15,,,0,31,,7478,18,0,5,0,69,,7479,15,,,0,30,,7487,15,,,0,71,,7492,18,0,5,0,14,,7505,15,,,0,16,,7491,18,0,5,0,55,,7506,15,,,0,22,,7494,15,,,0,72,,7490,18,0,5,0,28,,7493,15,,,0,70,,7486,15,,,0,32,,7496,18,0,5,0,68,,7489,15,,,0,30,,7509,18,0,5,0,13,,7497,15,,,0,55,,7510,15,,,0,16,,7498,18,0,5,0,14,,7508,15,,,0,15,,7485,15,,,0,56,,7511,18,0,5,0,14,,7495,15,,,0,15,,7507,15,,,0,24,,7488,18,0,5,0,69,,7499,15,,,0,30,,7480,15,,,0,76,,7483,18,0,5,0,74,,7484,15,,,0,36,,7502,18,0,5,0,74,,7503,15,,,0,105,,7482,15,,,0,97,,7481,18,0,5,0,102,,7500,15,,,0,99,,7504,15,,,0,26,,7512,18,0,5,0,69,,7515,15,,,0
701,'5429',711,,7516,15,,,0,27,,7517,18,0,5,0,99,,7518,15,,,0,97,,7519,18,0,5,0,73,,7522,15,,,0,30,,7520,15,,,0,67,,7521,18,0,5,0,33,,7529,15,,,0,67,,7524,18,0,5,0,28,,7523,15,,,0,72,,7526,18,0,5,0,28,,7536,15,,,0,72,,7528,18,0,5,0,29,,7532,15,,,0,71,,7527,18,0,5,0,29,,7525,15,,,0,71,,7531,18,0,5,0,28,,7535,15,,,0,72,,7530,18,0,5,0,28,,7537,15,,,0,71,,7533,18,0,5,0,29,,7539,15,,,0,101,,7534,18,0,5,0,99,,7542,15,,,0,104,,7538,18,0,5,0,96,,7540,15,,,0,101,,7541,18,0,5,0
900,'4528',742,,5898,25,,,0,116,,5903,25,,,0,154,,5908,25,,,0,116,,5913,25,,,0,374,,5927,25,,,0
900,'4532',705,,6034,25,,,0,103,,5995,25,,,0,205,,5999,25,,,0,113,,6026,25,,,0,117,,6004,25,,,0,173,,6006,25,,,0,30,,6007,25,,,0,12,,6024,25,,,0,70,,6028,25,,,0,30,,6025,25,,,0,70,,6027,25,,,0,15,,6012,25,,,0,100,,6014,25,,,0
900,'5221',937,,5965,25,,,0
900,'5425',736,,5960,25,,,0,70,,5962,25,,,0,31,,5961,25,,,0,70,,5963,25,,,0,101,,5964,25,,,0,30,,5966,25,,,0,70,,5968,25,,,0,30,,5969,25,,,0,71,,5967,25,,,0,30,,5970,25,,,0,71,,5971,25,,,0,30,,5974,25,,,0,71,,5973,25,,,0,30,,5975,25,,,0,70,,5972,25,,,0,31,,5986,25,,,0,70,,5976,25,,,0,30,,5978,25,,,0,69,,5977,25,,,0,30,,5979,25,,,0,70,,5980,25,,,0,30,,5991,25,,,0,70,,5985,25,,,0,29,,5981,25,,,0,68,,5982,25,,,0,30,,5983,25,,,0,70,,5984,25,,,0,30,,5990,25,,,0,70,,5987,25,,,0,29,,5988,25,,,0,68,,5989,25,,,0,30,,5992,25,,,0,70,,5993,25,,,0
900,'5426',637,,5896,25,,,0,72,,5897,25,,,0,49,,5899,25,,,0,56,,5900,25,,,0,17,,5901,25,,,0,14,,5902,25,,,0,69,,5904,25,,,0,13,,5905,25,,,0,15,,5906,25,,,0,15,,5907,25,,,0,70,,5909,25,,,0,15,,5910,25,,,0,15,,5911,25,,,0,55,,5912,25,,,0,32,,5914,25,,,0,15,,5915,25,,,0,55,,5916,25,,,0,15,,5917,25,,,0,16,,5918,25,,,0,14,,5919,25,,,0,55,,5920,25,,,0,16,,5921,25,,,0,15,,5922,25,,,0,55,,5923,25,,,0,15,,5924,25,,,0,15,,5925,25,,,0,14,,5926,25,,,0,72,,5928,25,,,0,15,,5929,25,,,0,17,,5930,25,,,0,55,,5931,25,,,0,16,,5932,25,,,0,14,,5933,25,,,0,15,,5934,25,,,0,57,,5935,25,,,0,15,,5936,25,,,0,14,,5937,25,,,0,13,,5938,25,,,0,53,,5939,25,,,0,15,,5940,25,,,0,13,,5941,25,,,0,12,,5942,25,,,0,15,,5943,25,,,0,55,,5944,25,,,0,15,,5945,25,,,0,14,,5946,25,,,0,15,,5947,25,,,0,56,,5948,25,,,0,14,,5949,25,,,0,15,,5950,25,,,0,20,,5951,25,,,0,60,,5952,25,,,0,34,,5953,25,,,0,70,,5954,25,,,0,24,,5955,25,,,0,73,,5956,25,,,0,25,,5957,25,,,0,71,,5958,25,,,0,25,,5959,25,,,0,70,,5895,25,,,0
900,'5427',637,,7544,25,,,0,72,,7545,25,,,0,49,,7546,25,,,0,56,,7547,25,,,0,17,,7548,25,,,0,14,,7549,25,,,0,69,,7550,25,,,0,13,,7551,25,,,0,15,,7552,25,,,0,15,,7553,25,,,0,70,,7554,25,,,0,15,,7555,25,,,0,15,,7556,25,,,0,55,,7557,25,,,0,32,,7558,25,,,0,15,,7559,25,,,0,55,,7560,25,,,0,15,,7561,25,,,0,16,,7562,25,,,0,14,,7563,25,,,0,55,,7564,25,,,0,16,,7565,25,,,0,15,,7566,25,,,0,55,,7567,25,,,0,15,,7568,25,,,0,15,,7569,25,,,0,14,,7570,25,,,0,72,,7571,25,,,0,15,,7572,25,,,0,17,,7573,25,,,0,55,,7574,25,,,0,16,,7575,25,,,0,14,,7576,25,,,0,15,,7577,25,,,0,57,,7578,25,,,0,15,,7579,25,,,0,14,,7580,25,,,0,13,,7581,25,,,0,53,,7582,25,,,0,15,,7583,25,,,0,13,,7584,25,,,0,12,,7585,25,,,0,15,,7586,25,,,0,55,,7587,25,,,0,15,,7588,25,,,0,14,,7589,25,,,0,15,,7590,25,,,0,56,,7591,25,,,0,14,,7592,25,,,0,15,,7593,25,,,0,20,,7594,25,,,0,60,,7595,25,,,0,34,,7596,25,,,0,70,,7597,25,,,0,24,,7598,25,,,0,73,,7599,25,,,0,25,,7600,25,,,0,71,,7601,25,,,0,25,,7602,25,,,0,70,,7543,25,,,0
900,'5428',635,,7630,25,,,0,103,,7624,25,,,0,101,,7604,25,,,0,70,,7605,25,,,0,32,,7603,25,,,0,101,,7608,25,,,0,69,,7606,25,,,0,30,,7609,25,,,0,15,,7627,25,,,0,55,,7607,25,,,0,103,,7611,25,,,0,30,,7610,25,,,0,169,,7613,25,,,0,30,,7614,25,,,0,70,,7612,25,,,0,45,,7628,25,,,0,55,,7616,25,,,0,15,,7626,25,,,0,85,,7615,25,,,0,35,,7618,25,,,0,79,,7622,25,,,0,30,,7619,25,,,0,100,,7620,25,,,0,100,,7617,25,,,0,99,,7621,25,,,0,102,,7623,25,,,0,142,,7625,25,,,0,103,,7629,25,,,0
900,'5429',736,,7631,25,,,0,70,,7633,25,,,0,31,,7632,25,,,0,70,,7634,25,,,0,101,,7635,25,,,0,30,,7636,25,,,0,70,,7638,25,,,0,30,,7639,25,,,0,71,,7637,25,,,0,30,,7640,25,,,0,71,,7641,25,,,0,30,,7644,25,,,0,71,,7643,25,,,0,30,,7645,25,,,0,70,,7642,25,,,0,31,,7656,25,,,0,70,,7646,25,,,0,30,,7648,25,,,0,69,,7647,25,,,0,30,,7649,25,,,0,70,,7650,25,,,0,30,,7661,25,,,0,70,,7655,25,,,0,29,,7651,25,,,0,68,,7652,25,,,0,30,,7653,25,,,0,70,,7654,25,,,0,30,,7660,25,,,0,70,,7657,25,,,0,29,,7658,25,,,0,68,,7659,25,,,0,30,,7662,25,,,0,70,,7663,25,,,0
901,'4528',709,,6037,10,,,0,116,,6042,10,,,0,114,,6047,10,,,0,115,,6052,10,,,0,371,,6066,10,,,0
901,'4532',637,,6173,10,,,0,101,,6156,10,,,0,201,,6135,10,,,0,115,,6166,10,,,0,156,,6143,10,,,0,130,,6145,10,,,0,70,,6146,10,,,0,14,,6171,10,,,0,30,,6168,10,,,0,70,,6170,10,,,0,30,,6165,10,,,0,55,,6153,10,,,0,100,,6147,10,,,0
901,'5221',908,,6107,10,,,0
901,'5425',708,,6100,10,,,0,30,,6103,10,,,0,70,,6101,10,,,0,30,,6102,10,,,0,100,,6104,10,,,0,70,,6106,10,,,0,30,,6105,10,,,0,70,,6110,10,,,0,30,,6108,10,,,0,70,,6109,10,,,0,30,,6114,10,,,0,70,,6112,10,,,0,30,,6115,10,,,0,70,,6111,10,,,0,30,,6113,10,,,0,71,,6127,10,,,0,30,,6117,10,,,0,70,,6118,10,,,0,29,,6116,10,,,0,70,,6119,10,,,0,30,,6120,10,,,0,70,,6132,10,,,0,30,,6124,10,,,0,70,,6121,10,,,0,30,,6123,10,,,0,70,,6122,10,,,0,30,,6125,10,,,0,70,,6131,10,,,0,30,,6126,10,,,0,70,,6128,10,,,0,29,,6129,10,,,0,70,,6130,10,,,0,30,,6133,10,,,0
901,'5426',608,,6035,10,,,0,30,,6036,10,,,0,86,,6038,10,,,0,15,,6039,10,,,0,16,,6040,10,,,0,55,,6041,10,,,0,31,,6043,10,,,0,13,,6044,10,,,0,55,,6045,10,,,0,15,,6046,10,,,0,30,,6048,10,,,0,55,,6049,10,,,0,15,,6050,10,,,0,15,,6051,10,,,0,71,,6053,10,,,0,15,,6054,10,,,0,15,,6055,10,,,0,15,,6056,10,,,0,55,,6057,10,,,0,15,,6058,10,,,0,14,,6059,10,,,0,16,,6060,10,,,0,55,,6061,10,,,0,15,,6062,10,,,0,15,,6063,10,,,0,15,,6064,10,,,0,54,,6065,10,,,0,30,,6067,10,,,0,15,,6068,10,,,0,56,,6069,10,,,0,15,,6070,10,,,0,16,,6071,10,,,0,14,,6072,10,,,0,55,,6073,10,,,0,16,,6074,10,,,0,15,,6075,10,,,0,15,,6076,10,,,0,55,,6077,10,,,0,14,,6078,10,,,0,15,,6079,10,,,0,15,,6080,10,,,0,54,,6081,10,,,0,15,,6082,10,,,0,15,,6083,10,,,0,15,,6084,10,,,0,54,,6085,10,,,0,15,,6086,10,,,0,16,,6087,10,,,0,14,,6088,10,,,0,55,,6089,10,,,0,20,,6090,10,,,0,20,,6091,10,,,0,74,,6092,10,,,0,30,,6093,10,,,0,66,,6094,10,,,0,33,,6095,10,,,0,67,,6096,10,,,0,33,,6097,10,,,0,66,,6098,10,,,0,30,,6099,10,,,0
901,'5427',608,,7664,10,,,0,30,,7665,10,,,0,86,,7666,10,,,0,15,,7667,10,,,0,16,,7668,10,,,0,55,,7669,10,,,0,31,,7670,10,,,0,13,,7671,10,,,0,55,,7672,10,,,0,15,,7673,10,,,0,30,,7674,10,,,0,55,,7675,10,,,0,15,,7676,10,,,0,15,,7677,10,,,0,71,,7678,10,,,0,15,,7679,10,,,0,15,,7680,10,,,0,15,,7681,10,,,0,55,,7682,10,,,0,15,,7683,10,,,0,14,,7684,10,,,0,16,,7685,10,,,0,55,,7686,10,,,0,15,,7687,10,,,0,15,,7688,10,,,0,15,,7689,10,,,0,54,,7690,10,,,0,30,,7691,10,,,0,15,,7692,10,,,0,56,,7693,10,,,0,15,,7694,10,,,0,16,,7695,10,,,0,14,,7696,10,,,0,55,,7697,10,,,0,16,,7698,10,,,0,15,,7699,10,,,0,15,,7700,10,,,0,55,,7701,10,,,0,14,,7702,10,,,0,15,,7703,10,,,0,15,,7704,10,,,0,54,,7705,10,,,0,15,,7706,10,,,0,15,,7707,10,,,0,15,,7708,10,,,0,54,,7709,10,,,0,15,,7710,10,,,0,16,,7711,10,,,0,14,,7712,10,,,0,55,,7713,10,,,0,20,,7714,10,,,0,20,,7715,10,,,0,74,,7716,10,,,0,30,,7717,10,,,0,66,,7718,10,,,0,33,,7719,10,,,0,67,,7720,10,,,0,33,,7721,10,,,0,66,,7722,10,,,0,30,,7723,10,,,0
901,'5428',607,,7750,10,,,0,101,,7743,10,,,0,100,,7724,10,,,0,30,,7727,10,,,0,71,,7725,10,,,0,100,,7726,10,,,0,30,,7728,10,,,0,70,,7729,10,,,0,15,,7747,10,,,0,15,,7731,10,,,0,101,,7732,10,,,0,70,,7730,10,,,0,129,,7733,10,,,0,70,,7735,10,,,0,30,,7737,10,,,0,85,,7748,10,,,0,15,,7734,10,,,0,15,,7749,10,,,0,85,,7736,10,,,0,75,,7738,10,,,0,40,,7745,10,,,0,70,,7740,10,,,0,100,,7741,10,,,0,100,,7742,10,,,0,100,,7739,10,,,0,105,,7744,10,,,0,104,,7746,10,,,0,104,,7751,10,,,0
901,'5429',708,,7752,10,,,0,30,,7755,10,,,0,70,,7753,10,,,0,30,,7754,10,,,0,100,,7756,10,,,0,70,,7758,10,,,0,30,,7757,10,,,0,70,,7761,10,,,0,30,,7759,10,,,0,70,,7760,10,,,0,30,,7765,10,,,0,70,,7763,10,,,0,30,,7766,10,,,0,70,,7762,10,,,0,30,,7764,10,,,0,71,,7778,10,,,0,30,,7768,10,,,0,70,,7769,10,,,0,29,,7767,10,,,0,70,,7770,10,,,0,30,,7771,10,,,0,70,,7783,10,,,0,30,,7775,10,,,0,70,,7772,10,,,0,30,,7774,10,,,0,70,,7773,10,,,0,30,,7776,10,,,0,70,,7782,10,,,0,30,,7777,10,,,0,70,,7779,10,,,0,29,,7780,10,,,0,70,,7781,10,,,0,30,,7784,10,,,0
1600,'4528',710,,6335,33,,,0
