601,'4528',916,,5607,18,,,0,120,,5608,18,,,0,75,,5610,18,,,0,537,,5617,18,,,0,76,,5620,18,,,0,96,,5619,18,,,0
601,'4532',1310,,5638,18,,,0,200,,5642,18,,,0
601,'5221',1645,,5631,18,,,0
601,'5425',815,,5623,18,,,0,120,,5624,18,,,0,95,,5627,18,,,0,110,,5626,18,,,0,100,,5625,18,,,0,100,,5630,18,,,0,100,,5628,18,,,0,100,,5629,18,,,0,200,,5632,18,,,0,105,,5634,18,,,0,100,,5633,18,,,0
601,'5426',711,,5605,18,,,0,102,,5606,18,,,0,198,,5609,18,,,0,220,,5611,18,,,0,80,,5612,18,,,0,100,,5613,18,,,0,104,,5614,20,,,0,37,,5615,18,,,0,80,,5616,18,,,0,119,,5618,18,,,0,169,,5621,18,,,0,235,,5622,18,,,0
601,'5427',711,,7262,18,,,0,102,,7263,18,,,0,198,,7264,18,,,0,220,,7265,18,,,0,80,,7266,18,,,0,100,,7267,18,,,0,104,,7268,20,,,0,37,,7269,18,,,0,80,,7270,18,,,0,119,,7271,18,,,0,169,,7272,18,,,0,235,,7273,18,,,0
601,'5428',810,,7275,18,,,0,105,,7276,18,,,0,95,,7277,18,,,0,100,,7278,18,,,0,100,,7274,18,,,0,200,,7279,18,,,0,130,,7281,18,,,0,70,,7283,18,,,0,30,,7287,18,,,0,70,,7284,18,,,0,30,,7286,18,,,0,70,,7282,18,,,0,145,,7280,18,,,0,164,,7285,18,,,0
601,'5429',815,,7288,18,,,0,120,,7289,18,,,0,95,,7292,18,,,0,110,,7291,18,,,0,100,,7290,18,,,0,100,,7295,18,,,0,100,,7293,18,,,0,100,,7294,18,,,0,200,,7296,18,,,0,105,,7298,18,,,0,100,,7297,18,,,0
1600,'4528',701,,6335,23,,,0,43,,6344,23,0,5,0,69,,6336,23,0,5,0,98,,6331,23,0,5,0,100,,6332,23,0,5,0,200,,6339,23,0,5,0
1600,'4532',1610,,6360,23,0,5,0,105,,6364,23,0,5,0
1600,'5425',911,,6345,23,0,5,0,100,,6348,23,0,5,0,100,,6346,23,0,5,0,101,,6347,23,0,5,0,102,,6349,23,0,5,0,100,,6352,23,0,5,0,99,,6355,23,0,5,0,100,,6353,23,0,5,0,105,,6350,23,0,5,0,99,,6351,23,0,5,0,97,,6354,23,0,5,0,100,,6356,23,0,5,0
1600,'5426',1111,,6333,23,0,5,0,200,,6334,23,0,5,0,103,,6330,23,0,5,0,103,,6337,23,0,5,0,110,,6338,23,0,5,0,100,,6341,23,0,5,0,94,,6343,23,0,5,0,98,,6342,23,0,5,0,99,,6340,23,0,5,0
1600,'5427',1111,,7837,23,0,5,0,200,,7838,23,0,5,0,103,,7836,23,0,5,0,103,,7839,23,0,5,0,110,,7840,23,0,5,0,100,,7842,23,0,5,0,94,,7844,23,0,5,0,98,,7843,23,0,5,0,99,,7841,23,0,5,0
1600,'5428',851,,7848,23,0,5,0,157,,7847,23,0,5,0,95,,7846,23,0,5,0,111,,7849,23,0,5,0,95,,7850,23,0,5,0,101,,7845,23,0,5,0,100,,7851,23,0,5,0,300,,7852,23,0,5,0,97,,7853,23,0,5,0,100,,7854,23,0,5,0
1600,'5429',911,,7855,23,0,5,0,100,,7858,23,0,5,0,100,,7856,23,0,5,0,101,,7857,23,0,5,0,102,,7859,23,0,5,0,100,,7862,23,0,5,0,99,,7865,23,0,5,0,100,,7863,23,0,5,0,105,,7860,23,0,5,0,99,,7861,23,0,5,0,97,,7864,23,0,5,0,100,,7866,23,0,5,0
