1401,'4327',1100,,4247,12,,,0,225,,4250,12,,,0,495,,4253,12,,,0
1401,'4332',755,,4270,12,,,0,175,,4274,12,,,0,95,,4278,12,,,0,101,,4276,12,,,0,200,,4279,12,,,0,315,,4275,12,,,0,209,,4273,12,,,0,100,,4277,12,,,0
1401,'4480',725,,4254,12,,,0,315,,4255,12,,,0,517,,4265,12,,,0,79,,4264,12,,,0,75,,4266,12,,,0,39,,4267,12,,,0,105,,4260,12,,,0
1401,'5010',900,,4248,12,,,0,330,,4252,12,,,0,195,,4249,12,,,0,130,,4251,12,,,0
1401,'5196',900,,4686,12,,,0,330,,4689,12,,,0,195,,4687,12,,,0,130,,4688,12,,,0
1401,'5244',1226,,4691,12,,,0,205,,4690,12,,,0
1401,'5246',609,,4261,12,,,0,31,,4262,12,,,0,111,,4256,12,,,0,84,,4259,12,,,0,91,,4257,12,,,0,299,,4263,12,,,0,217,,4258,12,,,0,568,,4268,12,,,0,30,,4269,12,,,0
1401,'5247',609,,4696,12,,,0,31,,4697,12,,,0,111,,4692,12,,,0,84,,4695,12,,,0,91,,4693,12,,,0,299,,4698,12,,,0,217,,4694,12,,,0,568,,4699,12,,,0,30,,4700,12,,,0
8001,'4675',1458,,4547,16,,,0
8001,'5103',1458,,4546,16,,,0
8100,'4480',744,,4548,7,,,0
8101,'4675',1426,,4550,35,,,0
8101,'5103',1537,,4549,35,,,0
