701,'4327',718,,3703,22,,,0,27,,3704,25,,,0,99,,3705,22,,,0,97,,3706,25,,,0,73,,3709,22,,,0,30,,3707,22,,,0,67,,3708,25,,,0,33,,3716,22,,,0,67,,3711,25,,,0,28,,3710,22,,,0,72,,3713,25,,,0,28,,3723,22,,,0,72,,3715,25,,,0,29,,3719,22,,,0,71,,3714,25,,,0,29,,3712,22,,,0,71,,3718,25,,,0,28,,3722,22,,,0,72,,3717,25,,,0,27,,3724,22,,,0,71,,3720,25,,,0,29,,3726,22,,,0,101,,3721,25,,,0,99,,3729,22,,,0,104,,3725,25,,,0,96,,3727,22,,,0,101,,3728,25,,,0
701,'4795',604,,1013,5,,,0,18,,1014,22,,,0,17,,1015,25,,,0,14,,1016,22,,,0,56,,1017,25,,,0,6,,1018,22,,,0,10,,1019,25,,,0,16,,1020,22,,,0,59,,1021,25,,,0,12,,1022,22,,,0,19,,1023,25,,,0,11,,1024,22,,,0,16,,1025,25,,,0,52,,1026,22,,,0,18,,1027,25,,,0,13,,1063,22,,,0,17,,1028,25,,,0,53,,1068,22,,,0,17,,1029,25,,,0,29,,1030,22,,,0,73,,2501,25,,,0,27,,1032,22,,,0,72,,1033,25,,,0,28,,1034,22,,,0,72,,1035,25,,,0,28,,1036,22,,,0,74,,1037,25,,,0,11,,1038,22,,,0,15,,1039,22,,,0,58,,1040,25,,,0,13,,2502,22,,,0,17,,1042,25,,,0,12,,1043,22,,,0,58,,1044,25,,,0,12,,1045,22,,,0,18,,1046,25,,,0,12,,1047,22,,,0,58,,1048,25,,,0,12,,1049,22,,,0,18,,1050,25,,,0,11,,1064,22,,,0,56,,2050,25,,,0,13,,1051,22,,,0,32,,1052,25,,,0,67,,2048,22,,,0,33,,2503,25,,,0,67,,1055,22,,,0,31,,1056,25,,,0,69,,1057,22,,,0,30,,2049,25,,,0,69,,1059,22,,,0,30,,1060,25,,,0,68,,1061,22,,,0,33,,1062,25,,,0,72,,1066,22,,,0,30,,1067,25,,,0
701,'4800',633,,1107,25,,,0,70,,1106,22,,,0,31,,1094,25,,,0,70,,1070,22,,,0,30,,1069,22,,,0,71,,1071,25,,,0,29,,1072,22,,,0,70,,1080,22,,,0,31,,1085,25,,,0,14,,1098,22,,,0,56,,1084,25,,,0,15,,1099,22,,,0,22,,1087,22,,,0,72,,1083,25,,,0,28,,1086,22,,,0,70,,1079,22,,,0,32,,1089,25,,,0,68,,1082,22,,,0,30,,1102,25,,,0,13,,2531,22,,,0,55,,1103,22,,,0,16,,1091,25,,,0,14,,1101,22,,,0,15,,1078,22,,,0,56,,2532,25,,,0,14,,1088,22,,,0,15,,1100,22,,,0,64,,1081,25,,,0,29,,1092,22,,,0,70,,1073,22,,,0,36,,1076,25,,,0,74,,1077,22,,,0,36,,1095,25,,,0,74,,1096,22,,,0,105,,1075,22,,,0,97,,1074,25,,,0,101,,1093,22,,,0,98,,1097,22,,,0,26,,1105,25,,,0,69,,1108,22,,,0
701,'5102',604,,3730,5,,,0,18,,3731,22,,,0,17,,3732,25,,,0,14,,3733,22,,,0,56,,3734,25,,,0,16,,3735,25,,,0,16,,3736,22,,,0,59,,3737,25,,,0,12,,3738,22,,,0,19,,3739,25,,,0,11,,3740,22,,,0,16,,3741,25,,,0,52,,3742,22,,,0,18,,3743,25,,,0,13,,3779,22,,,0,17,,3744,25,,,0,53,,3784,22,,,0,17,,3745,25,,,0,29,,3746,22,,,0,73,,3747,25,,,0,27,,3748,22,,,0,72,,3749,25,,,0,28,,3750,22,,,0,72,,3751,25,,,0,28,,3752,22,,,0,74,,3753,25,,,0,11,,3754,22,,,0,15,,3755,22,,,0,58,,3756,25,,,0,13,,3757,22,,,0,17,,3758,25,,,0,12,,3759,22,,,0,58,,3760,25,,,0,12,,3761,22,,,0,18,,3762,25,,,0,12,,3763,22,,,0,58,,3764,25,,,0,12,,3765,22,,,0,18,,3766,25,,,0,11,,3780,22,,,0,56,,3781,25,,,0,13,,3767,22,,,0,32,,3768,25,,,0,67,,3769,22,,,0,33,,3770,25,,,0,67,,3771,22,,,0,31,,3772,25,,,0,69,,3773,22,,,0,30,,3774,25,,,0,69,,3775,22,,,0,30,,3776,25,,,0,68,,3777,22,,,0,33,,3778,25,,,0,72,,3782,22,,,0,30,,3783,25,,,0
701,'5105',633,,3823,25,,,0,70,,3822,22,,,0,31,,3810,25,,,0,70,,3786,22,,,0,30,,3785,22,,,0,71,,3787,25,,,0,29,,3788,22,,,0,70,,3796,22,,,0,31,,3801,25,,,0,14,,3814,22,,,0,56,,3800,25,,,0,15,,3815,22,,,0,22,,3803,22,,,0,72,,3799,25,,,0,28,,3802,22,,,0,70,,3795,22,,,0,32,,3805,25,,,0,68,,3798,22,,,0,30,,3818,25,,,0,13,,3806,22,,,0,55,,3819,22,,,0,16,,3807,25,,,0,14,,3817,22,,,0,15,,3794,22,,,0,56,,3820,25,,,0,14,,3804,22,,,0,15,,3816,22,,,0,64,,3797,25,,,0,29,,3808,22,,,0,70,,3789,22,,,0,36,,3792,25,,,0,74,,3793,22,,,0,36,,3811,25,,,0,74,,3812,22,,,0,105,,3791,22,,,0,97,,3790,25,,,0,101,,3809,22,,,0,98,,3813,22,,,0,26,,3821,25,,,0,69,,3824,22,,,0
7001,'4795',1521,,1825,12,,,0
7001,'5102',1521,,4531,12,,,0
7301,'4795',1520,,1829,12,,,0
7301,'5102',1520,,4535,12,,,0
7401,'5095',1532,,2714,9,,,0
7401,'5097',1432,,2713,9,,,0
7401,'5103',1532,,4536,9,,,0
7401,'5104',1432,,4537,9,,,0
7701,'4795',1537,,2716,12,,,0
7701,'5102',1537,,4540,12,,,0
