1600,'4528',658,,6335,19,,,0,82,,6344,19,0,5,0,68,,6336,19,0,5,0,99,,6331,19,0,5,0,100,,6332,19,0,5,0,200,,6339,19,0,5,0
1600,'4532',1606,,6360,19,0,5,0,105,,6364,19,0,5,0
1600,'5425',908,,6345,19,0,5,0,100,,6348,19,0,5,0,100,,6346,19,0,5,0,100,,6347,19,0,5,0,102,,6349,19,0,5,0,100,,6352,19,0,5,0,99,,6355,19,0,5,0,100,,6353,19,0,5,0,105,,6350,19,0,5,0,99,,6351,19,0,5,0,98,,6354,19,0,5,0,100,,6356,19,0,5,0
1600,'5426',1107,,6333,19,0,5,0,200,,6334,19,0,5,0,103,,6330,19,0,5,0,102,,6337,19,0,5,0,111,,6338,19,0,5,0,100,,6341,19,0,5,0,94,,6343,19,0,5,0,98,,6342,19,0,5,0,99,,6340,19,0,5,0
1600,'5427',1107,,7837,19,0,5,0,200,,7838,19,0,5,0,103,,7836,19,0,5,0,102,,7839,19,0,5,0,111,,7840,19,0,5,0,100,,7842,19,0,5,0,94,,7844,19,0,5,0,98,,7843,19,0,5,0,99,,7841,19,0,5,0
1600,'5428',848,,7848,19,0,5,0,156,,7847,19,0,5,0,55,,7846,19,0,5,0,151,,7849,19,0,5,0,95,,7850,19,0,5,0,101,,7845,19,0,5,0,100,,7851,19,0,5,0,300,,7852,19,0,5,0,97,,7853,19,0,5,0,100,,7854,19,0,5,0
1600,'5429',908,,7855,19,0,5,0,100,,7858,19,0,5,0,100,,7856,19,0,5,0,100,,7857,19,0,5,0,102,,7859,19,0,5,0,100,,7862,19,0,5,0,99,,7865,19,0,5,0,100,,7863,19,0,5,0,105,,7860,19,0,5,0,99,,7861,19,0,5,0,98,,7864,19,0,5,0,100,,7866,19,0,5,0
1700,'4528',732,,6418,50,,,0
1700,'5425',920,,6426,50,,,0,100,,6427,50,,,0,102,,6428,31,,,0,96,,6429,49,,,0,200,,6431,31,,,0,208,,6430,19,,,0,102,,6432,31,,,0,112,,6433,31,,,0,85,,6434,19,,,0,130,,6435,19,,,0
1700,'5426',705,,6410,50,,,0,130,,6416,50,,,0,86,,6422,50,,,0,99,,6409,50,,,0,100,,6413,50,,,0,100,,6408,50,,,0,99,,6411,31,,,0,101,,6414,31,,,0,115,,6417,31,,,0,93,,6419,31,,,0,107,,6424,31,,,0,96,,6420,31,,,0,113,,6423,50,,,0,87,,6421,19,,,0,98,,6415,19,,,0,115,,6412,19,,,0,114,,6425,19,,,0
1700,'5427',705,,7900,50,,,0,130,,7906,50,,,0,86,,7911,50,,,0,99,,7899,50,,,0,100,,7903,50,,,0,100,,7898,50,,,0,99,,7901,31,,,0,101,,7904,31,,,0,115,,7907,31,,,0,93,,7908,31,,,0,107,,7913,31,,,0,96,,7909,31,,,0,113,,7912,50,,,0,87,,7910,19,,,0,98,,7905,19,,,0,115,,7902,19,,,0,114,,7914,19,,,0
1700,'5428',813,,7915,50,,,0,103,,7916,50,,,0,90,,7917,50,,,0,133,,7918,50,,,0,169,,7919,31,,,0,103,,7920,31,,,0,130,,7921,31,,,0,171,,7922,31,,,0,104,,7923,31,,,0,85,,7924,19,,,0,105,,7925,19,,,0,105,,7926,19,,,0,110,,7927,19,,,0,119,,7928,19,,,0
1700,'5429',920,,7929,50,,,0,100,,7930,50,,,0,102,,7931,31,,,0,96,,7932,49,,,0,200,,7934,31,,,0,208,,7933,19,,,0,102,,7935,31,,,0,112,,7936,31,,,0,85,,7937,19,,,0,130,,7938,19,,,0
