1401,'4327',1056,,4247,9,,,0,265,,4250,9,,,0,495,,4253,9,,,0
1401,'4332',751,,4270,9,,,0,175,,4274,9,,,0,95,,4278,9,,,0,101,,4276,9,,,0,200,,4279,9,,,0,315,,4275,9,,,0,209,,4273,9,,,0,100,,4277,9,,,0
1401,'4480',721,,4254,9,,,0,315,,4255,9,,,0,517,,4265,9,,,0,79,,4264,9,,,0,75,,4266,9,,,0,39,,4267,9,,,0,105,,4260,9,,,0
1401,'5010',856,,4248,9,,,0,370,,4252,9,,,0,195,,4249,9,,,0,130,,4251,9,,,0
1401,'5196',856,,4686,9,,,0,370,,4689,9,,,0,195,,4687,9,,,0,130,,4688,9,,,0
1401,'5244',1222,,4691,9,,,0,205,,4690,9,,,0
1401,'5246',605,,4261,9,,,0,31,,4262,9,,,0,111,,4256,9,,,0,84,,4259,9,,,0,91,,4257,9,,,0,299,,4263,9,,,0,217,,4258,9,,,0,568,,4268,9,,,0,30,,4269,9,,,0
1401,'5247',605,,4696,9,,,0,31,,4697,9,,,0,111,,4692,9,,,0,84,,4695,9,,,0,91,,4693,9,,,0,299,,4698,9,,,0,217,,4694,9,,,0,568,,4699,9,,,0,30,,4700,9,,,0
8001,'4675',1505,,4547,23,,,0
8001,'5103',1505,,4546,23,,,0
8100,'4480',740,,4548,4,,,0
8101,'4675',1422,,4550,32,,,0
8101,'5103',1533,,4549,32,,,0
