701,'4327',723,,3703,29,,,0,27,,3704,32,,,0,99,,3705,29,,,0,97,,3706,32,,,0,73,,3709,29,,,0,30,,3707,29,,,0,67,,3708,32,,,0,33,,3716,29,,,0,67,,3711,32,,,0,29,,3710,29,,,0,72,,3713,32,,,0,28,,3723,29,,,0,72,,3715,32,,,0,29,,3719,29,,,0,71,,3714,32,,,0,29,,3712,29,,,0,71,,3718,32,,,0,27,,3722,29,,,0,72,,3717,32,,,0,27,,3724,29,,,0,71,,3720,32,,,0,29,,3726,29,,,0,101,,3721,32,,,0,99,,3729,29,,,0,104,,3725,32,,,0,96,,3727,29,,,0,101,,3728,32,,,0
701,'4795',609,,1013,12,,,0,18,,1014,29,,,0,17,,1015,32,,,0,14,,1016,29,,,0,56,,1017,32,,,0,6,,1018,29,,,0,10,,1019,32,,,0,16,,1020,29,,,0,60,,1021,32,,,0,11,,1022,29,,,0,19,,1023,32,,,0,11,,1024,29,,,0,56,,1025,32,,,0,12,,1026,29,,,0,18,,1027,32,,,0,13,,1063,29,,,0,57,,1028,32,,,0,13,,1068,29,,,0,17,,1029,32,,,0,69,,1030,29,,,0,34,,2501,32,,,0,67,,1032,29,,,0,32,,1033,32,,,0,68,,1034,29,,,0,32,,1035,32,,,0,69,,1036,29,,,0,34,,1037,32,,,0,11,,1038,29,,,0,55,,1039,29,,,0,18,,1040,32,,,0,13,,2502,29,,,0,17,,1042,32,,,0,52,,1043,29,,,0,18,,1044,32,,,0,12,,1045,29,,,0,18,,1046,32,,,0,52,,1047,29,,,0,18,,1048,32,,,0,11,,1049,29,,,0,18,,1050,32,,,0,50,,1064,29,,,0,16,,2050,32,,,0,13,,1051,29,,,0,72,,1052,32,,,0,27,,2048,29,,,0,73,,2503,32,,,0,27,,1055,29,,,0,71,,1056,32,,,0,29,,1057,29,,,0,30,,2049,32,,,0,69,,1059,29,,,0,30,,1060,32,,,0,68,,1061,29,,,0,33,,1062,32,,,0,72,,1066,29,,,0,70,,1067,32,,,0
701,'4800',638,,1107,32,,,0,70,,1106,29,,,0,31,,1094,32,,,0,70,,1070,29,,,0,31,,1069,29,,,0,71,,1071,32,,,0,29,,1072,29,,,0,70,,1080,29,,,0,31,,1085,32,,,0,14,,1098,29,,,0,56,,1084,32,,,0,15,,1099,29,,,0,22,,1087,29,,,0,72,,1083,32,,,0,28,,1086,29,,,0,70,,1079,29,,,0,32,,1089,32,,,0,68,,1082,29,,,0,30,,1102,32,,,0,53,,2531,29,,,0,15,,1103,29,,,0,16,,1091,32,,,0,14,,1101,29,,,0,55,,1078,29,,,0,16,,2532,32,,,0,14,,1088,29,,,0,15,,1100,29,,,0,64,,1081,32,,,0,29,,1092,29,,,0,70,,1073,29,,,0,36,,1076,32,,,0,73,,1077,29,,,0,36,,1095,32,,,0,74,,1096,29,,,0,105,,1075,29,,,0,97,,1074,32,,,0,101,,1093,29,,,0,98,,1097,29,,,0,26,,1105,32,,,0,69,,1108,29,,,0
701,'5102',609,,3730,12,,,0,18,,3731,29,,,0,17,,3732,32,,,0,14,,3733,29,,,0,56,,3734,32,,,0,16,,3735,32,,,0,16,,3736,29,,,0,60,,3737,32,,,0,11,,3738,29,,,0,19,,3739,32,,,0,11,,3740,29,,,0,56,,3741,32,,,0,12,,3742,29,,,0,18,,3743,32,,,0,13,,3779,29,,,0,57,,3744,32,,,0,13,,3784,29,,,0,17,,3745,32,,,0,69,,3746,29,,,0,34,,3747,32,,,0,67,,3748,29,,,0,32,,3749,32,,,0,68,,3750,29,,,0,32,,3751,32,,,0,69,,3752,29,,,0,34,,3753,32,,,0,11,,3754,29,,,0,55,,3755,29,,,0,18,,3756,32,,,0,13,,3757,29,,,0,17,,3758,32,,,0,52,,3759,29,,,0,18,,3760,32,,,0,12,,3761,29,,,0,18,,3762,32,,,0,52,,3763,29,,,0,18,,3764,32,,,0,11,,3765,29,,,0,18,,3766,32,,,0,50,,3780,29,,,0,16,,3781,32,,,0,13,,3767,29,,,0,72,,3768,32,,,0,27,,3769,29,,,0,73,,3770,32,,,0,27,,3771,29,,,0,71,,3772,32,,,0,29,,3773,29,,,0,30,,3774,32,,,0,69,,3775,29,,,0,30,,3776,32,,,0,68,,3777,29,,,0,33,,3778,32,,,0,72,,3782,29,,,0,70,,3783,32,,,0
701,'5105',638,,3823,32,,,0,70,,3822,29,,,0,31,,3810,32,,,0,70,,3786,29,,,0,31,,3785,29,,,0,71,,3787,32,,,0,29,,3788,29,,,0,70,,3796,29,,,0,31,,3801,32,,,0,14,,3814,29,,,0,56,,3800,32,,,0,15,,3815,29,,,0,22,,3803,29,,,0,72,,3799,32,,,0,28,,3802,29,,,0,70,,3795,29,,,0,32,,3805,32,,,0,68,,3798,29,,,0,30,,3818,32,,,0,53,,3806,29,,,0,15,,3819,29,,,0,16,,3807,32,,,0,14,,3817,29,,,0,55,,3794,29,,,0,16,,3820,32,,,0,14,,3804,29,,,0,15,,3816,29,,,0,64,,3797,32,,,0,29,,3808,29,,,0,70,,3789,29,,,0,36,,3792,32,,,0,73,,3793,29,,,0,36,,3811,32,,,0,74,,3812,29,,,0,105,,3791,29,,,0,97,,3790,32,,,0,101,,3809,29,,,0,98,,3813,29,,,0,26,,3821,32,,,0,69,,3824,29,,,0
7300,'4795',737,,1828,5,,,0
7300,'5102',737,,4534,5,,,0
7301,'4795',1525,,1829,19,,,0
7301,'5102',1525,,4535,19,,,0
7900,'4795',742,,2718,5,0,6,0,16,,2718,26,0,6,0
7900,'5102',742,,4543,5,0,6,0,16,,4543,26,0,6,0
