700,'4687',1825,,928,7,,,0,112,,938,7,,,0,270,,932,7,,,0
700,'4795',616,,890,7,,,0,18,,891,7,,,0,17,,892,7,,,0,54,,893,7,,,0,16,,894,7,,,0,6,,895,7,,,0,10,,896,7,,,0,17,,897,7,,,0,60,,898,7,,,0,11,,899,7,,,0,19,,900,7,,,0,11,,901,7,,,0,56,,902,7,,,0,12,,903,7,,,0,18,,904,7,,,0,13,,920,7,,,0,57,,905,7,,,0,13,,945,7,,,0,17,,906,7,,,0,69,,907,7,,,0,34,,908,7,,,0,67,,909,7,,,0,32,,910,7,,,0,68,,911,7,,,0,32,,912,7,,,0,69,,913,7,,,0,34,,914,7,,,0,11,,915,7,,,0,55,,916,7,,,0,18,,917,7,,,0,13,,918,7,,,0,57,,919,7,,,0,12,,921,7,,,0,18,,924,7,,,0,12,,936,7,,,0,58,,925,7,,,0,12,,922,7,,,0,18,,926,7,,,0,11,,937,7,,,0,18,,927,7,,,0,50,,923,7,,,0,29,,939,7,,,0,72,,929,7,,,0,100,,930,7,,,0,27,,941,7,,,0,71,,931,7,,,0,29,,940,7,,,0,98,,942,7,,,0,70,,933,7,,,0,28,,943,7,,,0,73,,934,7,,,0,31,,944,7,,,0,70,,935,7,,,0
700,'4800',644,,984,7,,,0,70,,983,7,,,0,31,,971,7,,,0,70,,946,7,,,0,31,,947,7,,,0,71,,949,7,,,0,29,,948,7,,,0,71,,955,7,,,0,31,,960,7,,,0,54,,975,7,,,0,16,,961,7,,,0,15,,976,7,,,0,22,,963,7,,,0,73,,958,7,,,0,28,,964,7,,,0,70,,957,7,,,0,32,,965,7,,,0,68,,959,7,,,0,30,,979,7,,,0,53,,966,7,,,0,14,,977,7,,,0,16,,967,7,,,0,14,,981,7,,,0,55,,956,7,,,0,16,,980,7,,,0,14,,968,7,,,0,15,,978,7,,,0,64,,962,7,,,0,29,,969,7,,,0,70,,950,7,,,0,36,,951,7,,,0,73,,952,7,,,0,76,,973,7,,,0,34,,972,7,,,0,105,,953,7,,,0,96,,954,7,,,0,101,,970,7,,,0,98,,974,7,,,0,66,,982,7,,,0,29,,985,7,,,0
700,'5096',1825,,2018,7,,,0,112,,2020,7,,,0,270,,2019,7,,,0
700,'5100',729,,2021,7,,,0,27,,2022,7,,,0,100,,2023,7,,,0,97,,2024,7,,,0,73,,2026,7,,,0,30,,2025,7,,,0,67,,2028,7,,,0,33,,2034,7,,,0,67,,2029,7,,,0,29,,2027,7,,,0,72,,2031,7,,,0,28,,2041,7,,,0,72,,2032,7,,,0,29,,2036,7,,,0,71,,2030,7,,,0,29,,2033,7,,,0,71,,2035,7,,,0,27,,2040,7,,,0,72,,2037,7,,,0,27,,2042,7,,,0,71,,2038,7,,,0,29,,2044,7,,,0,101,,2039,7,,,0,99,,2046,7,,,0,104,,2043,7,,,0,95,,2045,7,,,0,101,,2047,7,,,0
7300,'4795',743,,1828,15,,,0
7301,'4795',1531,,1829,29,,,0
7900,'4795',755,,1837,21,0,6,0
7901,'5095',1519,,1838,20,0,6,0
7901,'5097',1519,,1839,20,0,6,0
