701,'4327',720,,3703,25,,,0,27,,3704,28,,,0,99,,3705,25,,,0,97,,3706,28,,,0,73,,3709,25,,,0,30,,3707,25,,,0,67,,3708,28,,,0,33,,3716,25,,,0,67,,3711,28,,,0,29,,3710,25,,,0,72,,3713,28,,,0,28,,3723,25,,,0,72,,3715,28,,,0,29,,3719,25,,,0,71,,3714,28,,,0,29,,3712,25,,,0,71,,3718,28,,,0,27,,3722,25,,,0,72,,3717,28,,,0,27,,3724,25,,,0,71,,3720,28,,,0,29,,3726,25,,,0,101,,3721,28,,,0,99,,3729,25,,,0,104,,3725,28,,,0,96,,3727,25,,,0,101,,3728,28,,,0
701,'4795',606,,1013,8,,,0,18,,1014,25,,,0,17,,1015,28,,,0,14,,1016,25,,,0,56,,1017,28,,,0,6,,1018,25,,,0,10,,1019,28,,,0,16,,1020,25,,,0,59,,1021,28,,,0,12,,1022,25,,,0,19,,1023,28,,,0,11,,1024,25,,,0,56,,1025,28,,,0,12,,1026,25,,,0,18,,1027,28,,,0,13,,1063,25,,,0,57,,1028,28,,,0,13,,1068,25,,,0,17,,1029,28,,,0,29,,1030,25,,,0,74,,2501,28,,,0,67,,1032,25,,,0,32,,1033,28,,,0,68,,1034,25,,,0,32,,1035,28,,,0,68,,1036,25,,,0,34,,1037,28,,,0,11,,1038,25,,,0,55,,1039,25,,,0,18,,1040,28,,,0,13,,2502,25,,,0,17,,1042,28,,,0,52,,1043,25,,,0,18,,1044,28,,,0,12,,1045,25,,,0,18,,1046,28,,,0,52,,1047,25,,,0,18,,1048,28,,,0,11,,1049,25,,,0,18,,1050,28,,,0,11,,1064,25,,,0,56,,2050,28,,,0,13,,1051,25,,,0,32,,1052,28,,,0,67,,2048,25,,,0,33,,2503,28,,,0,67,,1055,25,,,0,31,,1056,28,,,0,69,,1057,25,,,0,30,,2049,28,,,0,69,,1059,25,,,0,30,,1060,28,,,0,68,,1061,25,,,0,33,,1062,28,,,0,72,,1066,25,,,0,30,,1067,28,,,0
701,'4800',635,,1107,28,,,0,70,,1106,25,,,0,31,,1094,28,,,0,70,,1070,25,,,0,31,,1069,25,,,0,71,,1071,28,,,0,29,,1072,25,,,0,70,,1080,25,,,0,31,,1085,28,,,0,14,,1098,25,,,0,56,,1084,28,,,0,15,,1099,25,,,0,22,,1087,25,,,0,72,,1083,28,,,0,28,,1086,25,,,0,70,,1079,25,,,0,32,,1089,28,,,0,68,,1082,25,,,0,30,,1102,28,,,0,13,,2531,25,,,0,55,,1103,25,,,0,16,,1091,28,,,0,14,,1101,25,,,0,15,,1078,25,,,0,56,,2532,28,,,0,14,,1088,25,,,0,15,,1100,25,,,0,64,,1081,28,,,0,29,,1092,25,,,0,70,,1073,25,,,0,36,,1076,28,,,0,73,,1077,25,,,0,36,,1095,28,,,0,74,,1096,25,,,0,105,,1075,25,,,0,97,,1074,28,,,0,101,,1093,25,,,0,98,,1097,25,,,0,26,,1105,28,,,0,69,,1108,25,,,0
701,'5102',606,,3730,8,,,0,18,,3731,25,,,0,17,,3732,28,,,0,14,,3733,25,,,0,56,,3734,28,,,0,16,,3735,28,,,0,16,,3736,25,,,0,59,,3737,28,,,0,12,,3738,25,,,0,19,,3739,28,,,0,11,,3740,25,,,0,56,,3741,28,,,0,12,,3742,25,,,0,18,,3743,28,,,0,13,,3779,25,,,0,57,,3744,28,,,0,13,,3784,25,,,0,17,,3745,28,,,0,29,,3746,25,,,0,74,,3747,28,,,0,67,,3748,25,,,0,32,,3749,28,,,0,68,,3750,25,,,0,32,,3751,28,,,0,68,,3752,25,,,0,34,,3753,28,,,0,11,,3754,25,,,0,55,,3755,25,,,0,18,,3756,28,,,0,13,,3757,25,,,0,17,,3758,28,,,0,52,,3759,25,,,0,18,,3760,28,,,0,12,,3761,25,,,0,18,,3762,28,,,0,52,,3763,25,,,0,18,,3764,28,,,0,11,,3765,25,,,0,18,,3766,28,,,0,11,,3780,25,,,0,56,,3781,28,,,0,13,,3767,25,,,0,32,,3768,28,,,0,67,,3769,25,,,0,33,,3770,28,,,0,67,,3771,25,,,0,31,,3772,28,,,0,69,,3773,25,,,0,30,,3774,28,,,0,69,,3775,25,,,0,30,,3776,28,,,0,68,,3777,25,,,0,33,,3778,28,,,0,72,,3782,25,,,0,30,,3783,28,,,0
701,'5105',635,,3823,28,,,0,70,,3822,25,,,0,31,,3810,28,,,0,70,,3786,25,,,0,31,,3785,25,,,0,71,,3787,28,,,0,29,,3788,25,,,0,70,,3796,25,,,0,31,,3801,28,,,0,14,,3814,25,,,0,56,,3800,28,,,0,15,,3815,25,,,0,22,,3803,25,,,0,72,,3799,28,,,0,28,,3802,25,,,0,70,,3795,25,,,0,32,,3805,28,,,0,68,,3798,25,,,0,30,,3818,28,,,0,13,,3806,25,,,0,55,,3819,25,,,0,16,,3807,28,,,0,14,,3817,25,,,0,15,,3794,25,,,0,56,,3820,28,,,0,14,,3804,25,,,0,15,,3816,25,,,0,64,,3797,28,,,0,29,,3808,25,,,0,70,,3789,25,,,0,36,,3792,28,,,0,73,,3793,25,,,0,36,,3811,28,,,0,74,,3812,25,,,0,105,,3791,25,,,0,97,,3790,28,,,0,101,,3809,25,,,0,98,,3813,25,,,0,26,,3821,28,,,0,69,,3824,25,,,0
7300,'4795',735,,1828,1,,,0
7300,'5102',735,,4534,1,,,0
7301,'4795',1522,,1829,15,,,0
7301,'5102',1522,,4535,15,,,0
7900,'4795',740,,2718,1,0,6,0
7900,'5102',740,,4543,1,0,6,0
