400,'5425',848,,5381,21,,,0,159,,5382,21,,,0,120,,5379,21,,,0,122,,5380,21,,,0,95,,5386,21,,,0,166,,5384,21,,,0,127,,5385,21,,,0,163,,5383,21,,,0,120,,5387,21,,,0
400,'5426',640,,5349,21,,,0,66,,5354,21,,,0,50,,5351,21,,,0,74,,5356,21,,,0,28,,5353,21,,,0,68,,5359,21,,,0,30,,5352,21,,,0,70,,5350,21,,,0,32,,5360,21,,,0,70,,5365,21,,,0,72,,5362,21,,,0,30,,5355,21,,,0,70,,5367,21,,,0,30,,5376,21,,,0,71,,5366,21,,,0,30,,5378,21,,,0,70,,5357,21,,,0,30,,5377,21,,,0,72,,5374,21,,,0,30,,5363,21,,,0,70,,5364,21,,,0,29,,5361,21,,,0,68,,5371,21,,,0,29,,5358,21,,,0,28,,5372,21,,,0,96,,5373,21,,,0,95,,5369,21,,,0,97,,5368,21,,,0,100,,5370,21,,,0,157,,5375,21,,,0
400,'5427',640,,7006,21,,,0,66,,7011,21,,,0,50,,7008,21,,,0,74,,7013,21,,,0,28,,7010,21,,,0,68,,7016,21,,,0,30,,7009,21,,,0,70,,7007,21,,,0,32,,7017,21,,,0,70,,7022,21,,,0,72,,7019,21,,,0,30,,7012,21,,,0,70,,7024,21,,,0,30,,7033,21,,,0,71,,7023,21,,,0,30,,7035,21,,,0,70,,7014,21,,,0,30,,7034,21,,,0,72,,7031,21,,,0,30,,7020,21,,,0,70,,7021,21,,,0,29,,7018,21,,,0,68,,7028,21,,,0,29,,7015,21,,,0,28,,7029,21,,,0,96,,7030,21,,,0,95,,7026,21,,,0,97,,7025,21,,,0,100,,7027,21,,,0,157,,7032,21,,,0
400,'5428',835,,7037,21,,,0,65,,7038,21,,,0,25,,7036,21,,,0,25,,7039,21,,,0,67,,7040,21,,,0,26,,7041,21,,,0,65,,7042,21,,,0,26,,7043,21,,,0,66,,7044,21,,,0,27,,7045,21,,,0,27,,7046,21,,,0,68,,7047,21,,,0,27,,7048,21,,,0,68,,7049,21,,,0,27,,7052,21,,,0,69,,7054,21,,,0,27,,7050,21,,,0,69,,7056,21,,,0,27,,7051,21,,,0,66,,7053,21,,,0,27,,7055,21,,,0,27,,7057,21,,,0,67,,7058,21,,,0,25,,7059,21,,,0,74,,7061,21,,,0,99,,7060,21,,,0,100,,7062,21,,,0,99,,7063,21,,,0,99,,7064,21,,,0
400,'5429',848,,7067,21,,,0,159,,7068,21,,,0,120,,7065,21,,,0,122,,7066,21,,,0,95,,7072,21,,,0,166,,7070,21,,,0,127,,7071,21,,,0,163,,7069,21,,,0,120,,7073,21,,,0
900,'4528',740,,5898,24,,,0,116,,5903,24,,,0,154,,5908,24,,,0,116,,5913,24,,,0,374,,5927,24,,,0
900,'4532',703,,6034,24,,,0,103,,5995,24,,,0,205,,5999,24,,,0,113,,6026,24,,,0,117,,6004,24,,,0,173,,6006,24,,,0,30,,6007,24,,,0,12,,6024,24,,,0,70,,6028,24,,,0,30,,6025,24,,,0,70,,6027,24,,,0,15,,6012,24,,,0,100,,6014,24,,,0
900,'5221',935,,5965,24,,,0
900,'5425',734,,5960,24,,,0,70,,5962,24,,,0,31,,5961,24,,,0,70,,5963,24,,,0,101,,5964,24,,,0,30,,5966,24,,,0,70,,5968,24,,,0,30,,5969,24,,,0,71,,5967,24,,,0,30,,5970,24,,,0,71,,5971,24,,,0,30,,5974,24,,,0,71,,5973,24,,,0,30,,5975,24,,,0,70,,5972,24,,,0,31,,5986,24,,,0,70,,5976,24,,,0,30,,5978,24,,,0,69,,5977,24,,,0,30,,5979,24,,,0,70,,5980,24,,,0,30,,5991,24,,,0,70,,5985,24,,,0,29,,5981,24,,,0,68,,5982,24,,,0,30,,5983,24,,,0,70,,5984,24,,,0,30,,5990,24,,,0,70,,5987,24,,,0,29,,5988,24,,,0,68,,5989,24,,,0,30,,5992,24,,,0,70,,5993,24,,,0
900,'5426',635,,5896,24,,,0,72,,5897,24,,,0,49,,5899,24,,,0,56,,5900,24,,,0,17,,5901,24,,,0,14,,5902,24,,,0,69,,5904,24,,,0,13,,5905,24,,,0,15,,5906,24,,,0,15,,5907,24,,,0,70,,5909,24,,,0,15,,5910,24,,,0,15,,5911,24,,,0,55,,5912,24,,,0,32,,5914,24,,,0,15,,5915,24,,,0,55,,5916,24,,,0,15,,5917,24,,,0,16,,5918,24,,,0,14,,5919,24,,,0,55,,5920,24,,,0,16,,5921,24,,,0,15,,5922,24,,,0,15,,5923,24,,,0,55,,5924,24,,,0,15,,5925,24,,,0,14,,5926,24,,,0,72,,5928,24,,,0,15,,5929,24,,,0,17,,5930,24,,,0,55,,5931,24,,,0,16,,5932,24,,,0,14,,5933,24,,,0,15,,5934,24,,,0,57,,5935,24,,,0,15,,5936,24,,,0,14,,5937,24,,,0,13,,5938,24,,,0,13,,5939,24,,,0,55,,5940,24,,,0,13,,5941,24,,,0,12,,5942,24,,,0,15,,5943,24,,,0,55,,5944,24,,,0,15,,5945,24,,,0,14,,5946,24,,,0,15,,5947,24,,,0,56,,5948,24,,,0,14,,5949,24,,,0,15,,5950,24,,,0,20,,5951,24,,,0,60,,5952,24,,,0,34,,5953,24,,,0,70,,5954,24,,,0,24,,5955,24,,,0,73,,5956,24,,,0,26,,5957,24,,,0,71,,5958,24,,,0,25,,5959,24,,,0,70,,5895,24,,,0
900,'5427',635,,7544,24,,,0,72,,7545,24,,,0,49,,7546,24,,,0,56,,7547,24,,,0,17,,7548,24,,,0,14,,7549,24,,,0,69,,7550,24,,,0,13,,7551,24,,,0,15,,7552,24,,,0,15,,7553,24,,,0,70,,7554,24,,,0,15,,7555,24,,,0,15,,7556,24,,,0,55,,7557,24,,,0,32,,7558,24,,,0,15,,7559,24,,,0,55,,7560,24,,,0,15,,7561,24,,,0,16,,7562,24,,,0,14,,7563,24,,,0,55,,7564,24,,,0,16,,7565,24,,,0,15,,7566,24,,,0,15,,7567,24,,,0,55,,7568,24,,,0,15,,7569,24,,,0,14,,7570,24,,,0,72,,7571,24,,,0,15,,7572,24,,,0,17,,7573,24,,,0,55,,7574,24,,,0,16,,7575,24,,,0,14,,7576,24,,,0,15,,7577,24,,,0,57,,7578,24,,,0,15,,7579,24,,,0,14,,7580,24,,,0,13,,7581,24,,,0,13,,7582,24,,,0,55,,7583,24,,,0,13,,7584,24,,,0,12,,7585,24,,,0,15,,7586,24,,,0,55,,7587,24,,,0,15,,7588,24,,,0,14,,7589,24,,,0,15,,7590,24,,,0,56,,7591,24,,,0,14,,7592,24,,,0,15,,7593,24,,,0,20,,7594,24,,,0,60,,7595,24,,,0,34,,7596,24,,,0,70,,7597,24,,,0,24,,7598,24,,,0,73,,7599,24,,,0,26,,7600,24,,,0,71,,7601,24,,,0,25,,7602,24,,,0,70,,7543,24,,,0
900,'5428',633,,7630,24,,,0,103,,7624,24,,,0,101,,7604,24,,,0,70,,7605,24,,,0,32,,7603,24,,,0,101,,7608,24,,,0,69,,7606,24,,,0,30,,7609,24,,,0,15,,7627,24,,,0,55,,7607,24,,,0,103,,7611,24,,,0,30,,7610,24,,,0,169,,7613,24,,,0,30,,7614,24,,,0,70,,7612,24,,,0,45,,7628,24,,,0,55,,7616,24,,,0,15,,7626,24,,,0,85,,7615,24,,,0,35,,7618,24,,,0,79,,7622,24,,,0,30,,7619,24,,,0,100,,7620,24,,,0,100,,7617,24,,,0,99,,7621,24,,,0,102,,7623,24,,,0,102,,7625,24,,,0,143,,7629,24,,,0
900,'5429',734,,7631,24,,,0,70,,7633,24,,,0,31,,7632,24,,,0,70,,7634,24,,,0,101,,7635,24,,,0,30,,7636,24,,,0,70,,7638,24,,,0,30,,7639,24,,,0,71,,7637,24,,,0,30,,7640,24,,,0,71,,7641,24,,,0,30,,7644,24,,,0,71,,7643,24,,,0,30,,7645,24,,,0,70,,7642,24,,,0,31,,7656,24,,,0,70,,7646,24,,,0,30,,7648,24,,,0,69,,7647,24,,,0,30,,7649,24,,,0,70,,7650,24,,,0,30,,7661,24,,,0,70,,7655,24,,,0,29,,7651,24,,,0,68,,7652,24,,,0,30,,7653,24,,,0,70,,7654,24,,,0,30,,7660,24,,,0,70,,7657,24,,,0,29,,7658,24,,,0,68,,7659,24,,,0,30,,7662,24,,,0,70,,7663,24,,,0
