701,'4783',1136,,1031,31,,,0,398,,1041,28,,,0,468,,1054,31,,,0
701,'4795',609,,1013,11,,,0,18,,1014,28,,,0,17,,1015,31,,,0,14,,1016,28,,,0,56,,1017,31,,,0,6,,1018,28,,,0,10,,1019,31,,,0,16,,1020,28,,,0,59,,1021,31,,,0,12,,1022,28,,,0,19,,1023,31,,,0,11,,1024,28,,,0,56,,1025,31,,,0,12,,1026,28,,,0,18,,1027,31,,,0,13,,1063,28,,,0,57,,1028,31,,,0,13,,1068,28,,,0,17,,1029,31,,,0,69,,1030,28,,,0,101,,1032,28,,,0,32,,1033,31,,,0,68,,1034,28,,,0,32,,1035,31,,,0,68,,1036,28,,,0,34,,1037,31,,,0,11,,1038,28,,,0,55,,1039,28,,,0,18,,1040,31,,,0,30,,1042,31,,,0,52,,1043,28,,,0,18,,1044,31,,,0,12,,1045,28,,,0,18,,1046,31,,,0,52,,1047,28,,,0,18,,1048,31,,,0,11,,1049,28,,,0,18,,1050,31,,,0,51,,1064,28,,,0,16,,2050,31,,,0,13,,1051,28,,,0,72,,1052,31,,,0,27,,2048,28,,,0,100,,1055,28,,,0,71,,1056,31,,,0,29,,1057,28,,,0,30,,2049,31,,,0,69,,1059,28,,,0,30,,1060,31,,,0,68,,1061,28,,,0,33,,1062,31,,,0,71,,1066,28,,,0,70,,1067,31,,,0
701,'4800',637,,1107,31,,,0,70,,1106,28,,,0,31,,1094,31,,,0,70,,1070,28,,,0,31,,1069,28,,,0,71,,1071,31,,,0,29,,1072,28,,,0,71,,1080,28,,,0,31,,1085,31,,,0,14,,1098,28,,,0,56,,1084,31,,,0,15,,1099,28,,,0,22,,1087,28,,,0,72,,1083,31,,,0,28,,1086,28,,,0,70,,1079,28,,,0,32,,1089,31,,,0,68,,1082,28,,,0,30,,1102,31,,,0,68,,1103,28,,,0,16,,1091,31,,,0,14,,1101,28,,,0,55,,1078,28,,,0,30,,1088,28,,,0,15,,1100,28,,,0,64,,1081,31,,,0,29,,1092,28,,,0,70,,1073,28,,,0,36,,1076,31,,,0,73,,1077,28,,,0,36,,1095,31,,,0,74,,1096,28,,,0,105,,1075,28,,,0,96,,1074,31,,,0,101,,1093,28,,,0,98,,1097,28,,,0,26,,1105,31,,,0,69,,1108,28,,,0
701,'5125',1136,,2501,31,,,0,398,,2502,28,,,0,468,,2503,31,,,0
701,'5127',722,,2504,28,,,0,27,,2505,31,,,0,100,,2506,28,,,0,97,,2507,31,,,0,73,,2510,28,,,0,30,,2508,28,,,0,67,,2509,31,,,0,33,,2517,28,,,0,67,,2512,31,,,0,29,,2511,28,,,0,72,,2514,31,,,0,28,,2524,28,,,0,72,,2516,31,,,0,29,,2520,28,,,0,71,,2515,31,,,0,29,,2513,28,,,0,71,,2519,31,,,0,27,,2523,28,,,0,72,,2518,31,,,0,27,,2525,28,,,0,71,,2521,31,,,0,29,,2527,28,,,0,101,,2522,31,,,0,99,,2530,28,,,0,104,,2526,31,,,0,95,,2528,28,,,0,101,,2529,31,,,0
701,'5128',1501,,2531,28,,,0,116,,2532,31,,,0
7300,'4795',737,,1828,4,,,0
7301,'4795',1524,,1829,18,,,0
7701,'4783',1556,,1834,32,4,,0
7701,'5125',1556,,2716,32,4,,0
7900,'4783',742,,1837,4,0,6,0,16,,1837,25,0,6,0
7900,'5125',742,,2718,4,0,6,0,16,,2718,25,0,6,0
