1700,'4528',712,,6418,25,,,0
1700,'5425',903,,6426,25,,,0,100,,6427,25,,,0,198,,6429,24,,,0
1700,'5426',646,,6410,25,,,0,166,,6416,25,,,0,89,,6422,25,,,0,99,,6409,25,,,0,100,,6413,25,,,0,100,,6408,25,,,0,727,,6423,25,,,0
1700,'5427',646,,7900,25,,,0,166,,7906,25,,,0,89,,7911,25,,,0,99,,7899,25,,,0,100,,7903,25,,,0,100,,7898,25,,,0,727,,7912,25,,,0
1700,'5428',755,,7915,25,,,0,103,,7916,25,,,0,90,,7917,25,,,0,171,,7918,25,,,0
1700,'5429',903,,7929,25,,,0,100,,7930,25,,,0,198,,7932,24,,,0
1701,'5425',1558,,6471,37,0,13 14,0,200,,6473,37,0,15 1 16,0,100,,6475,37,0,13 14,0,170,,6476,37,0,13 14,0
1701,'5426',1229,,6452,37,0,15 1 16,0,102,,6455,37,0,15 1 16,0,111,,6457,37,0,15 1 16,0,93,,6460,37,0,15 1 16,0,108,,6465,37,0,15 1 16,0,98,,6461,37,0,15 1 16,0,104,,6464,37,0,15 1 16,0,159,,6462,37,0,13 14,0,98,,6456,37,0,13 14,0,115,,6453,37,0,13 14,0,114,,6466,37,0,13 14,0
1701,'5427',1229,,7941,37,0,15 1 16,0,102,,7944,37,0,15 1 16,0,111,,7946,37,0,15 1 16,0,93,,7948,37,0,15 1 16,0,108,,7953,37,0,15 1 16,0,98,,7949,37,0,15 1 16,0,104,,7952,37,0,15 1 16,0,159,,7950,37,0,13 14,0,98,,7945,37,0,13 14,0,115,,7942,37,0,13 14,0,114,,7954,37,0,13 14,0
1701,'5428',1228,,7960,37,0,15 1 16,0,100,,7961,37,0,15 1 16,0,130,,7958,37,0,15 1 16,0,170,,7962,37,0,15 1 16,0,105,,7963,37,0,15 1 16,0,99,,7965,37,0,13 14,0,105,,7966,37,0,13 14,0,105,,7967,37,0,13 14,0,110,,7964,37,0,13 14,0,159,,7968,37,0,13 14,0
1701,'5429',1558,,7973,37,0,13 14,0,200,,7975,37,0,15 1 16,0,100,,7977,37,0,13 14,0,170,,7978,37,0,13 14,0
