901,'4327',704,,3967,6,,,0,30,,3970,6,,,0,70,,3968,6,,,0,30,,3969,6,,,0,70,,3974,6,,,0,30,,3971,6,,,0,70,,3973,6,,,0,30,,3972,6,,,0,70,,3977,6,,,0,30,,3975,6,,,0,70,,3976,6,,,0,30,,3981,6,,,0,70,,3979,6,,,0,30,,3982,6,,,0,70,,3978,6,,,0,30,,3980,6,,,0,71,,3994,6,,,0,30,,3984,6,,,0,70,,3985,6,,,0,29,,3983,6,,,0,70,,3986,6,,,0,30,,3987,6,,,0,70,,3999,6,,,0,30,,3991,6,,,0,70,,3988,6,,,0,30,,3990,6,,,0,70,,3989,6,,,0,30,,3992,6,,,0,70,,3998,6,,,0,30,,3993,6,,,0,70,,3995,6,,,0,30,,3996,6,,,0,70,,3997,6,,,0,30,,4000,6,,,0
901,'4795',604,,1286,6,,,0,30,,1287,6,,,0,71,,1288,6,,,0,15,,1289,6,,,0,15,,1290,6,,,0,15,,1291,6,,,0,55,,1292,6,,,0,15,,1293,6,,,0,7,,1294,6,,,0,10,,1295,6,,,0,13,,1296,6,,,0,55,,1297,6,,,0,15,,1298,6,,,0,15,,1299,6,,,0,15,,1300,6,,,0,55,,1301,6,,,0,15,,1302,6,,,0,15,,1303,6,,,0,15,,1304,6,,,0,56,,1305,6,,,0,15,,1306,6,,,0,15,,1307,6,,,0,15,,1308,6,,,0,55,,1309,6,,,0,15,,1310,6,,,0,14,,2571,6,,,0,16,,1312,6,,,0,55,,1313,6,,,0,15,,1314,6,,,0,15,,1315,6,,,0,15,,2572,6,,,0,54,,1317,6,,,0,16,,1318,6,,,0,14,,1319,6,,,0,15,,1320,6,,,0,56,,1321,6,,,0,7,,1322,6,,,0,8,,1323,6,,,0,15,,1324,6,,,0,14,,1325,6,,,0,55,,1326,6,,,0,16,,1327,6,,,0,15,,2573,6,,,0,15,,1329,6,,,0,8,,1330,6,,,0,47,,1331,6,,,0,14,,1332,6,,,0,15,,1333,6,,,0,15,,1334,6,,,0,55,,2574,6,,,0,15,,1336,6,,,0,15,,1337,6,,,0,15,,1338,6,,,0,54,,1339,6,,,0,15,,1340,6,,,0,16,,1341,6,,,0,14,,1342,6,,,0,55,,1343,6,,,0,20,,1344,6,,,0,20,,1345,6,,,0,74,,1346,6,,,0,30,,1347,6,,,0,67,,1348,6,,,0,33,,2115,6,,,0,67,,1350,6,,,0,33,,2116,6,,,0,68,,1352,6,,,0,30,,2117,6,,,0
901,'4800',604,,1392,6,,,0,30,,1393,6,,,0,70,,1380,6,,,0,30,,1376,6,,,0,70,,1354,6,,,0,30,,1358,6,,,0,71,,1356,6,,,0,30,,1355,6,,,0,70,,1357,6,,,0,30,,1359,6,,,0,15,,1386,6,,,0,55,,1360,6,,,0,15,,1384,6,,,0,15,,1362,6,,,0,70,,1363,6,,,0,30,,1364,6,,,0,70,,1361,6,,,0,30,,1365,6,,,0,70,,1366,6,,,0,15,,1391,6,,,0,15,,1368,6,,,0,15,,1388,6,,,0,55,,1370,6,,,0,15,,1390,6,,,0,15,,1372,6,,,0,15,,1385,6,,,0,55,,1373,6,,,0,15,,1387,6,,,0,15,,1369,6,,,0,15,,1389,6,,,0,55,,1367,6,,,0,30,,1371,6,,,0,75,,1374,6,,,0,40,,1382,6,,,0,70,,1377,6,,,0,100,,1378,6,,,0,100,,1379,6,,,0,100,,1375,6,,,0,105,,1381,6,,,0,104,,1383,6,,,0,105,,1394,6,,,0
901,'5102',604,,4001,6,,,0,30,,4002,6,,,0,71,,4003,6,,,0,15,,4004,6,,,0,15,,4005,6,,,0,15,,4006,6,,,0,55,,4007,6,,,0,15,,4008,6,,,0,7,,4009,6,,,0,10,,4010,6,,,0,13,,4011,6,,,0,55,,4012,6,,,0,15,,4013,6,,,0,15,,4014,6,,,0,15,,4015,6,,,0,55,,4016,6,,,0,15,,4017,6,,,0,15,,4018,6,,,0,15,,4019,6,,,0,56,,4020,6,,,0,15,,4021,6,,,0,15,,4022,6,,,0,15,,4023,6,,,0,55,,4024,6,,,0,15,,4025,6,,,0,14,,4026,6,,,0,16,,4027,6,,,0,55,,4028,6,,,0,15,,4029,6,,,0,15,,4030,6,,,0,15,,4031,6,,,0,54,,4032,6,,,0,16,,4033,6,,,0,14,,4034,6,,,0,15,,4035,6,,,0,56,,4036,6,,,0,7,,4037,6,,,0,8,,4038,6,,,0,15,,4039,6,,,0,14,,4040,6,,,0,55,,4041,6,,,0,16,,4042,6,,,0,15,,4043,6,,,0,15,,4044,6,,,0,55,,4045,6,,,0,14,,4046,6,,,0,15,,4047,6,,,0,15,,4048,6,,,0,55,,4049,6,,,0,15,,4050,6,,,0,15,,4051,6,,,0,15,,4052,6,,,0,54,,4053,6,,,0,15,,4054,6,,,0,16,,4055,6,,,0,14,,4056,6,,,0,55,,4057,6,,,0,20,,4058,6,,,0,20,,4059,6,,,0,74,,4060,6,,,0,30,,4061,6,,,0,66,,4062,6,,,0,33,,4063,6,,,0,67,,4064,6,,,0,33,,4065,6,,,0,67,,4066,6,,,0,30,,4067,6,,,0
901,'5105',604,,4106,6,,,0,30,,4107,6,,,0,70,,4094,6,,,0,30,,4090,6,,,0,70,,4068,6,,,0,30,,4072,6,,,0,71,,4070,6,,,0,30,,4069,6,,,0,70,,4071,6,,,0,30,,4073,6,,,0,15,,4100,6,,,0,55,,4074,6,,,0,15,,4098,6,,,0,15,,4076,6,,,0,70,,4077,6,,,0,30,,4078,6,,,0,70,,4075,6,,,0,30,,4079,6,,,0,70,,4080,6,,,0,15,,4105,6,,,0,15,,4082,6,,,0,15,,4102,6,,,0,55,,4084,6,,,0,15,,4104,6,,,0,15,,4086,6,,,0,15,,4099,6,,,0,55,,4087,6,,,0,15,,4101,6,,,0,15,,4083,6,,,0,15,,4103,6,,,0,55,,4081,6,,,0,30,,4085,6,,,0,75,,4088,6,,,0,40,,4096,6,,,0,70,,4091,6,,,0,100,,4092,6,,,0,100,,4093,6,,,0,100,,4089,6,,,0,105,,4095,6,,,0,104,,4097,6,,,0,105,,4108,6,,,0
1600,'4795',707,,1591,29,,,0
1600,'5102',707,,4297,29,,,0
7001,'4795',1513,,1825,4,,,0
7001,'5102',1513,,4531,4,,,0
7301,'4795',1513,,1829,4,,,0
7301,'5102',1513,,4535,4,,,0
7701,'4795',1529,,2716,4,,,0
7701,'5102',1529,,4540,4,,,0
