7001,'4795',1533,,1825,23,,,0
7001,'5102',1533,,4531,23,,,0
7100,'4795',735,,1826,10,,,0
7100,'5102',735,,4532,10,,,0
7200,'4795',742,,2712,10,,,0
7200,'5102',742,,4533,10,,,0
7401,'5095',1542,,2714,20,,,0
7401,'5097',1442,,2713,20,,,0
7401,'5103',1542,,4536,20,,,0
7401,'5104',1442,,4537,20,,,0
7701,'4795',1548,,2716,23,,,0
7701,'5102',1548,,4540,23,,,0
7900,'4795',753,,2718,18,0,6,0
7900,'5102',753,,4543,18,0,6,0
7901,'5095',1517,,2720,18,0,6,0
7901,'5097',1517,,2719,18,0,6,0
7901,'5103',1517,,4544,18,0,6,0
7901,'5104',1517,,4545,18,0,6,0
