1800,'5425',743,,6511,7,,,0,101,,6509,7,,,0,101,,6508,7,,,0,101,,6510,7,,,0,101,,6514,7,,,0,103,,6515,7,,,0,91,,6513,7,,,0,101,,6519,7,,,0,105,,6520,7,,,0,105,,6512,7,,,0,101,,6517,7,,,0,101,,6516,7,,,0,101,,6518,7,,,0
1800,'5426',541,,6491,7,,,0,101,,6492,7,,,0,102,,6493,7,,,0,102,,6494,7,,,0,100,,6495,7,,,0,101,,6496,7,,,0,101,,6497,7,,,0,103,,6498,7,,,0,90,,6499,7,,,0,102,,6500,7,,,0,105,,6501,7,,,0,105,,6502,7,,,0,101,,6503,7,,,0,100,,6504,7,,,0,101,,6505,7,,,0,101,,6506,7,,,0,101,,6507,7,,,0
1800,'5427',541,,7979,7,,,0,101,,7980,7,,,0,102,,7981,7,,,0,102,,7982,7,,,0,100,,7983,7,,,0,101,,7984,7,,,0,101,,7985,7,,,0,103,,7986,7,,,0,90,,7987,7,,,0,102,,7988,7,,,0,105,,7989,7,,,0,105,,7990,7,,,0,101,,7991,7,,,0,100,,7992,7,,,0,101,,7993,7,,,0,101,,7994,7,,,0,101,,7995,7,,,0
1800,'5428',744,,7996,7,,,0,101,,7997,7,,,0,101,,7998,7,,,0,101,,7999,7,,,0,101,,8000,7,,,0,103,,8001,7,,,0,91,,8002,7,,,0,101,,8003,7,,,0,105,,8004,7,,,0,105,,8005,7,,,0,100,,8006,7,,,0,101,,8007,7,,,0,101,,8008,7,,,0,101,,8009,7,,,0,101,,8010,7,,,0
1800,'5429',743,,8014,7,,,0,101,,8012,7,,,0,101,,8011,7,,,0,101,,8013,7,,,0,101,,8017,7,,,0,103,,8018,7,,,0,91,,8016,7,,,0,101,,8022,7,,,0,105,,8023,7,,,0,105,,8015,7,,,0,101,,8020,7,,,0,101,,8019,7,,,0,101,,8021,7,,,0
1801,'5425',813,,6559,13,,,0,101,,6563,13,,,0,101,,6558,13,,,0,101,,6565,13,,,0,101,,6557,13,,,0,103,,6564,13,,,0,92,,6554,13,,,0,98,,6556,13,,,0,105,,6560,13,,,0,105,,6562,13,,,0,101,,6553,13,,,0,100,,6561,13,,,0,101,,6555,13,,,0
1801,'5426',610,,6536,13,,,0,101,,6537,13,,,0,103,,6538,13,,,0,102,,6539,13,,,0,100,,6540,13,,,0,101,,6541,13,,,0,101,,6542,13,,,0,104,,6543,13,,,0,90,,6544,13,,,0,103,,6545,13,,,0,106,,6546,13,,,0,104,,6547,13,,,0,98,,6548,13,,,0,99,,6549,13,,,0,101,,6550,13,,,0,101,,6551,13,,,0,101,,6552,13,,,0
1801,'5427',611,,8024,13,,,0,101,,8025,13,,,0,103,,8026,13,,,0,102,,8027,13,,,0,100,,8028,13,,,0,101,,8029,13,,,0,101,,8030,13,,,0,103,,8031,13,,,0,90,,8032,13,,,0,103,,8033,13,,,0,106,,8034,13,,,0,105,,8035,13,,,0,98,,8036,13,,,0,99,,8037,13,,,0,101,,8038,13,,,0,101,,8039,13,,,0,101,,8040,13,,,0
1801,'5428',815,,8041,13,,,0,101,,8042,13,,,0,100,,8043,13,,,0,101,,8044,13,,,0,101,,8045,13,,,0,103,,8046,13,,,0,91,,8047,13,,,0,102,,8048,13,,,0,106,,8049,13,,,0,105,,8050,13,,,0,98,,8051,13,,,0,100,,8052,13,,,0,101,,8053,13,,,0,100,,8054,13,,,0,101,,8055,13,,,0
1801,'5429',813,,8062,13,,,0,101,,8066,13,,,0,101,,8061,13,,,0,101,,8068,13,,,0,101,,8060,13,,,0,103,,8067,13,,,0,92,,8057,13,,,0,99,,8059,13,,,0,105,,8063,13,,,0,105,,8065,13,,,0,101,,8056,13,,,0,100,,8064,13,,,0,101,,8058,13,,,0
