601,'4528',907,,5607,2,,,0,120,,5608,2,,,0,75,,5610,2,,,0,536,,5617,2,,,0,77,,5620,2,,,0,96,,5619,2,,,0
601,'4532',1301,,5638,2,,,0,200,,5642,2,,,0
601,'5221',1636,,5631,2,,,0
601,'5425',806,,5623,2,,,0,120,,5624,2,,,0,95,,5627,2,,,0,110,,5626,2,,,0,100,,5625,2,,,0,100,,5630,2,,,0,100,,5628,2,,,0,100,,5629,2,,,0,200,,5632,2,,,0,105,,5634,2,,,0,100,,5633,2,,,0
601,'5426',702,,5605,2,,,0,100,,5606,2,,,0,200,,5609,2,,,0,220,,5611,2,,,0,80,,5612,2,,,0,100,,5613,2,,,0,100,,5614,2,,,0,40,,5615,2,,,0,80,,5616,2,,,0,120,,5618,2,,,0,169,,5621,2,,,0,236,,5622,2,,,0
601,'5427',702,,7262,2,,,0,100,,7263,2,,,0,200,,7264,2,,,0,220,,7265,2,,,0,80,,7266,2,,,0,100,,7267,2,,,0,100,,7268,2,,,0,40,,7269,2,,,0,80,,7270,2,,,0,120,,7271,2,,,0,169,,7272,2,,,0,236,,7273,2,,,0
601,'5428',801,,7275,2,,,0,105,,7276,2,,,0,95,,7277,2,,,0,100,,7278,2,,,0,100,,7274,2,,,0,200,,7279,2,,,0,130,,7281,2,,,0,70,,7283,2,,,0,30,,7287,2,,,0,70,,7284,2,,,0,30,,7286,2,,,0,70,,7282,2,,,0,146,,7280,2,,,0,164,,7285,2,,,0
601,'5429',806,,7288,2,,,0,120,,7289,2,,,0,95,,7292,2,,,0,110,,7291,2,,,0,100,,7290,2,,,0,100,,7295,2,,,0,100,,7293,2,,,0,100,,7294,2,,,0,200,,7296,2,,,0,105,,7298,2,,,0,100,,7297,2,,,0
901,'4528',702,,6037,2,,,0,115,,6042,2,,,0,115,,6047,2,,,0,115,,6052,2,,,0,370,,6066,2,,,0
901,'4532',632,,6173,2,,,0,100,,6156,2,,,0,200,,6135,2,,,0,115,,6166,2,,,0,155,,6143,2,,,0,130,,6145,2,,,0,70,,6146,2,,,0,15,,6171,2,,,0,30,,6168,2,,,0,70,,6170,2,,,0,30,,6165,2,,,0,55,,6153,2,,,0,100,,6147,2,,,0
901,'5221',902,,6107,2,,,0
901,'5425',702,,6100,2,,,0,30,,6103,2,,,0,70,,6101,2,,,0,30,,6102,2,,,0,100,,6104,2,,,0,70,,6106,2,,,0,30,,6105,2,,,0,70,,6110,2,,,0,30,,6108,2,,,0,70,,6109,2,,,0,30,,6114,2,,,0,70,,6112,2,,,0,30,,6115,2,,,0,70,,6111,2,,,0,30,,6113,2,,,0,70,,6127,2,,,0,30,,6117,2,,,0,70,,6118,2,,,0,30,,6116,2,,,0,70,,6119,2,,,0,30,,6120,2,,,0,70,,6132,2,,,0,30,,6124,2,,,0,70,,6121,2,,,0,30,,6123,2,,,0,70,,6122,2,,,0,30,,6125,2,,,0,70,,6131,2,,,0,30,,6126,2,,,0,70,,6128,2,,,0,30,,6129,2,,,0,70,,6130,2,,,0,30,,6133,2,,,0
901,'5426',602,,6035,2,,,0,30,,6036,2,,,0,85,,6038,2,,,0,15,,6039,2,,,0,15,,6040,2,,,0,55,,6041,2,,,0,32,,6043,2,,,0,13,,6044,2,,,0,55,,6045,2,,,0,15,,6046,2,,,0,30,,6048,2,,,0,55,,6049,2,,,0,15,,6050,2,,,0,15,,6051,2,,,0,70,,6053,2,,,0,15,,6054,2,,,0,15,,6055,2,,,0,15,,6056,2,,,0,55,,6057,2,,,0,15,,6058,2,,,0,14,,6059,2,,,0,16,,6060,2,,,0,55,,6061,2,,,0,15,,6062,2,,,0,15,,6063,2,,,0,15,,6064,2,,,0,54,,6065,2,,,0,30,,6067,2,,,0,15,,6068,2,,,0,56,,6069,2,,,0,15,,6070,2,,,0,15,,6071,2,,,0,14,,6072,2,,,0,55,,6073,2,,,0,16,,6074,2,,,0,15,,6075,2,,,0,15,,6076,2,,,0,55,,6077,2,,,0,15,,6078,2,,,0,15,,6079,2,,,0,15,,6080,2,,,0,55,,6081,2,,,0,15,,6082,2,,,0,15,,6083,2,,,0,15,,6084,2,,,0,54,,6085,2,,,0,15,,6086,2,,,0,16,,6087,2,,,0,15,,6088,2,,,0,55,,6089,2,,,0,20,,6090,2,,,0,20,,6091,2,,,0,74,,6092,2,,,0,30,,6093,2,,,0,66,,6094,2,,,0,33,,6095,2,,,0,67,,6096,2,,,0,33,,6097,2,,,0,67,,6098,2,,,0,30,,6099,2,,,0
901,'5427',602,,7664,2,,,0,30,,7665,2,,,0,85,,7666,2,,,0,15,,7667,2,,,0,15,,7668,2,,,0,55,,7669,2,,,0,32,,7670,2,,,0,13,,7671,2,,,0,55,,7672,2,,,0,15,,7673,2,,,0,30,,7674,2,,,0,55,,7675,2,,,0,15,,7676,2,,,0,15,,7677,2,,,0,70,,7678,2,,,0,15,,7679,2,,,0,15,,7680,2,,,0,15,,7681,2,,,0,55,,7682,2,,,0,15,,7683,2,,,0,14,,7684,2,,,0,16,,7685,2,,,0,55,,7686,2,,,0,15,,7687,2,,,0,15,,7688,2,,,0,15,,7689,2,,,0,54,,7690,2,,,0,30,,7691,2,,,0,15,,7692,2,,,0,56,,7693,2,,,0,15,,7694,2,,,0,15,,7695,2,,,0,14,,7696,2,,,0,55,,7697,2,,,0,16,,7698,2,,,0,15,,7699,2,,,0,15,,7700,2,,,0,55,,7701,2,,,0,15,,7702,2,,,0,15,,7703,2,,,0,15,,7704,2,,,0,55,,7705,2,,,0,15,,7706,2,,,0,15,,7707,2,,,0,15,,7708,2,,,0,54,,7709,2,,,0,15,,7710,2,,,0,16,,7711,2,,,0,15,,7712,2,,,0,55,,7713,2,,,0,20,,7714,2,,,0,20,,7715,2,,,0,74,,7716,2,,,0,30,,7717,2,,,0,66,,7718,2,,,0,33,,7719,2,,,0,67,,7720,2,,,0,33,,7721,2,,,0,67,,7722,2,,,0,30,,7723,2,,,0
901,'5428',602,,7750,2,,,0,100,,7743,2,,,0,100,,7724,2,,,0,30,,7727,2,,,0,70,,7725,2,,,0,100,,7726,2,,,0,30,,7728,2,,,0,70,,7729,2,,,0,15,,7747,2,,,0,15,,7731,2,,,0,100,,7732,2,,,0,70,,7730,2,,,0,130,,7733,2,,,0,70,,7735,2,,,0,30,,7737,2,,,0,85,,7748,2,,,0,15,,7734,2,,,0,15,,7749,2,,,0,85,,7736,2,,,0,75,,7738,2,,,0,40,,7745,2,,,0,70,,7740,2,,,0,100,,7741,2,,,0,100,,7742,2,,,0,100,,7739,2,,,0,105,,7744,2,,,0,105,,7746,2,,,0,105,,7751,2,,,0
901,'5429',702,,7752,2,,,0,30,,7755,2,,,0,70,,7753,2,,,0,30,,7754,2,,,0,100,,7756,2,,,0,70,,7758,2,,,0,30,,7757,2,,,0,70,,7761,2,,,0,30,,7759,2,,,0,70,,7760,2,,,0,30,,7765,2,,,0,70,,7763,2,,,0,30,,7766,2,,,0,70,,7762,2,,,0,30,,7764,2,,,0,70,,7778,2,,,0,30,,7768,2,,,0,70,,7769,2,,,0,30,,7767,2,,,0,70,,7770,2,,,0,30,,7771,2,,,0,70,,7783,2,,,0,30,,7775,2,,,0,70,,7772,2,,,0,30,,7774,2,,,0,70,,7773,2,,,0,30,,7776,2,,,0,70,,7782,2,,,0,30,,7777,2,,,0,70,,7779,2,,,0,30,,7780,2,,,0,70,,7781,2,,,0,30,,7784,2,,,0
