1400,'4327',910,,4215,12,,,0,200,,4214,12,,,0,130,,4219,12,,,0,95,,4216,12,,,0,100,,4217,12,,,0,170,,4218,12,,,0,225,,4220,12,,,0
1400,'4795',618,,1523,12,,,0,31,,1522,12,,,0,87,,1515,12,,,0,67,,1517,12,0,7 8 2 9 2 10,0,43,,1520,12,,,0,91,,1518,12,,,0,114,,1516,12,,,0,185,,1524,12,,,0,217,,1519,12,0,9,0,155,,1525,12,,,0,39,,1526,12,,,0,75,,1527,12,,,0,79,,1528,12,,,0,105,,1521,12,,,0,114,,1529,12,,,0,30,,1530,12,,,0
1400,'4800',805,,1531,12,,,0,135,,2625,12,,,0,95,,1540,12,,,0,101,,1537,12,,,0,100,,1533,12,,,0,100,,1539,12,,,0,105,,1535,12,,,0,212,,1536,12,,,0,247,,1532,12,,,0,100,,1538,12,,,0
1400,'5102',618,,4229,12,,,0,31,,4228,12,,,0,87,,4221,12,,,0,67,,4223,12,0,7 8 2 9 2 10,0,43,,4226,12,,,0,91,,4224,12,,,0,114,,4222,12,,,0,185,,4230,12,,,0,217,,4225,12,0,9,0,155,,4231,12,,,0,39,,4232,12,,,0,75,,4233,12,,,0,79,,4234,12,,,0,105,,4227,12,,,0,114,,4235,12,,,0,30,,4236,12,,,0
1400,'5105',805,,4237,12,,,0,135,,4240,12,,,0,95,,4246,12,,,0,101,,4243,12,,,0,100,,4239,12,,,0,100,,4245,12,,,0,105,,4241,12,,,0,212,,4242,12,,,0,247,,4238,12,,,0,100,,4244,12,,,0
8001,'5095',1508,,1840,27,,,0
8001,'5097',1508,,1841,27,,,0
8001,'5103',1508,,4546,27,,,0
8001,'5104',1508,,4547,27,,,0
8100,'4795',752,,1842,21,,,0
8100,'5102',752,,4548,21,,,0
8101,'5095',1545,,1843,48,,,0
8101,'5097',1434,,1844,48,,,0
8101,'5103',1545,,4549,48,,,0
8101,'5104',1434,,4550,48,,,0
