500,'5425',924,,5513,22,4,,0,120,,5512,22,4,,0,160,,5511,22,4,,0,122,,5514,22,4,,0,97,,5515,22,4,,0,127,,5516,22,4,,0,166,,5517,22,4,,0,120,,5518,22,4,,0
500,'5426',720,,5485,22,4,,0,32,,5487,19,4,,0,74,,5488,22,4,,0,33,,5486,19,4,,0,73,,5494,22,4,,0,73,,5495,19,4,,0,33,,5496,19,4,,0,73,,5489,22,4,,0,33,,5490,19,4,,0,73,,5497,22,4,,0,36,,5492,19,4,,0,75,,5493,22,4,,0,77,,5491,19,4,,0,35,,5498,22,4,,0,77,,5508,19,4,,0,36,,5501,22,4,,0,76,,5503,22,4,,0,77,,5509,19,4,,0,34,,5504,22,4,,0,76,,5505,19,4,,0,31,,5502,22,4,,0,76,,5506,19,4,,0,84,,5507,19,4,,0,100,,5499,19,4,,0,99,,5500,19,4,,0,115,,5510,22,4,,0
500,'5427',720,,7142,22,4,,0,32,,7144,19,4,,0,74,,7145,22,4,,0,33,,7143,19,4,,0,73,,7151,22,4,,0,73,,7152,19,4,,0,33,,7153,19,4,,0,73,,7146,22,4,,0,33,,7147,19,4,,0,73,,7154,22,4,,0,36,,7149,19,4,,0,75,,7150,22,4,,0,77,,7148,19,4,,0,35,,7155,22,4,,0,77,,7165,19,4,,0,36,,7158,22,4,,0,76,,7160,22,4,,0,77,,7166,19,4,,0,34,,7161,22,4,,0,76,,7162,19,4,,0,31,,7159,22,4,,0,76,,7163,19,4,,0,84,,7164,19,4,,0,100,,7156,19,4,,0,99,,7157,19,4,,0,115,,7167,22,4,,0
500,'5428',809,,7169,19,4,,0,30,,7170,22,4,,0,70,,7171,22,4,,0,30,,7192,19,4,,0,71,,7168,22,4,,0,29,,7173,19,4,,0,71,,7174,22,4,,0,29,,7172,19,4,,0,72,,7177,22,4,,0,29,,7178,19,4,,0,72,,7176,22,4,,0,30,,7175,19,4,,0,71,,7179,22,4,,0,29,,7180,19,4,,0,71,,7181,22,4,,0,30,,7184,19,4,,0,71,,7185,22,4,,0,28,,7182,19,4,,0,70,,7183,22,4,,0,29,,7186,19,4,,0,71,,7187,22,4,,0,29,,7190,19,4,,0,160,,7191,22,4,,0,54,,7188,19,4,,0,103,,7189,22,4,,0,99,,7193,22,4,,0
500,'5429',924,,7196,22,4,,0,120,,7195,22,4,,0,160,,7194,22,4,,0,122,,7197,22,4,,0,97,,7198,22,4,,0,127,,7199,22,4,,0,166,,7200,22,4,,0,120,,7201,22,4,,0
501,'5425',900,,5573,1,,,0,119,,5574,1,,,0,120,,5571,1,,,0,162,,5572,1,,,0,55,,5576,1,,,0,167,,5575,1,,,0,127,,5577,1,,,0,161,,5578,1,,,0
501,'5426',655,,5545,1,,,0,70,,5548,1,,,0,33,,5547,1,,,0,73,,5546,1,,,0,73,,5554,1,,,0,33,,5556,1,,,0,73,,5555,1,,,0,33,,5550,1,,,0,73,,5549,1,,,0,33,,5557,1,,,0,73,,5552,1,,,0,36,,5553,1,,,0,76,,5551,1,,,0,76,,5570,1,,,0,36,,5568,1,,,0,76,,5565,1,,,0,36,,5559,1,,,0,76,,5560,1,,,0,77,,5561,1,,,0,35,,5563,1,,,0,75,,5566,1,,,0,35,,5564,1,,,0,85,,5562,1,,,0,100,,5558,1,,,0,100,,5567,1,,,0,116,,5569,1,,,0
501,'5427',655,,7202,1,,,0,70,,7205,1,,,0,33,,7204,1,,,0,73,,7203,1,,,0,73,,7211,1,,,0,33,,7213,1,,,0,73,,7212,1,,,0,33,,7207,1,,,0,73,,7206,1,,,0,33,,7214,1,,,0,73,,7209,1,,,0,36,,7210,1,,,0,76,,7208,1,,,0,76,,7227,1,,,0,36,,7225,1,,,0,76,,7222,1,,,0,36,,7216,1,,,0,76,,7217,1,,,0,77,,7218,1,,,0,35,,7220,1,,,0,75,,7223,1,,,0,35,,7221,1,,,0,85,,7219,1,,,0,100,,7215,1,,,0,100,,7224,1,,,0,116,,7226,1,,,0
501,'5428',745,,7242,1,,,0,70,,7230,1,,,0,30,,7228,1,,,0,70,,7244,1,,,0,30,,7231,1,,,0,70,,7245,1,,,0,30,,7229,1,,,0,70,,7243,1,,,0,30,,7232,1,,,0,70,,7246,1,,,0,30,,7233,1,,,0,71,,7241,1,,,0,30,,7235,1,,,0,70,,7247,1,,,0,30,,7234,1,,,0,71,,7252,1,,,0,30,,7238,1,,,0,69,,7248,1,,,0,30,,7237,1,,,0,70,,7251,1,,,0,30,,7236,1,,,0,70,,7249,1,,,0,119,,7239,1,,,0,95,,7250,1,,,0,103,,7240,1,,,0,100,,7253,1,,,0
501,'5429',900,,7256,1,,,0,119,,7257,1,,,0,120,,7254,1,,,0,162,,7255,1,,,0,55,,7259,1,,,0,167,,7258,1,,,0,127,,7260,1,,,0,161,,7261,1,,,0
