100,104227,1,0
100,104234,2,0
100,104235,3,0
100,104236,4,0
100,104237,5,0
100,104238,6,0
100,104239,7,0
100,104240,8,0
100,104241,9,0
100,104242,10,0
100,104243,11,0
100,104244,12,0
100,104245,13,0
100,104246,14,0
100,104247,15,0
100,104248,16,0
100,104249,17,0
100,104250,18,0
100,104251,19,0
100,104252,20,0
100,104253,21,0
100,104254,22,0
100,104255,23,0
100,104256,24,0
100,104257,25,0
100,104258,26,0
100,104259,27,0
100,104260,28,0
100,104261,29,0
100,104262,30,0
100,104263,31,0
100,104264,32,0
100,104200,33,1
101,104200,1,0
101,104201,2,0
101,104202,3,0
101,104203,4,0
101,104204,5,0
101,104205,6,0
101,104206,7,0
101,104207,8,0
101,104208,9,0
101,104209,10,0
101,104210,11,0
101,104211,12,0
101,104212,13,0
101,104213,14,0
101,104214,15,0
101,104215,16,0
101,104216,17,0
101,104217,18,0
101,104218,19,0
101,104219,20,0
101,104220,21,0
101,104221,22,0
101,104222,23,0
101,104223,24,0
101,104224,25,0
101,104228,26,0
101,104229,27,0
101,104230,28,0
101,104231,29,0
101,104232,30,0
101,104233,31,0
101,104225,32,0
101,104226,33,0
101,104227,34,1
200,104291,1,0
200,104292,2,0
200,104293,3,0
200,104294,4,0
200,104295,5,0
200,104296,6,0
200,104297,7,0
200,104298,8,0
200,104299,9,0
200,104300,10,0
200,104301,11,0
200,104302,12,0
200,104303,13,0
200,104304,14,0
200,104305,15,0
200,104306,16,0
200,104307,17,0
200,104308,18,0
200,104309,19,0
200,104310,20,0
200,104311,21,0
200,104312,22,0
200,104313,23,0
200,104314,24,0
200,104315,25,0
200,104316,26,0
200,104317,27,0
200,104255,28,0
200,104256,29,0
200,104257,30,0
200,104258,31,0
200,104259,32,0
200,104260,33,0
200,104261,34,0
200,104262,35,0
200,104263,36,0
200,104264,37,0
200,104265,38,0
200,104248,39,0
200,104249,40,0
200,104250,41,0
200,104251,42,1
201,104265,1,0
201,104201,2,0
201,104202,3,0
201,104203,4,0
201,104204,5,0
201,104205,6,0
201,104206,7,0
201,104207,8,0
201,104266,9,0
201,104267,10,0
201,104268,11,0
201,104269,12,0
201,104270,13,0
201,104271,14,0
201,104272,15,0
201,104273,16,0
201,104274,17,0
201,104275,18,0
201,104276,19,0
201,104277,20,0
201,104278,21,0
201,104279,22,0
201,104280,23,0
201,104281,24,0
201,104282,25,0
201,104283,26,0
201,104284,27,0
201,104285,28,0
201,104286,29,0
201,104287,30,0
201,104289,31,0
201,104290,32,0
201,104291,33,1
300,104353,1,0
300,104354,2,0
300,104355,3,0
300,104356,4,0
300,104357,5,0
300,104358,6,0
300,104359,7,0
300,104360,8,0
300,104361,9,0
300,104362,10,0
300,104363,11,0
300,104364,12,0
300,104365,13,0
300,104366,14,0
300,104367,15,0
300,104368,16,0
300,104369,17,0
300,104370,18,0
300,104371,19,0
300,104372,20,0
300,104373,21,0
300,104374,22,0
300,104375,23,0
300,104376,24,0
300,104377,25,0
300,104378,26,0
300,104379,27,0
300,104380,28,0
300,104381,29,0
300,104382,30,0
300,104383,31,0
300,104384,32,0
300,104385,33,0
300,104386,34,0
300,104387,35,0
300,104388,36,0
300,104260,37,0
300,104261,38,0
300,104262,39,0
300,104263,40,0
300,104264,41,0
300,104318,42,1
301,104318,1,0
301,104201,2,0
301,104202,3,0
301,104203,4,0
301,104319,5,0
301,104320,6,0
301,104321,7,0
301,104322,8,0
301,104323,9,0
301,104324,10,0
301,104325,11,0
301,104251,12,0
301,104327,13,0
301,104328,14,0
301,104329,15,0
301,104330,16,0
301,104331,17,0
301,104332,18,0
301,104333,19,0
301,104334,20,0
301,104335,21,0
301,104336,22,0
301,104337,23,0
301,104338,24,0
301,104339,25,0
301,104340,26,0
301,104341,27,0
301,104342,28,0
301,104343,29,0
301,104344,30,0
301,104345,31,0
301,104346,32,0
301,104347,33,0
301,104348,34,0
301,104349,35,0
301,104350,36,0
301,104351,37,0
301,104352,38,0
301,104353,39,1
400,104417,1,0
400,104418,2,0
400,104419,3,0
400,104420,4,0
400,104421,5,0
400,104422,6,0
400,104423,7,0
400,104424,8,0
400,104425,9,0
400,104426,10,0
400,104427,11,0
400,104428,12,0
400,104429,13,0
400,104430,14,0
400,104431,15,0
400,104432,16,0
400,104433,17,0
400,104434,18,0
400,104435,19,0
400,104436,20,0
400,104437,21,0
400,104438,22,0
400,104439,23,0
400,104440,24,0
400,104441,25,0
400,104442,26,0
400,104443,27,0
400,104444,28,0
400,104445,29,0
400,104446,30,0
400,104447,31,0
400,104448,32,0
400,104449,33,0
400,104559,34,0
400,104569,35,0
400,104570,36,0
400,104571,37,0
400,104572,38,0
400,104573,39,0
400,104574,40,0
400,104575,41,0
400,104576,42,0
400,104450,43,0
400,104451,44,0
400,104452,45,0
400,104263,46,0
400,104264,47,0
400,104389,48,1
401,104389,1,0
401,104390,2,0
401,104391,3,0
401,104392,4,0
401,104393,5,0
401,104450,6,0
401,104560,7,0
401,104561,8,0
401,104562,9,0
401,104563,10,0
401,104564,11,0
401,104565,12,0
401,104566,13,0
401,104567,14,0
401,104568,15,0
401,104509,16,0
401,104510,17,0
401,104511,18,0
401,104394,19,0
401,104395,20,0
401,104396,21,0
401,104397,22,0
401,104398,23,0
401,104399,24,0
401,104400,25,0
401,104401,26,0
401,104402,27,0
401,104403,28,0
401,104404,29,0
401,104405,30,0
401,104406,31,0
401,104407,32,0
401,104408,33,0
401,104409,34,0
401,104410,35,0
401,104411,36,0
401,104412,37,0
401,104413,38,0
401,104414,39,0
401,104415,40,0
401,104416,41,0
401,104417,42,1
500,104462,1,0
500,104466,2,0
500,104467,3,0
500,104468,4,0
500,104469,5,0
500,104470,6,0
500,104471,7,0
500,104472,8,0
500,104473,9,0
500,104474,10,0
500,104475,11,0
500,104476,12,0
500,104477,13,0
500,104478,14,0
500,104431,15,0
500,104432,16,0
500,104433,17,0
500,104434,18,0
500,104436,19,0
500,104453,20,0
500,104406,21,0
500,104439,22,0
500,104440,23,0
500,104559,24,0
500,104569,25,0
500,104570,26,0
500,104571,27,0
500,104572,28,0
500,104573,29,0
500,104574,30,0
500,104575,31,0
500,104576,32,0
500,104451,33,0
500,104452,34,0
500,104263,35,0
500,104264,36,0
500,104873,37,1
501,104873,1,0
501,104390,2,0
501,104391,3,0
501,104392,4,0
501,104393,5,0
501,104450,6,0
501,104560,7,0
501,104561,8,0
501,104562,9,0
501,104563,10,0
501,104564,11,0
501,104565,12,0
501,104566,13,0
501,104567,14,0
501,104568,15,0
501,104510,16,0
501,104511,17,0
501,104401,18,0
501,104402,19,0
501,104403,20,0
501,104404,21,0
501,104453,22,0
501,104406,23,0
501,104407,24,0
501,104408,25,0
501,104409,26,0
501,104410,27,0
501,104463,28,0
501,104464,29,0
501,104465,30,0
501,104454,31,0
501,104455,32,0
501,104456,33,0
501,104457,34,0
501,104458,35,0
501,104459,36,0
501,104460,37,0
501,104461,38,0
501,104462,39,1
601,104479,1,0
601,104390,2,0
601,104391,3,0
601,104392,4,0
601,104480,5,0
601,104481,6,0
601,104482,7,0
601,104483,8,0
601,104484,9,0
601,104485,10,0
601,104486,11,0
601,104487,12,0
601,104488,13,0
601,104489,14,0
601,104490,15,0
601,104491,16,0
601,104492,17,0
601,104493,18,0
601,104494,19,0
601,104495,20,0
601,104496,21,0
601,104497,22,0
601,104498,23,0
601,104499,24,0
601,104500,25,0
601,104508,26,0
601,104393,27,0
601,104501,28,0
601,104502,29,0
601,104503,30,0
601,104450,31,0
601,104451,32,0
601,104452,33,0
601,104263,34,0
601,104264,35,1
700,104534,1,0
700,104535,2,0
700,104536,3,0
700,104537,4,0
700,104422,5,0
700,104423,6,0
700,104538,7,0
700,104539,8,0
700,104540,9,0
700,104541,10,0
700,104542,11,0
700,104543,12,0
700,104544,13,0
700,104545,14,0
700,104546,15,0
700,104547,16,0
700,104548,17,0
700,104433,18,0
700,104434,19,0
700,104435,20,0
700,104436,21,0
700,104437,22,0
700,104438,23,0
700,104549,24,0
700,104550,25,0
700,104551,26,0
700,104552,27,0
700,104553,28,0
700,104554,29,0
700,104555,30,0
700,104556,31,0
700,104557,32,0
700,104558,33,0
700,104440,34,0
700,104559,35,0
700,104450,36,0
700,104451,37,0
700,104452,38,0
700,104263,39,0
700,104264,40,0
700,104504,41,1
701,104504,1,0
701,104505,2,0
701,104506,3,0
701,104507,4,0
701,104508,5,0
701,104393,6,0
701,104509,7,0
701,104510,8,0
701,104511,9,0
701,104401,10,0
701,104402,11,0
701,104403,12,0
701,104404,13,0
701,104512,14,0
701,104406,15,0
701,104439,16,0
701,104513,17,0
701,104514,18,0
701,104515,19,0
701,104516,20,0
701,104517,21,0
701,104518,22,0
701,104519,23,0
701,104520,24,0
701,104521,25,0
701,104522,26,0
701,104523,27,0
701,104524,28,0
701,104525,29,0
701,104526,30,0
701,104527,31,0
701,104528,32,0
701,104529,33,0
701,104530,34,0
701,104531,35,0
701,104532,36,0
701,104533,37,0
701,104534,38,1
800,104558,1,0
800,104559,2,0
800,104569,3,0
800,104570,4,0
800,104571,5,0
800,104572,6,0
800,104573,7,0
800,104574,8,0
800,104575,9,0
800,104576,10,0
800,104451,11,0
800,104452,12,0
800,104263,13,0
800,104264,14,0
800,104479,15,1
801,104479,1,0
801,104505,2,0
801,104506,3,0
801,104507,4,0
801,104508,5,0
801,104393,6,0
801,104450,7,0
801,104560,8,0
801,104561,9,0
801,104562,10,0
801,104563,11,0
801,104564,12,0
801,104565,13,0
801,104566,14,0
801,104567,15,0
801,104568,16,0
801,104510,17,0
801,104511,18,0
801,104401,19,0
801,104513,20,0
801,104558,21,1
900,104585,1,0
900,104586,2,0
900,104587,3,0
900,104588,4,0
900,104589,5,0
900,104590,6,0
900,104591,7,0
900,104592,8,0
900,104593,9,0
900,104594,10,0
900,104595,11,0
900,104596,12,0
900,104597,13,0
900,104598,14,0
900,104599,15,0
900,104600,16,0
900,104601,17,0
900,104602,18,0
900,104603,19,0
900,104604,20,0
900,104605,21,0
900,104606,22,0
900,104607,23,0
900,104608,24,0
900,104555,25,0
900,104556,26,0
900,104557,27,0
900,104402,28,0
900,104609,29,0
900,104436,30,0
900,104437,31,0
900,104406,32,0
900,104439,33,0
900,104440,34,0
900,104441,35,0
900,104442,36,0
900,104443,37,0
900,104444,38,0
900,104445,39,0
900,104446,40,0
900,104447,41,0
900,104448,42,0
900,104449,43,0
900,104559,44,0
900,104450,45,0
900,104451,46,0
900,104452,47,0
900,104263,48,0
900,104264,49,0
900,104577,50,1
901,104577,1,0
901,104390,2,0
901,104391,3,0
901,104392,4,0
901,104393,5,0
901,104394,6,0
901,104395,7,0
901,104396,8,0
901,104397,9,0
901,104398,10,0
901,104399,11,0
901,104400,12,0
901,104509,13,0
901,104510,14,0
901,104511,15,0
901,104401,16,0
901,104402,17,0
901,104403,18,0
901,104404,19,0
901,104578,20,0
901,104406,21,0
901,104439,22,0
901,104513,23,0
901,104514,24,0
901,104515,25,0
901,104579,26,0
901,104580,27,0
901,104581,28,0
901,104582,29,0
901,104583,30,0
901,104584,31,0
901,104585,32,1
1000,104614,1,0
1000,104252,2,0
1000,104253,3,0
1000,104254,4,0
1000,104255,5,0
1000,104256,6,0
1000,104257,7,0
1000,104258,8,0
1000,104259,9,0
1000,104615,10,0
1000,104616,11,0
1000,104617,12,0
1000,104403,13,0
1000,104610,14,1
1001,104610,1,0
1001,104438,2,0
1001,104609,3,0
1001,104611,4,0
1001,104612,5,0
1001,104613,6,0
1001,104319,7,0
1001,104320,8,0
1001,104321,9,0
1001,104322,10,0
1001,104323,11,0
1001,104324,12,0
1001,104325,13,0
1001,104614,14,1
1300,104625,1,0
1300,104626,2,0
1300,104627,3,0
1300,104628,4,0
1300,104629,5,0
1300,104630,6,0
1300,104631,7,0
1300,104632,8,0
1300,104633,9,0
1300,104634,10,0
1300,104635,11,0
1300,104636,12,0
1300,104637,13,0
1300,104770,14,0
1300,104638,15,0
1300,104639,16,0
1300,104640,17,0
1300,104376,18,0
1300,104377,19,0
1300,104378,20,0
1300,104379,21,0
1300,104380,22,0
1300,104618,23,1
1301,104618,1,0
1301,104327,2,0
1301,104328,3,0
1301,104329,4,0
1301,104330,5,0
1301,104619,6,0
1301,104620,7,0
1301,104621,8,0
1301,104622,9,0
1301,104623,10,0
1301,104626,11,0
1301,104624,12,0
1301,104625,13,1
1400,104648,1,0
1400,104649,2,0
1400,104650,3,0
1400,104651,4,0
1400,104652,5,0
1400,104653,6,0
1400,104376,7,0
1400,104377,8,0
1400,104378,9,0
1400,104379,10,0
1400,104380,11,0
1400,104618,12,1
1401,104618,1,0
1401,104327,2,0
1401,104328,3,0
1401,104329,4,0
1401,104330,5,0
1401,104641,6,0
1401,104642,7,0
1401,104643,8,0
1401,104644,9,0
1401,104645,10,0
1401,104646,11,0
1401,104647,12,0
1401,104648,13,1
1600,104681,1,0
1600,104682,2,0
1600,104683,3,0
1600,104684,4,0
1600,104685,5,0
1600,104686,6,0
1600,104687,7,0
1600,104688,8,0
1600,104689,9,0
1600,104690,10,0
1600,104691,11,0
1600,104692,12,0
1600,104693,13,0
1600,104694,14,0
1600,104695,15,0
1600,104696,16,0
1600,104697,17,0
1600,104698,18,0
1600,104699,19,0
1600,104700,20,0
1600,104701,21,0
1600,104702,22,0
1600,104494,23,0
1600,104495,24,0
1600,104703,25,0
1600,104704,26,0
1600,104500,27,0
1600,104705,28,0
1600,104706,29,0
1600,104264,30,0
1600,104654,31,0
1600,104508,32,0
1600,104393,33,0
1600,104509,34,0
1600,104510,35,0
1600,104511,36,0
1600,104401,37,0
1600,104402,38,0
1600,104403,39,0
1600,104404,40,0
1600,104578,41,1
1601,104654,1,0
1601,104263,2,0
1601,104655,3,0
1601,104656,4,0
1601,104657,5,0
1601,104658,6,0
1601,104659,7,0
1601,104660,8,0
1601,104661,9,0
1601,104662,10,0
1601,104663,11,0
1601,104664,12,0
1601,104665,13,0
1601,104666,14,0
1601,104667,15,0
1601,104668,16,0
1601,104669,17,0
1601,104670,18,0
1601,104671,19,0
1601,104672,20,0
1601,104673,21,0
1601,104674,22,0
1601,104675,23,0
1601,104676,24,0
1601,104677,25,0
1601,104678,26,0
1601,104679,27,0
1601,104680,28,0
1601,104681,29,1
1700,104747,1,0
1700,104748,2,0
1700,104749,3,0
1700,104750,4,0
1700,104751,5,0
1700,104752,6,0
1700,104753,7,0
1700,104754,8,0
1700,104755,9,0
1700,104756,10,0
1700,104757,11,0
1700,104758,12,0
1700,104759,13,0
1700,104714,14,0
1700,104715,15,0
1700,104716,16,0
1700,104717,17,0
1700,104718,18,0
1700,104719,19,0
1700,104720,20,0
1700,104721,21,0
1700,104722,22,0
1700,104723,23,0
1700,104724,24,0
1700,104725,25,0
1700,104726,26,0
1700,104727,27,0
1700,104728,28,0
1700,104729,29,0
1700,104730,30,0
1700,104731,31,0
1700,104732,32,0
1700,104743,33,0
1700,104760,34,0
1700,104761,35,0
1700,104762,36,0
1700,104763,37,0
1700,104764,38,0
1700,104765,39,0
1700,104766,40,0
1700,104691,41,0
1700,104692,42,0
1700,104693,43,0
1700,104694,44,0
1700,104695,45,0
1700,104696,46,0
1700,104697,47,0
1700,104698,48,0
1700,104699,49,0
1700,104700,50,0
1700,104701,51,0
1700,104767,52,0
1700,104768,53,0
1700,104769,54,0
1700,104654,55,1
1701,104654,1,0
1701,104263,2,0
1701,104655,3,0
1701,104656,4,0
1701,104657,5,0
1701,104658,6,0
1701,104659,7,0
1701,104660,8,0
1701,104661,9,0
1701,104662,10,0
1701,104663,11,0
1701,104664,12,0
1701,104665,13,0
1701,104666,14,0
1701,104667,15,0
1701,104668,16,0
1701,104669,17,0
1701,104707,18,0
1701,104708,19,0
1701,104709,20,0
1701,104710,21,0
1701,104711,22,0
1701,104712,23,0
1701,104713,24,0
1701,104714,25,0
1701,104715,26,0
1701,104716,27,0
1701,104717,28,0
1701,104718,29,0
1701,104719,30,0
1701,104720,31,0
1701,104721,32,0
1701,104722,33,0
1701,104723,34,0
1701,104724,35,0
1701,104725,36,0
1701,104726,37,0
1701,104727,38,0
1701,104728,39,0
1701,104729,40,0
1701,104730,41,0
1701,104731,42,0
1701,104732,43,0
1701,104733,44,0
1701,104734,45,0
1701,104735,46,0
1701,104736,47,0
1701,104737,48,0
1701,104738,49,0
1701,104739,50,0
1701,104740,51,0
1701,104741,52,0
1701,104742,53,0
1701,104743,54,0
1701,104744,55,0
1701,104745,56,0
1701,104746,57,0
1701,104747,58,1
